0 0.178711 0.868571 0.0390625 0.0609524 0.399658
0 0.680664 0.800952 0.0332031 0.04 0.426025
0 0.729492 0.886667 0.0410156 0.0438095 0.540039
1 0.929688 0.0704762 0.105469 0.125714 0.556152
1 0.948242 0.173333 0.103516 0.106667 0.577148
0 0.733398 0.795238 0.0371094 0.0438095 0.614746
0 0.650391 0.748571 0.0351562 0.0380952 0.665039
0 0.966797 0.764762 0.0390625 0.0438095 0.711914
0 0.726074 0.84 0.0380859 0.0419048 0.760254
0 0.5 0.957143 0.0351562 0.0857143 0.776367
0 0.478027 0.793333 0.0361328 0.04 0.790039
0 0.67627 0.877143 0.0400391 0.0361905 0.813477
0 0.985352 0.929524 0.0292969 0.072381 0.835938
0 0.855469 0.140952 0.0371094 0.0685714 0.841309
0 0.47168 0.741905 0.0371094 0.0361905 0.843262
0 0.788574 0.799048 0.0361328 0.0361905 0.845703
0 0.527832 0.748571 0.0400391 0.0380952 0.84668
0 0.932617 0.899048 0.0371094 0.0647619 0.850586
0 0.702637 0.746667 0.0361328 0.0380952 0.852051
0 0.779785 0.755238 0.0498047 0.047619 0.854492
0 0.556641 0.853333 0.0449219 0.0609524 0.856934
0 0.62207 0.881905 0.0410156 0.0419048 0.857422
0 0.581543 0.80381 0.0361328 0.0380952 0.858398
0 0.414062 0.748571 0.0332031 0.0342857 0.86084
0 0.575195 0.899048 0.0449219 0.0609524 0.862793
0 0.527832 0.814286 0.0400391 0.04 0.865723
0 0.577148 0.742857 0.0410156 0.0380952 0.867676
0 0.950684 0.875238 0.0419922 0.0704762 0.874023
0 0.871094 0.829524 0.0429688 0.0590476 0.898438
0 0.895996 0.781905 0.0380859 0.0552381 0.922852
