0 0.680664 0.800952 0.03125 0.0361905 0.424072
0 0.651855 0.747619 0.0341797 0.0361905 0.476318
0 0.729492 0.887619 0.0390625 0.0419048 0.693848
0 0.967773 0.764762 0.0390625 0.04 0.703613
1 0.94043 0.159048 0.111328 0.11619 0.736816
0 0.740234 0.795238 0.0351562 0.04 0.747559
0 0.202637 0.848571 0.0361328 0.0552381 0.772949
0 0.98877 0.941905 0.0224609 0.0742857 0.787109
0 0.478516 0.792381 0.0351562 0.0419048 0.82373
0 0.67627 0.87619 0.0400391 0.0380952 0.833984
0 0.472168 0.740952 0.0380859 0.0342857 0.840332
0 0.942871 0.911429 0.0361328 0.0666667 0.843262
0 0.799316 0.801905 0.0361328 0.0380952 0.844238
0 0.958984 0.886667 0.0390625 0.0704762 0.845215
0 0.917969 0.222857 0.0527344 0.0685714 0.847656
0 0.742188 0.84 0.0390625 0.0419048 0.850098
0 0.84375 0.118095 0.0351562 0.0685714 0.851562
0 0.502441 0.951429 0.0361328 0.0857143 0.852051
0 0.563477 0.849524 0.0449219 0.0533333 0.854492
0 0.527344 0.746667 0.0390625 0.0380952 0.861816
0 0.575684 0.898095 0.0439453 0.0590476 0.862793
0 0.791016 0.75619 0.0488281 0.0457143 0.86377
0 0.581055 0.802857 0.0371094 0.04 0.865723
0 0.703125 0.745714 0.0351562 0.04 0.868164
0 0.529297 0.814286 0.0390625 0.04 0.872559
0 0.62207 0.880952 0.0410156 0.0438095 0.873047
0 0.416992 0.747619 0.0332031 0.0361905 0.874023
0 0.578613 0.741905 0.0400391 0.0361905 0.883789
0 0.911133 0.792381 0.0390625 0.0571429 0.893066
0 0.878906 0.835238 0.0429688 0.0590476 0.896484
