0 0.0478516 0.151429 0.046875 0.047619 0.250732
0 0.727051 0.793333 0.0361328 0.047619 0.273438
0 0.875977 0.027619 0.0410156 0.0552381 0.329102
0 0.492676 0.973333 0.0263672 0.0495238 0.458252
0 0.659668 0.839048 0.0400391 0.04 0.590332
0 0.912109 0.215238 0.0390625 0.0571429 0.625488
1 0.963867 0.187619 0.0683594 0.0780952 0.697266
0 0.0854492 0.968571 0.0380859 0.0628571 0.718262
0 0.967773 0.766667 0.0390625 0.0438095 0.731934
0 0.621582 0.880952 0.0400391 0.04 0.758789
0 0.57666 0.741905 0.0419922 0.0361905 0.76416
1 0.950684 0.0961905 0.0947266 0.104762 0.786621
0 0.478516 0.793333 0.0351562 0.0438095 0.788574
0 0.0620117 0.166667 0.0380859 0.047619 0.798828
0 0.676758 0.877143 0.0390625 0.0361905 0.816895
0 0.523438 0.814286 0.0390625 0.04 0.827148
0 0.575684 0.899048 0.0439453 0.0609524 0.835938
0 0.771484 0.8 0.0371094 0.0380952 0.835938
0 0.470703 0.740952 0.0371094 0.0342857 0.844238
0 0.52832 0.748571 0.0390625 0.0380952 0.847656
0 0.396484 0.749524 0.0332031 0.0361905 0.850098
0 0.702637 0.747619 0.0361328 0.04 0.859863
0 0.581543 0.80381 0.0361328 0.0380952 0.861816
0 0.899414 0.860952 0.0410156 0.0609524 0.868652
0 0.916992 0.825714 0.0410156 0.0628571 0.876465
0 0.965332 0.94381 0.0439453 0.0780952 0.878906
0 0.758301 0.751429 0.0478516 0.0438095 0.881836
0 0.530273 0.867619 0.0449219 0.0704762 0.887695
0 0.847168 0.755238 0.0361328 0.0438095 0.890137
0 0.813965 0.0438095 0.0400391 0.0876191 0.896973
0 0.836914 0.807619 0.0390625 0.0457143 0.898438
0 0.96875 0.895238 0.0390625 0.0685714 0.924805
