0 0.647949 0.749524 0.0341797 0.0361905 0.390137
0 0.682129 0.80381 0.0341797 0.0380952 0.586426
0 0.495605 0.964762 0.0322266 0.0704762 0.602539
1 0.943359 0.0904762 0.109375 0.131429 0.654297
0 0.689453 0.840952 0.0351562 0.032381 0.67334
0 0.0244141 0.182857 0.0371094 0.0380952 0.711914
0 0.728516 0.793333 0.0371094 0.0438095 0.732422
1 0.953613 0.180952 0.0908203 0.0952381 0.75293
0 0.967773 0.765714 0.0390625 0.0419048 0.780762
0 0.577148 0.741905 0.0410156 0.0361905 0.791504
0 0.477539 0.792381 0.0351562 0.0419048 0.797852
0 0.676758 0.877143 0.0390625 0.0361905 0.808594
0 0.472168 0.741905 0.0380859 0.0361905 0.81543
0 0.974609 0.255238 0.046875 0.0495238 0.822266
0 0.52832 0.747619 0.0390625 0.0361905 0.831543
0 0.621582 0.880952 0.0400391 0.04 0.835449
0 0.881348 0.181905 0.0380859 0.0590476 0.839355
0 0.980957 0.965714 0.0380859 0.0685714 0.84668
0 0.576172 0.899048 0.0429688 0.0609524 0.847656
0 0.775391 0.799048 0.0351562 0.0361905 0.85498
0 0.702637 0.747619 0.0361328 0.04 0.85791
0 0.525879 0.813333 0.0400391 0.0419048 0.860352
0 0.407227 0.749524 0.0332031 0.0361905 0.861328
0 0.582031 0.802857 0.0351562 0.0361905 0.862793
0 0.936035 0.850476 0.0419922 0.0704762 0.881836
0 0.763672 0.753333 0.046875 0.0438095 0.884766
0 0.853516 0.818095 0.0390625 0.0514286 0.886719
0 0.916504 0.877143 0.0380859 0.0628571 0.889648
0 0.131836 0.909524 0.0351562 0.0552381 0.895996
0 0.979492 0.913333 0.0390625 0.0704762 0.901367
0 0.869629 0.765714 0.0361328 0.0457143 0.908691
0 0.542969 0.86 0.046875 0.0666667 0.90918
