0 0.667969 0.787619 0.0429688 0.0361905 0.287598
0 0.874023 0.0238095 0.0371094 0.047619 0.296875
0 0.676758 0.805714 0.0332031 0.0342857 0.307129
0 0.807617 0.0304762 0.0332031 0.0609524 0.393799
0 0.494141 0.968571 0.0292969 0.0628571 0.521484
0 0.728027 0.793333 0.0361328 0.047619 0.584473
0 0.675293 0.840952 0.0361328 0.032381 0.65625
0 0.967773 0.765714 0.0390625 0.0419048 0.708496
0 0.62207 0.881905 0.0410156 0.0380952 0.75293
1 0.947266 0.0914286 0.101562 0.110476 0.773926
0 0.577148 0.741905 0.0410156 0.0361905 0.775391
1 0.959473 0.182857 0.0791016 0.0838095 0.778809
0 0.676758 0.878095 0.0390625 0.0342857 0.778809
0 0.478516 0.793333 0.0351562 0.04 0.796387
0 0.575684 0.898095 0.0439453 0.0590476 0.800781
0 0.47168 0.740952 0.0371094 0.0342857 0.814453
0 0.896484 0.199048 0.0390625 0.0590476 0.835938
0 0.98584 0.260952 0.0283203 0.0457143 0.838379
0 0.52832 0.748571 0.0390625 0.0380952 0.851562
0 0.907715 0.868571 0.0380859 0.0609524 0.854492
0 0.703125 0.747619 0.0351562 0.04 0.859863
0 0.772949 0.799048 0.0361328 0.0361905 0.86084
0 0.581543 0.802857 0.0361328 0.0361905 0.865723
0 0.927246 0.838095 0.0400391 0.0647619 0.870605
0 0.401855 0.749524 0.0322266 0.032381 0.871094
0 0.524902 0.814286 0.0400391 0.04 0.873535
0 0.856445 0.758095 0.0371094 0.0457143 0.884766
0 0.108887 0.93619 0.0341797 0.0590476 0.885742
0 0.84375 0.810476 0.0429688 0.0514286 0.88623
0 0.760254 0.752381 0.0478516 0.0457143 0.888672
0 0.536133 0.86381 0.0449219 0.0666667 0.88916
0 0.975098 0.958095 0.0439453 0.08 0.900879
0 0.974121 0.90381 0.0400391 0.0704762 0.908691
