0 0.0288086 0.0847619 0.0458984 0.047619 0.263184
0 0.976562 0.197143 0.0449219 0.0666667 0.268555
0 0.943359 0.24 0.0390625 0.0457143 0.425781
0 0.577148 0.741905 0.0410156 0.0361905 0.450439
1 0.976562 0.197143 0.046875 0.0704762 0.611328
0 0.636719 0.842857 0.0351562 0.0361905 0.702637
0 0.0981445 0.141905 0.0380859 0.0590476 0.703613
0 0.477051 0.792381 0.0322266 0.0342857 0.714844
0 0.034668 0.104762 0.0419922 0.0495238 0.738281
0 0.96875 0.764762 0.0371094 0.0361905 0.73877
0 0.885742 0.846667 0.0410156 0.0590476 0.782227
0 0.768555 0.797143 0.0371094 0.0361905 0.793945
0 0.899414 0.806667 0.0410156 0.0590476 0.808105
0 0.527344 0.749524 0.0390625 0.0361905 0.808594
0 0.677246 0.878095 0.0380859 0.0342857 0.810059
0 0.468262 0.741905 0.0361328 0.032381 0.81543
0 0.703125 0.747619 0.0351562 0.0361905 0.820801
1 0.959961 0.105714 0.0800781 0.0857143 0.825195
0 0.522461 0.815238 0.0390625 0.0380952 0.840332
0 0.520996 0.879048 0.0458984 0.0819048 0.849609
0 0.581543 0.802857 0.0361328 0.0361905 0.855469
0 0.383789 0.750476 0.0332031 0.0342857 0.855957
0 0.823242 0.8 0.0410156 0.0457143 0.860352
0 0.621582 0.880952 0.0400391 0.04 0.861816
0 0.947754 0.914286 0.0458984 0.0761905 0.875977
0 0.575195 0.899048 0.0449219 0.0609524 0.876953
0 0.957031 0.878095 0.0390625 0.0685714 0.87793
0 0.836426 0.752381 0.0361328 0.0419048 0.878906
0 0.757324 0.750476 0.0478516 0.0457143 0.883301
0 0.882324 0.0352381 0.0419922 0.0704762 0.899902
0 0.833496 0.0980952 0.0439453 0.0895238 0.938965
