0 0.727051 0.795238 0.0341797 0.0438095 0.290771
0 0.0703125 0.129524 0.0390625 0.0419048 0.337891
0 0.125 0.052381 0.0429688 0.0666667 0.36084
0 0.0166016 0.111429 0.0332031 0.0438095 0.707031
0 0.928711 0.230476 0.0390625 0.0495238 0.713379
1 0.971191 0.192381 0.0576172 0.072381 0.739746
0 0.878906 0.0314286 0.0429688 0.0628571 0.744141
0 0.0810547 0.154286 0.0390625 0.0533333 0.744629
0 0.478027 0.792381 0.0341797 0.0380952 0.755859
0 0.645996 0.839048 0.0380859 0.0361905 0.757324
0 0.62207 0.882857 0.0410156 0.04 0.757812
0 0.677734 0.878095 0.0390625 0.0342857 0.769531
0 0.96875 0.766667 0.0390625 0.04 0.771484
0 0.527344 0.747619 0.0390625 0.0361905 0.825195
0 0.469727 0.741905 0.0371094 0.0361905 0.82666
0 0.577148 0.741905 0.0410156 0.0361905 0.833496
0 0.892578 0.851429 0.0390625 0.0609524 0.845215
1 0.955566 0.101905 0.0888672 0.0971429 0.846191
0 0.523438 0.814286 0.0390625 0.04 0.84668
0 0.703125 0.749524 0.0351562 0.04 0.850098
0 0.524902 0.872381 0.0458984 0.0761905 0.853516
0 0.581543 0.802857 0.0361328 0.0361905 0.855469
0 0.770508 0.798095 0.0371094 0.0380952 0.855957
0 0.575195 0.899048 0.0449219 0.0609524 0.856445
0 0.90625 0.815238 0.0390625 0.0571429 0.861816
0 0.830078 0.802857 0.0390625 0.047619 0.86377
0 0.389648 0.750476 0.0332031 0.0342857 0.873535
0 0.839844 0.752381 0.0371094 0.0419048 0.88623
0 0.757812 0.751429 0.046875 0.0438095 0.887695
0 0.962402 0.885714 0.0400391 0.072381 0.904297
0 0.956543 0.925714 0.0439453 0.0761905 0.917969
0 0.82373 0.0714286 0.0439453 0.0895238 0.919922
