1 0.910645 0.0561905 0.0986328 0.112381 0.34668
0 0.996582 0.95619 0.00683594 0.0685714 0.353271
0 0.967773 0.764762 0.0390625 0.04 0.608887
0 0.755859 0.796191 0.0351562 0.0419048 0.618652
0 0.652832 0.746667 0.0341797 0.0380952 0.647461
1 0.927246 0.147619 0.114258 0.12381 0.700195
0 0.681641 0.8 0.0332031 0.0380952 0.708496
0 0.960449 0.937143 0.0341797 0.0647619 0.811523
0 0.478027 0.792381 0.0361328 0.0419048 0.821777
0 0.506348 0.937143 0.0400391 0.0876191 0.822266
0 0.67627 0.87619 0.0400391 0.0380952 0.828613
0 0.780273 0.844762 0.0410156 0.047619 0.832031
0 0.585449 0.740952 0.0400391 0.0380952 0.833984
0 0.88623 0.189524 0.0517578 0.0742857 0.843262
0 0.471191 0.741905 0.0380859 0.0361905 0.844238
0 0.707031 0.745714 0.0351562 0.0361905 0.848145
0 0.581543 0.80381 0.0380859 0.0380952 0.848633
0 0.576172 0.847619 0.0449219 0.0495238 0.852539
0 0.124512 0.118095 0.0439453 0.0685714 0.855469
0 0.42041 0.747619 0.0322266 0.0361905 0.85791
0 0.575684 0.898095 0.0439453 0.0590476 0.858398
0 0.97168 0.908571 0.0390625 0.0685714 0.864746
0 0.250488 0.822857 0.0361328 0.0457143 0.868164
0 0.530273 0.814286 0.0390625 0.04 0.869141
0 0.527344 0.747619 0.0390625 0.04 0.869141
0 0.824219 0.808571 0.0371094 0.04 0.873047
0 0.814453 0.76 0.0488281 0.0495238 0.882324
0 0.62207 0.880952 0.0410156 0.04 0.887695
0 0.822754 0.0695238 0.0341797 0.0742857 0.88916
0 0.935547 0.817143 0.0390625 0.0609524 0.896973
0 0.895996 0.851429 0.0419922 0.0647619 0.925781
