0 0.991699 0.965714 0.0166016 0.0685714 0.370605
0 0.818848 0.809524 0.0400391 0.0419048 0.37915
1 0.942871 0.0780952 0.0830078 0.110476 0.430664
0 0.686523 0.747619 0.0332031 0.0361905 0.515625
0 0.71582 0.802857 0.0332031 0.0361905 0.592773
0 0.967773 0.766667 0.0390625 0.0438095 0.687012
1 0.892578 0.105714 0.101562 0.150476 0.73291
0 0.472656 0.744762 0.0390625 0.0380952 0.777832
0 0.48584 0.794286 0.0341797 0.0380952 0.782227
0 0.676758 0.87619 0.0390625 0.0380952 0.833984
0 0.575195 0.899048 0.0429688 0.0609524 0.835938
0 0.60498 0.741905 0.0400391 0.04 0.843262
0 0.601074 0.84381 0.0439453 0.0495238 0.84668
0 0.422363 0.747619 0.0322266 0.0361905 0.847168
0 0.529785 0.748571 0.0400391 0.0380952 0.851562
0 0.581543 0.80381 0.0361328 0.0380952 0.852539
0 0.62207 0.881905 0.0410156 0.0419048 0.854004
0 0.362305 0.805714 0.0332031 0.0342857 0.859863
0 0.751953 0.746667 0.0351562 0.0380952 0.859863
0 0.857422 0.880952 0.0390625 0.0514286 0.862305
0 0.533203 0.815238 0.0390625 0.0380952 0.865723
0 0.516113 0.918095 0.0400391 0.0838095 0.878418
0 0.987305 0.898095 0.0253906 0.0742857 0.878418
0 0.885742 0.842857 0.0410156 0.0590476 0.897461
0 0.824219 0.0742857 0.0488281 0.102857 0.902344
0 0.935059 0.901905 0.0439453 0.0704762 0.911133
0 0.872559 0.784762 0.0517578 0.0647619 0.925293
