0 0.694824 0.784762 0.0498047 0.0380952 0.289062
0 0.681641 0.751429 0.0410156 0.04 0.427734
1 0.898438 0.114286 0.101562 0.148571 0.523438
0 0.967773 0.764762 0.0371094 0.04 0.727539
0 0.0366211 0.177143 0.0419922 0.0495238 0.76709
0 0.575684 0.899048 0.0439453 0.0609524 0.800293
0 0.599609 0.741905 0.0410156 0.0361905 0.812012
0 0.67627 0.87619 0.0400391 0.0380952 0.816406
0 0.343262 0.805714 0.0322266 0.0342857 0.819336
0 0.483887 0.794286 0.0341797 0.0380952 0.820312
0 0.472168 0.742857 0.0380859 0.0342857 0.839355
0 0.422363 0.747619 0.0341797 0.0361905 0.845703
0 0.52832 0.748571 0.0390625 0.0380952 0.849609
0 0.59668 0.84381 0.0429688 0.0495238 0.852539
0 0.581543 0.80381 0.0361328 0.0380952 0.852539
0 0.622559 0.881905 0.0400391 0.0419048 0.865723
0 0.532715 0.815238 0.0400391 0.0419048 0.865723
0 0.844727 0.872381 0.0371094 0.0533333 0.867188
0 0.833496 0.1 0.0498047 0.0971429 0.87207
0 0.738281 0.746667 0.0351562 0.0380952 0.881348
0 0.980469 0.877143 0.0371094 0.0666667 0.891113
0 0.861816 0.777143 0.0517578 0.0609524 0.893555
0 0.514648 0.920952 0.0410156 0.0857143 0.89502
0 0.92627 0.888571 0.0439453 0.0704762 0.897461
0 0.875 0.834286 0.0410156 0.0533333 0.904785
