0 0.730469 0.887619 0.0390625 0.0419048 0.318604
0 0.0493164 0.147619 0.0498047 0.0514286 0.433838
0 0.932129 0.229524 0.0458984 0.0590476 0.452637
0 0.782715 0.793333 0.0537109 0.0552381 0.4646
0 0.0600586 0.169524 0.0439453 0.0533333 0.486084
0 0.98584 0.219048 0.0283203 0.0419048 0.599121
0 0.695312 0.800952 0.0371094 0.0361905 0.631836
0 0.688965 0.784762 0.0400391 0.0380952 0.677246
0 0.967773 0.766667 0.0410156 0.0438095 0.679199
0 0.669922 0.750476 0.0351562 0.0380952 0.697266
0 0.983398 0.935238 0.0332031 0.08 0.703613
1 0.90625 0.125714 0.107422 0.137143 0.775391
0 0.983398 0.972381 0.0332031 0.0552381 0.793945
0 0.59668 0.741905 0.0410156 0.0361905 0.797852
0 0.67627 0.877143 0.0400391 0.0361905 0.821289
0 0.481934 0.793333 0.0361328 0.04 0.822754
0 0.826172 0.861905 0.046875 0.0590476 0.826172
0 0.575684 0.899048 0.0439453 0.0609524 0.834473
0 0.47168 0.741905 0.0371094 0.0361905 0.839355
0 0.422363 0.748571 0.0341797 0.0342857 0.851074
0 0.581543 0.80381 0.0361328 0.0380952 0.851562
0 0.527344 0.748571 0.0390625 0.0380952 0.857422
0 0.59082 0.844762 0.0429688 0.047619 0.865723
0 0.53125 0.814286 0.0390625 0.04 0.868164
0 0.726562 0.746667 0.0351562 0.0380952 0.870605
0 0.320801 0.808571 0.0322266 0.0361905 0.872559
0 0.621582 0.881905 0.0400391 0.0419048 0.877441
0 0.844727 0.124762 0.0488281 0.0971429 0.87793
0 0.863281 0.825714 0.0410156 0.0514286 0.888672
0 0.512695 0.922857 0.0410156 0.0895238 0.891113
0 0.847656 0.772381 0.0527344 0.0590476 0.89209
0 0.918945 0.877143 0.0410156 0.0666667 0.910645
0 0.96875 0.859048 0.0371094 0.0647619 0.912598
