0 0.962891 0.901905 0.0390625 0.0628571 0.406738
0 0.985352 0.0742857 0.0292969 0.0533333 0.470459
0 0.989746 0.274286 0.0205078 0.0380952 0.590332
0 0.833496 0.808571 0.0380859 0.047619 0.616211
0 0.644531 0.747619 0.0390625 0.04 0.652832
0 0.67627 0.877143 0.0400391 0.0361905 0.733398
0 0.621582 0.880952 0.0400391 0.04 0.758301
0 0.967773 0.764762 0.0371094 0.0361905 0.772949
0 0.561523 0.741905 0.0390625 0.0361905 0.782715
0 0.747559 0.739048 0.0400391 0.0380952 0.817871
0 0.932129 0.181905 0.0380859 0.0514286 0.819336
0 0.503418 0.798095 0.0341797 0.0342857 0.826172
0 0.576172 0.898095 0.0429688 0.0590476 0.83252
0 0.453613 0.807619 0.0322266 0.0342857 0.839844
0 0.570312 0.817143 0.0390625 0.0380952 0.845215
0 0.983887 0.213333 0.0322266 0.0457143 0.849609
0 0.637695 0.801905 0.0371094 0.0380952 0.862305
0 0.718262 0.812381 0.0419922 0.0438095 0.869141
0 0.841309 0.75619 0.0400391 0.0457143 0.871094
0 0.946777 0.142857 0.0419922 0.0533333 0.873535
0 0.876465 0.113333 0.0439453 0.0780952 0.878418
0 0.0322266 0.117143 0.0429688 0.0514286 0.882324
0 0.532227 0.893333 0.0410156 0.0761905 0.884277
0 0.854004 0.140952 0.0361328 0.0685714 0.885254
0 0.898438 0.0838095 0.0429688 0.08 0.891602
0 0.430664 0.747619 0.0332031 0.0361905 0.891602
0 0.921875 0.826667 0.0390625 0.0609524 0.90332
