0 0.855957 0.82 0.0341797 0.0438095 0.550293
0 0.989258 0.955238 0.0214844 0.0780952 0.653809
0 0.676758 0.877143 0.0390625 0.0361905 0.730469
0 0.621582 0.880952 0.0400391 0.04 0.739746
0 0.979492 0.0695238 0.0410156 0.0552381 0.750488
0 0.587891 0.74381 0.0390625 0.0361905 0.793945
0 0.575684 0.899048 0.0419922 0.0609524 0.812988
0 0.96875 0.765714 0.0390625 0.0380952 0.813477
0 0.45752 0.806667 0.0341797 0.0361905 0.822754
0 0.516602 0.797143 0.0371094 0.0361905 0.824707
0 0.871094 0.770476 0.0371094 0.0514286 0.835449
0 0.971191 0.265714 0.0439453 0.047619 0.850586
0 0.916016 0.165714 0.0390625 0.0571429 0.857422
0 0.591797 0.817143 0.0390625 0.0380952 0.862305
0 0.658691 0.800952 0.0380859 0.04 0.864258
0 0.973145 0.206667 0.0419922 0.047619 0.865723
0 0.747559 0.808571 0.0439453 0.04 0.868164
0 0.449707 0.747619 0.0322266 0.032381 0.871094
0 0.775391 0.739048 0.0390625 0.0380952 0.872559
0 0.537109 0.885714 0.0429688 0.072381 0.885742
0 0.830566 0.0895238 0.0341797 0.072381 0.887207
0 0.88623 0.0666667 0.0439453 0.08 0.897949
0 0.933594 0.129524 0.0429688 0.0609524 0.899902
0 0.86084 0.0876191 0.0419922 0.0838095 0.900391
0 0.947266 0.86 0.0390625 0.0628571 0.901855
