0 0.703125 0.00952381 0.0253906 0.0190476 0.320312
1 0.864258 0.0714286 0.09375 0.142857 0.520996
0 0.0810547 0.142857 0.0371094 0.0495238 0.575195
0 0.768555 0.796191 0.0332031 0.0380952 0.671875
0 0.967773 0.766667 0.0371094 0.04 0.740234
0 0.743164 0.745714 0.0332031 0.0361905 0.751953
0 0.490723 0.796191 0.0322266 0.0342857 0.786133
0 0.656738 0.740952 0.0400391 0.0419048 0.786133
0 0.98877 0.168571 0.0224609 0.04 0.798828
0 0.576172 0.898095 0.0429688 0.0590476 0.808594
0 0.427246 0.806667 0.0322266 0.032381 0.8125
0 0.988281 0.215238 0.0234375 0.0380952 0.816895
0 0.825195 0.0876191 0.0390625 0.0838095 0.819336
0 0.484863 0.740952 0.0361328 0.0342857 0.821777
0 0.958008 0.0952381 0.0371094 0.0533333 0.833008
0 0.949707 0.257143 0.0361328 0.0457143 0.833984
0 0.67627 0.87619 0.0400391 0.0380952 0.836914
0 0.565918 0.746667 0.0400391 0.0380952 0.84668
0 0.928711 0.181905 0.0449219 0.0628571 0.84668
0 0.629395 0.835238 0.0439453 0.047619 0.847656
0 0.62207 0.881905 0.0410156 0.0419048 0.851074
0 0.422363 0.748571 0.0322266 0.0342857 0.855469
0 0.941406 0.132381 0.0449219 0.0590476 0.855469
0 0.980469 0.967619 0.0390625 0.0647619 0.856445
0 0.537598 0.815238 0.0400391 0.0380952 0.859375
0 0.822754 0.76381 0.0380859 0.0419048 0.871582
0 0.873535 0.831429 0.0380859 0.0552381 0.881836
0 0.52002 0.912381 0.0400391 0.08 0.885254
0 0.583984 0.80381 0.0371094 0.0380952 0.886719
0 0.93457 0.895238 0.0410156 0.0647619 0.89502
0 0.90625 0.924762 0.0390625 0.0628571 0.90332
0 0.936035 0.837143 0.0498047 0.0819048 0.922852
