0 0.77002 0.747619 0.0361328 0.0361905 0.644043
0 0.576172 0.898095 0.0429688 0.0590476 0.739258
0 0.5 0.740952 0.0390625 0.0342857 0.749512
0 0.62207 0.881905 0.0410156 0.0419048 0.755859
0 0.492676 0.796191 0.0341797 0.0380952 0.772461
0 0.967773 0.764762 0.0371094 0.0361905 0.795898
0 0.918945 0.232381 0.0371094 0.0533333 0.803711
0 0.677246 0.877143 0.0400391 0.0361905 0.812012
0 0.780273 0.790476 0.0507812 0.0495238 0.812988
0 0.586914 0.747619 0.0390625 0.0361905 0.821777
0 0.976562 0.209524 0.0371094 0.0419048 0.825195
0 0.911621 0.16381 0.0458984 0.0685714 0.826172
0 0.981445 0.165714 0.0371094 0.0457143 0.831543
0 0.0341797 0.170476 0.0351562 0.04 0.834473
0 0.921875 0.946667 0.0429688 0.0685714 0.840332
0 0.933594 0.0704762 0.0390625 0.0571429 0.844238
0 0.438477 0.806667 0.0332031 0.0361905 0.848145
0 0.681152 0.739048 0.0400391 0.0380952 0.852539
0 0.89209 0.84381 0.0380859 0.0571429 0.856934
0 0.850586 0.774286 0.0390625 0.047619 0.859375
0 0.422363 0.748571 0.0322266 0.0342857 0.859863
0 0.592773 0.80381 0.0371094 0.0380952 0.860352
0 0.540527 0.81619 0.0380859 0.0361905 0.860352
0 0.648438 0.828571 0.0449219 0.0495238 0.867676
0 0.927246 0.119048 0.0458984 0.0666667 0.884277
0 0.144531 0.0333333 0.0429688 0.0666667 0.898438
0 0.521973 0.908571 0.0419922 0.08 0.90332
0 0.954102 0.92381 0.0390625 0.0685714 0.910645
0 0.967285 0.878095 0.0517578 0.0876191 0.920898
