0 0.640625 0.799048 0.0371094 0.0361905 0.751465
0 0.967773 0.764762 0.0371094 0.0361905 0.770508
0 0.518555 0.806667 0.0332031 0.032381 0.798828
0 0.917969 0.808571 0.0371094 0.0590476 0.815918
0 0.936523 0.0314286 0.0449219 0.0628571 0.816895
0 0.676758 0.87619 0.0390625 0.0380952 0.822266
0 0.621582 0.880952 0.0400391 0.04 0.82959
0 0.708008 0.739048 0.0371094 0.0342857 0.838867
0 0.585449 0.744762 0.0341797 0.0342857 0.839844
0 0.695312 0.82 0.0390625 0.04 0.841797
0 0.848633 0.820952 0.0449219 0.0495238 0.84375
0 0.98584 0.274286 0.0283203 0.0419048 0.854492
0 0.750488 0.8 0.0361328 0.0380952 0.858887
0 0.575684 0.899048 0.0439453 0.0609524 0.86084
0 0.971191 0.207619 0.0439453 0.0495238 0.86084
0 0.958008 0.149524 0.0410156 0.047619 0.862793
0 0.87207 0.0333333 0.0390625 0.0666667 0.868164
0 0.561035 0.861905 0.0439453 0.0628571 0.868164
0 0.872559 0.765714 0.0419922 0.0533333 0.872559
0 0.896973 0.847619 0.0400391 0.0571429 0.873535
0 0.894531 0.134286 0.0410156 0.0704762 0.888184
0 0.847168 0.14 0.0419922 0.0780952 0.904785
0 0.936523 0.0790476 0.0449219 0.0666667 0.906738
0 0.847656 0.0514286 0.0351562 0.072381 0.908691
