0 0.939941 0.94 0.0322266 0.0628571 0.250732
0 0.996094 0.225714 0.0078125 0.0552381 0.309814
0 0.875 0.766667 0.0429688 0.0514286 0.528809
0 0.868164 0.0238095 0.03125 0.047619 0.567383
0 0.650879 0.799048 0.0361328 0.04 0.695312
0 0.917969 0.808571 0.0351562 0.0590476 0.741211
0 0.62207 0.880952 0.0410156 0.04 0.798828
0 0.967773 0.76381 0.0371094 0.0380952 0.801758
0 0.703613 0.82 0.0400391 0.04 0.803223
0 0.93457 0.0295238 0.0449219 0.0590476 0.811035
0 0.67627 0.87619 0.0400391 0.0380952 0.816406
0 0.525391 0.807619 0.03125 0.0342857 0.844238
0 0.575684 0.899048 0.0439453 0.0609524 0.853516
0 0.600098 0.744762 0.0322266 0.0342857 0.856445
0 0.897461 0.848571 0.0390625 0.0552381 0.856445
0 0.853027 0.820952 0.0439453 0.0495238 0.856445
0 0.95166 0.144762 0.0400391 0.0495238 0.860352
0 0.759277 0.8 0.0361328 0.0380952 0.862305
0 0.719238 0.739048 0.0380859 0.0342857 0.862305
0 0.979492 0.270476 0.0390625 0.0457143 0.867676
0 0.565918 0.859048 0.0439453 0.0647619 0.875977
0 0.963379 0.202857 0.0439453 0.0514286 0.878418
0 0.925781 0.0685714 0.0449219 0.072381 0.881836
0 0.134766 0.0371429 0.046875 0.0742857 0.88916
0 0.842773 0.0390476 0.0332031 0.0704762 0.899902
0 0.835938 0.118095 0.0410156 0.08 0.90625
0 0.885742 0.121905 0.0410156 0.072381 0.914551
