0 0.875 0.807619 0.0332031 0.0457143 0.265625
0 0.993652 0.126667 0.0126953 0.0514286 0.518066
0 0.993164 0.169524 0.0136719 0.0457143 0.594727
0 0.614746 0.744762 0.0400391 0.0380952 0.652832
0 0.803711 0.742857 0.0390625 0.0342857 0.675781
0 0.676758 0.87619 0.0410156 0.0380952 0.773926
0 0.576172 0.899048 0.0429688 0.0571429 0.797852
0 0.967773 0.765714 0.0371094 0.0380952 0.813965
0 0.621582 0.880952 0.0400391 0.04 0.828125
0 0.475098 0.746667 0.0322266 0.0342857 0.850586
0 0.539551 0.801905 0.0361328 0.0342857 0.852539
0 0.463379 0.807619 0.0341797 0.0342857 0.852539
0 0.874023 0.833333 0.0371094 0.0552381 0.860352
0 0.616699 0.819048 0.0400391 0.0419048 0.860352
0 0.940918 0.250476 0.0439453 0.0552381 0.86084
0 0.810547 0.0342857 0.0332031 0.0685714 0.866699
0 0.97168 0.0628571 0.0449219 0.0571429 0.870117
0 0.95752 0.2 0.0419922 0.0533333 0.874512
0 0.895996 0.788571 0.0380859 0.0571429 0.875977
0 0.776855 0.805714 0.0419922 0.0419048 0.879395
0 0.542969 0.88 0.0429688 0.072381 0.881348
0 0.678711 0.801905 0.0371094 0.0419048 0.884277
0 0.848145 0.06 0.0419922 0.0857143 0.88916
0 0.896484 0.14381 0.0390625 0.0628571 0.890137
0 0.874512 0.0438095 0.0419922 0.08 0.896484
0 0.92041 0.115238 0.0419922 0.0666667 0.911621
0 0.97168 0.901905 0.0390625 0.0666667 0.913086
