0 0.101562 0.0333333 0.0488281 0.0666667 0.295654
0 0.996094 0.171429 0.0078125 0.0571429 0.340576
0 0.661133 0.8 0.0371094 0.0419048 0.550293
0 0.992188 0.110476 0.015625 0.0457143 0.594238
0 0.991211 0.221905 0.0175781 0.04 0.680176
0 0.91748 0.808571 0.0361328 0.0552381 0.713379
0 0.876465 0.769524 0.0419922 0.0533333 0.718262
0 0.931152 0.0285714 0.0439453 0.0571429 0.719727
0 0.967773 0.764762 0.0371094 0.04 0.736816
0 0.67627 0.87619 0.0400391 0.0380952 0.811035
0 0.621582 0.881905 0.0400391 0.0419048 0.8125
0 0.898438 0.849524 0.0371094 0.0533333 0.81543
0 0.613281 0.744762 0.0332031 0.0342857 0.825195
0 0.766113 0.8 0.0380859 0.0380952 0.839844
0 0.855469 0.82381 0.0429688 0.047619 0.842773
0 0.575684 0.9 0.0439453 0.0590476 0.849609
0 0.712402 0.82 0.0400391 0.04 0.851562
0 0.729492 0.738095 0.0371094 0.0361905 0.85498
0 0.953613 0.198095 0.0439453 0.0533333 0.856445
0 0.113281 0.0580952 0.046875 0.0742857 0.867676
0 0.837402 0.032381 0.0361328 0.0647619 0.868164
0 0.530762 0.806667 0.0322266 0.032381 0.872559
0 0.966797 0.26381 0.0390625 0.0514286 0.879883
0 0.570801 0.854286 0.0439453 0.0628571 0.891113
0 0.915527 0.052381 0.0439453 0.0780952 0.896973
0 0.826172 0.0933333 0.0390625 0.0838095 0.908203
0 0.87793 0.108571 0.0410156 0.0761905 0.912598
0 0.945312 0.140952 0.0410156 0.0495238 0.913574
