0 0.892578 0.0190476 0.03125 0.0380952 0.256592
0 0.822754 0.747619 0.0400391 0.047619 0.341309
0 0.683105 0.798095 0.0341797 0.0342857 0.548828
0 0.967773 0.764762 0.0371094 0.0361905 0.682129
0 0.804199 0.0333333 0.0341797 0.0666667 0.69043
0 0.899414 0.849524 0.0371094 0.0533333 0.714844
0 0.78418 0.8 0.0390625 0.0380952 0.77002
0 0.67627 0.87619 0.0400391 0.0380952 0.804688
0 0.917969 0.808571 0.0371094 0.0590476 0.805664
0 0.0483398 0.108571 0.0478516 0.0533333 0.807617
0 0.621582 0.881905 0.0419922 0.0419048 0.813477
0 0.970215 0.212381 0.0380859 0.0438095 0.818848
0 0.987305 0.169524 0.0253906 0.0419048 0.820312
0 0.576172 0.899048 0.0429688 0.0571429 0.829102
0 0.652344 0.745714 0.0332031 0.0361905 0.833496
0 0.984375 0.273333 0.03125 0.0438095 0.844238
0 0.855469 0.82381 0.0429688 0.0514286 0.844727
0 0.876465 0.768571 0.0419922 0.0552381 0.851562
0 0.755859 0.737143 0.0351562 0.0342857 0.856934
0 0.599609 0.83619 0.0429688 0.0533333 0.857422
0 0.73584 0.826667 0.0419922 0.0457143 0.864746
0 0.54541 0.806667 0.0341797 0.032381 0.87793
0 0.928711 0.239048 0.0410156 0.0552381 0.881836
0 0.961914 0.092381 0.0449219 0.0552381 0.887695
0 0.928223 0.179048 0.0439453 0.0609524 0.90332
0 0.920898 0.12 0.0410156 0.0571429 0.903809
0 0.154297 0.0457143 0.0449219 0.0761905 0.904297
0 0.856445 0.0666667 0.0390625 0.08 0.911133
