0 0.830078 0.752381 0.0390625 0.0495238 0.268799
0 0.897949 0.849524 0.0361328 0.0533333 0.478271
0 0.896973 0.0228571 0.0341797 0.0457143 0.599609
0 0.967773 0.764762 0.0371094 0.0361905 0.618164
0 0.991211 0.168571 0.0175781 0.047619 0.624023
0 0.855957 0.822857 0.0439453 0.0495238 0.631348
0 0.916992 0.807619 0.0371094 0.0609524 0.702148
0 0.877441 0.769524 0.0400391 0.0533333 0.733398
0 0.983398 0.267619 0.0332031 0.047619 0.736328
0 0.773926 0.737143 0.0380859 0.0380952 0.75293
0 0.717285 0.795238 0.0361328 0.04 0.756348
0 0.987305 0.21619 0.0253906 0.0438095 0.761719
0 0.677734 0.877143 0.0390625 0.0361905 0.810547
0 0.796387 0.804762 0.0380859 0.04 0.815918
0 0.621582 0.880952 0.0400391 0.04 0.824219
0 0.575684 0.899048 0.0439453 0.0609524 0.82666
0 0.942871 0.14 0.0361328 0.0514286 0.831055
0 0.788574 0.845714 0.0419922 0.0457143 0.838379
0 0.587891 0.805714 0.0332031 0.0342857 0.842285
0 0.977051 0.105714 0.0439453 0.0552381 0.842773
0 0.87207 0.0361905 0.0371094 0.072381 0.848633
0 0.705566 0.742857 0.0341797 0.0380952 0.853027
0 0.91748 0.169524 0.0341797 0.0533333 0.862305
0 0.661133 0.827619 0.0410156 0.04 0.86377
0 0.905273 0.218095 0.0390625 0.0590476 0.865723
0 0.0209961 0.14 0.0419922 0.0514286 0.867188
0 0.854004 0.150476 0.0400391 0.072381 0.904297
0 0.883301 0.120952 0.0419922 0.0780952 0.933594
