0 0.967773 0.76381 0.0371094 0.0342857 0.483887
0 0.898438 0.851429 0.0351562 0.0533333 0.517578
0 0.877441 0.769524 0.0400391 0.0533333 0.60498
0 0.731934 0.794286 0.0361328 0.0380952 0.660156
0 0.855957 0.822857 0.0439453 0.0495238 0.663086
0 0.917969 0.808571 0.0371094 0.0590476 0.669922
0 0.695312 0.833333 0.0390625 0.04 0.682617
0 0.621582 0.880952 0.0400391 0.04 0.701172
0 0.944336 0.246667 0.0449219 0.0552381 0.768066
0 0.676758 0.877143 0.0390625 0.0361905 0.768555
0 0.79541 0.804762 0.0380859 0.04 0.770996
0 0.815918 0.856191 0.0439453 0.0514286 0.791992
0 0.96582 0.204762 0.0371094 0.0438095 0.796387
0 0.950195 0.0847619 0.0449219 0.0628571 0.803711
0 0.575684 0.898095 0.0439453 0.0590476 0.80957
0 0.71875 0.741905 0.0351562 0.0361905 0.817383
0 0.773926 0.737143 0.0380859 0.0380952 0.840332
0 0.609863 0.805714 0.0341797 0.0342857 0.851074
0 0.97168 0.15619 0.0410156 0.0419048 0.85498
0 0.894531 0.140952 0.0351562 0.0609524 0.867676
0 0.910156 0.102857 0.0351562 0.0609524 0.885742
0 0.870117 0.172381 0.0390625 0.0666667 0.886719
0 0.830566 0.106667 0.0380859 0.0761905 0.900879
0 0.861816 0.08 0.0419922 0.0838095 0.922363
