0 0.855469 0.821905 0.0429688 0.0514286 0.669922
0 0.876465 0.769524 0.0400391 0.0533333 0.678223
0 0.737793 0.794286 0.0361328 0.0380952 0.700195
0 0.898438 0.849524 0.0351562 0.0533333 0.705566
0 0.916992 0.807619 0.0371094 0.0609524 0.714844
0 0.621582 0.880952 0.0400391 0.04 0.72998
0 0.967773 0.765714 0.0371094 0.0380952 0.755859
0 0.955566 0.199048 0.0361328 0.0438095 0.76416
0 0.795898 0.804762 0.0390625 0.04 0.780762
0 0.575684 0.899048 0.0439453 0.0609524 0.783691
0 0.676758 0.87619 0.0390625 0.0380952 0.816895
0 0.721191 0.740952 0.0361328 0.0380952 0.818848
0 0.708008 0.837143 0.0410156 0.04 0.834961
0 0.821777 0.858095 0.0458984 0.0514286 0.84375
0 0.773926 0.737143 0.0380859 0.0380952 0.84668
0 0.898438 0.0847619 0.0351562 0.0666667 0.853516
0 0.929688 0.235238 0.0449219 0.0590476 0.857422
0 0.960938 0.151429 0.0390625 0.0438095 0.858887
0 0.886719 0.129524 0.0351562 0.0647619 0.869141
0 0.938477 0.0733333 0.0449219 0.0704762 0.871094
0 0.620117 0.804762 0.0332031 0.032381 0.877441
0 0.860352 0.155238 0.0371094 0.0704762 0.898438
0 0.854492 0.0628571 0.0390625 0.0838095 0.901367
0 0.823242 0.0904762 0.0371094 0.0819048 0.916992
