0 0.829102 0.754286 0.0371094 0.0457143 0.401367
0 0.96875 0.764762 0.0371094 0.0361905 0.680176
0 0.72168 0.792381 0.0390625 0.0457143 0.683594
0 0.986328 0.164762 0.0273438 0.0438095 0.692383
0 0.774902 0.739048 0.0380859 0.0419048 0.708496
0 0.864746 0.0266667 0.0341797 0.0533333 0.730469
0 0.898438 0.850476 0.0371094 0.0552381 0.735352
0 0.677734 0.877143 0.0390625 0.0361905 0.75
0 0.91748 0.808571 0.0361328 0.0590476 0.773926
0 0.711426 0.742857 0.0341797 0.0380952 0.78125
0 0.621582 0.881905 0.0400391 0.0419048 0.788086
0 0.877441 0.769524 0.0419922 0.0533333 0.808594
0 0.98291 0.213333 0.0341797 0.0419048 0.8125
0 0.855957 0.822857 0.0439453 0.0495238 0.814453
0 0.575684 0.899048 0.0439453 0.0609524 0.818359
0 0.796387 0.805714 0.0380859 0.0419048 0.825684
0 0.909668 0.160952 0.0361328 0.0552381 0.831543
0 0.797363 0.850476 0.0439453 0.047619 0.833008
0 0.670898 0.830476 0.0410156 0.0380952 0.834473
0 0.970215 0.100952 0.0458984 0.0571429 0.836914
0 0.933105 0.131429 0.0361328 0.0533333 0.838379
0 0.976074 0.260952 0.0439453 0.0457143 0.879395
0 0.893066 0.20381 0.0400391 0.0647619 0.88916
0 0.595703 0.804762 0.0332031 0.032381 0.890625
0 0.845703 0.137143 0.0390625 0.0761905 0.897949
0 0.876465 0.108571 0.0439453 0.0838095 0.900391
