0 0.830078 0.752381 0.0390625 0.0495238 0.320557
0 0.915527 0.808571 0.0380859 0.0590476 0.425781
0 0.898926 0.852381 0.0341797 0.0514286 0.445068
0 0.106445 0.1 0.0371094 0.0552381 0.54834
0 0.876465 0.769524 0.0419922 0.0533333 0.678711
0 0.855469 0.825714 0.0429688 0.0514286 0.685547
0 0.750488 0.795238 0.0341797 0.04 0.707031
0 0.795898 0.802857 0.0390625 0.0438095 0.726074
0 0.666992 0.805714 0.0332031 0.0342857 0.726562
0 0.67627 0.877143 0.0400391 0.0361905 0.740723
0 0.621582 0.880952 0.0400391 0.04 0.748047
0 0.760254 0.84381 0.0400391 0.0419048 0.759766
0 0.848145 0.871429 0.0439453 0.0552381 0.784668
0 0.967285 0.765714 0.0380859 0.0342857 0.784668
0 0.946289 0.244762 0.0449219 0.0552381 0.822754
0 0.909668 0.160952 0.0361328 0.0552381 0.823242
0 0.575684 0.899048 0.0439453 0.0609524 0.833008
0 0.726562 0.741905 0.0351562 0.0361905 0.84082
0 0.773926 0.73619 0.0380859 0.04 0.845215
0 0.90625 0.0971429 0.0390625 0.0647619 0.862793
0 0.966309 0.204762 0.0458984 0.0514286 0.873047
0 0.978027 0.106667 0.0400391 0.0533333 0.884277
0 0.867188 0.16 0.0429688 0.0761905 0.885254
0 0.851562 0.0542857 0.0332031 0.0704762 0.89209
0 0.820312 0.0647619 0.0351562 0.0761905 0.897949
