0 0.751953 0.794286 0.0351562 0.0419048 0.262695
0 0.703125 0.00952381 0.0234375 0.0190476 0.27002
0 0.827148 0.917143 0.0410156 0.047619 0.405029
0 0.805176 0.0209524 0.0283203 0.0419048 0.51123
0 0.899414 0.850476 0.0371094 0.0552381 0.625488
0 0.621582 0.880952 0.0400391 0.04 0.633789
0 0.134277 0.0942857 0.0419922 0.0704762 0.643555
1 0.959961 0.133333 0.0761719 0.0838095 0.68457
0 0.916992 0.809524 0.0371094 0.0609524 0.721191
0 0.576172 0.899048 0.0429688 0.0571429 0.724609
0 0.789062 0.853333 0.0390625 0.0457143 0.731934
0 0.67627 0.877143 0.0400391 0.0361905 0.74707
0 0.967773 0.765714 0.0371094 0.0380952 0.761719
0 0.855469 0.87619 0.0429688 0.0533333 0.768555
0 0.79541 0.804762 0.0400391 0.0438095 0.773438
0 0.709961 0.805714 0.03125 0.0342857 0.79248
0 0.85498 0.822857 0.0439453 0.0533333 0.793945
0 0.876465 0.769524 0.0419922 0.0571429 0.80127
0 0.980957 0.22 0.0380859 0.0514286 0.814453
0 0.848145 0.0619048 0.0341797 0.0704762 0.833984
0 0.726562 0.741905 0.0351562 0.0361905 0.865234
0 0.926758 0.187619 0.0410156 0.0704762 0.87207
0 0.0239258 0.11619 0.0478516 0.0571429 0.872559
0 0.773926 0.73619 0.0380859 0.04 0.874512
0 0.846191 0.127619 0.0419922 0.08 0.879395
0 0.949219 0.0485714 0.0449219 0.0628571 0.879395
0 0.890137 0.129524 0.0439453 0.08 0.89502
