0 0.751953 0.794286 0.0351562 0.0419048 0.40332
1 0.96875 0.213333 0.0585938 0.0609524 0.424316
0 0.898438 0.850476 0.0371094 0.0552381 0.49585
0 0.967773 0.765714 0.0371094 0.0380952 0.515137
0 0.877441 0.769524 0.0400391 0.0533333 0.553711
0 0.916992 0.809524 0.0371094 0.0609524 0.561523
0 0.969238 0.213333 0.0576172 0.0647619 0.579102
0 0.62207 0.880952 0.0410156 0.04 0.624023
0 0.855469 0.87619 0.0429688 0.0571429 0.683594
0 0.789551 0.854286 0.0400391 0.0438095 0.718262
0 0.855469 0.82381 0.0429688 0.0514286 0.724609
1 0.951172 0.122857 0.09375 0.108571 0.729492
0 0.576172 0.899048 0.0429688 0.0609524 0.746094
0 0.711914 0.804762 0.03125 0.0361905 0.74707
0 0.67627 0.877143 0.0400391 0.0361905 0.757812
0 0.795898 0.804762 0.0390625 0.0438095 0.768066
0 0.986816 0.270476 0.0263672 0.0457143 0.799805
0 0.931152 0.0304762 0.0439453 0.0609524 0.811035
0 0.726562 0.741905 0.0351562 0.0361905 0.862305
0 0.835938 0.032381 0.0351562 0.0647619 0.866699
0 0.773438 0.737143 0.0371094 0.0380952 0.876953
0 0.911133 0.161905 0.0390625 0.0685714 0.882812
0 0.827637 0.0885714 0.0419922 0.0857143 0.887695
0 0.876465 0.107619 0.0439453 0.0819048 0.908203
