0 0.803223 0.0209524 0.0263672 0.0419048 0.266846
0 0.835938 0.0209524 0.03125 0.0419048 0.313721
0 0.916992 0.812381 0.0371094 0.0628571 0.344971
0 0.898438 0.851429 0.0351562 0.0571429 0.401367
0 0.0488281 0.145714 0.0410156 0.047619 0.416504
0 0.989746 0.08 0.0205078 0.0495238 0.461914
0 0.0429688 0.131429 0.0449219 0.0571429 0.47998
0 0.877441 0.769524 0.0419922 0.0533333 0.572754
0 0.855469 0.82381 0.0429688 0.0514286 0.692383
0 0.575684 0.898095 0.0419922 0.0552381 0.697754
0 0.62207 0.881905 0.0410156 0.0419048 0.70166
0 0.752441 0.794286 0.0341797 0.0380952 0.713867
0 0.853027 0.875238 0.0439453 0.0552381 0.744629
0 0.676758 0.87619 0.0390625 0.0380952 0.754883
0 0.779785 0.850476 0.0400391 0.04 0.755371
0 0.795898 0.80381 0.0390625 0.0419048 0.768555
0 0.985352 0.157143 0.0292969 0.0590476 0.812012
0 0.884277 0.126667 0.0380859 0.0666667 0.827148
0 0.687988 0.804762 0.0341797 0.032381 0.827637
0 0.137207 0.04 0.0498047 0.08 0.851562
0 0.726562 0.740952 0.0351562 0.0380952 0.859863
0 0.773926 0.73619 0.0380859 0.04 0.870117
0 0.981445 0.24381 0.0371094 0.0533333 0.874512
0 0.880371 0.0514286 0.0380859 0.072381 0.881836
0 0.938477 0.067619 0.0410156 0.0666667 0.886719
0 0.936523 0.18381 0.0449219 0.0628571 0.891602
0 0.90332 0.210476 0.0449219 0.0666667 0.897461
0 0.841309 0.104762 0.0400391 0.0838095 0.923828
