0 0.830078 0.751429 0.0390625 0.0514286 0.258057
0 0.828125 0.917143 0.0410156 0.047619 0.266602
0 0.898926 0.850476 0.0361328 0.0552381 0.536621
0 0.967773 0.765714 0.0371094 0.0380952 0.595703
0 0.621582 0.880952 0.0400391 0.04 0.605957
0 0.916992 0.808571 0.0371094 0.0628571 0.632812
0 0.575684 0.898095 0.0439453 0.0590476 0.64209
0 0.974609 0.217143 0.046875 0.0571429 0.738281
0 0.711914 0.804762 0.03125 0.0361905 0.741211
0 0.855469 0.82381 0.0429688 0.0514286 0.744141
0 0.855469 0.87619 0.0429688 0.0533333 0.748535
0 0.789062 0.853333 0.0390625 0.0457143 0.752441
1 0.956055 0.126667 0.0859375 0.0933333 0.753906
0 0.796387 0.80381 0.0380859 0.0419048 0.755371
0 0.876465 0.770476 0.0419922 0.0552381 0.760254
0 0.67627 0.877143 0.0400391 0.0361905 0.788086
0 0.726562 0.740952 0.0351562 0.0380952 0.868164
0 0.773438 0.737143 0.0390625 0.0380952 0.870605
0 0.843262 0.0447619 0.0341797 0.0704762 0.882812
0 0.835449 0.108571 0.0439453 0.0838095 0.884277
0 0.939941 0.0361905 0.0439453 0.0685714 0.887695
0 0.917969 0.174286 0.0390625 0.0742857 0.904785
0 0.882812 0.118095 0.0429688 0.0761905 0.910156
