0 0.902832 0.0228571 0.0361328 0.0457143 0.303711
0 0.830078 0.751429 0.0390625 0.0514286 0.343018
0 0.969727 0.766667 0.0390625 0.0361905 0.352051
0 0.827148 0.916191 0.0410156 0.0495238 0.388184
0 0.751465 0.793333 0.0341797 0.04 0.537109
0 0.969727 0.145714 0.0605469 0.0742857 0.541504
1 0.969727 0.144762 0.0605469 0.0761905 0.543945
0 0.17334 0.0352381 0.0400391 0.0704762 0.603516
0 0.899414 0.850476 0.0371094 0.0552381 0.675293
0 0.864258 0.0266667 0.0332031 0.0533333 0.697266
0 0.990723 0.225714 0.0185547 0.0438095 0.69873
0 0.575684 0.899048 0.0419922 0.0571429 0.724121
0 0.917969 0.810476 0.0371094 0.0628571 0.729004
0 0.676758 0.87619 0.0390625 0.0380952 0.740234
0 0.621582 0.880952 0.0400391 0.04 0.754883
0 0.795898 0.80381 0.0390625 0.0419048 0.782227
0 0.788086 0.853333 0.0390625 0.0457143 0.787109
0 0.705566 0.805714 0.0322266 0.0342857 0.791504
0 0.855469 0.87619 0.0429688 0.0533333 0.800293
0 0.877441 0.770476 0.0419922 0.0552381 0.807617
0 0.855469 0.82381 0.0429688 0.0514286 0.8125
0 0.97168 0.0657143 0.0449219 0.0552381 0.851562
0 0.861816 0.0885714 0.0361328 0.0666667 0.862793
0 0.726074 0.740952 0.0341797 0.0380952 0.866211
0 0.773926 0.73619 0.0380859 0.04 0.868164
0 0.946777 0.21619 0.0400391 0.0590476 0.881348
0 0.866699 0.16381 0.0439453 0.072381 0.902832
0 0.906738 0.153333 0.0439453 0.0704762 0.905762
0 0.0717773 0.092381 0.0478516 0.0666667 0.90625
0 0.818359 0.0438095 0.0390625 0.0876191 0.913086
