0 0.918945 0.812381 0.0371094 0.0628571 0.265625
0 0.994629 0.0790476 0.0107422 0.0552381 0.366455
0 0.15625 0.027619 0.046875 0.0552381 0.408691
0 0.751953 0.796191 0.0351562 0.0380952 0.408936
0 0.967285 0.764762 0.0380859 0.04 0.45874
0 0.898438 0.850476 0.0351562 0.0552381 0.505371
0 0.0615234 0.112381 0.0410156 0.0495238 0.51709
0 0.0693359 0.132381 0.0410156 0.047619 0.59082
0 0.62207 0.881905 0.0410156 0.0419048 0.602539
0 0.877441 0.770476 0.0419922 0.0552381 0.676758
0 0.775391 0.848571 0.0410156 0.04 0.676758
0 0.67627 0.87619 0.0400391 0.0380952 0.691406
0 0.576172 0.899048 0.0429688 0.0571429 0.697266
0 0.795898 0.802857 0.0371094 0.04 0.721191
0 0.85498 0.82381 0.0439453 0.0514286 0.730469
0 0.852051 0.873333 0.0439453 0.0552381 0.770996
0 0.84082 0.0285714 0.0332031 0.0571429 0.783691
0 0.808105 0.0314286 0.0341797 0.0628571 0.794922
0 0.989746 0.16 0.0205078 0.0533333 0.804688
0 0.987793 0.252381 0.0244141 0.047619 0.823242
0 0.682617 0.804762 0.0332031 0.0361905 0.830566
0 0.726562 0.741905 0.0351562 0.0361905 0.844727
0 0.773926 0.73619 0.0380859 0.04 0.861816
0 0.887695 0.067619 0.0371094 0.0742857 0.869629
0 0.917969 0.222857 0.0449219 0.0609524 0.874512
0 0.891113 0.138095 0.0361328 0.0628571 0.878906
0 0.946777 0.191429 0.0458984 0.0552381 0.886719
0 0.95166 0.0828571 0.0400391 0.0628571 0.888184
0 0.849121 0.122857 0.0419922 0.0819048 0.908203
