0 0.751953 0.793333 0.0351562 0.04 0.259521
0 0.816406 0.0333333 0.0214844 0.0552381 0.265381
0 0.830078 0.753333 0.0390625 0.047619 0.287598
0 0.827148 0.917143 0.0410156 0.047619 0.31665
0 0.989746 0.220952 0.0185547 0.0380952 0.398926
0 0.575684 0.899048 0.0419922 0.0571429 0.625
0 0.899902 0.850476 0.0380859 0.0552381 0.627441
0 0.927734 0.191429 0.0703125 0.0895238 0.671875
0 0.967773 0.765714 0.0371094 0.0342857 0.67334
1 0.928223 0.190476 0.0712891 0.0876191 0.676758
0 0.621582 0.880952 0.0400391 0.04 0.698242
0 0.918945 0.808571 0.0371094 0.0590476 0.721191
0 0.789551 0.854286 0.0400391 0.0438095 0.759766
0 0.711914 0.804762 0.03125 0.0361905 0.77002
0 0.67627 0.877143 0.0400391 0.0361905 0.773438
0 0.79834 0.804762 0.0380859 0.04 0.784668
0 0.855469 0.87619 0.0449219 0.0533333 0.787598
1 0.909668 0.0733333 0.104492 0.146667 0.787598
0 0.876465 0.769524 0.0419922 0.0571429 0.790039
0 0.855469 0.82381 0.0449219 0.0514286 0.80957
0 0.983398 0.164762 0.0332031 0.04 0.8125
0 0.726562 0.741905 0.0351562 0.0361905 0.847168
0 0.837891 0.0342857 0.0390625 0.0685714 0.867676
0 0.773438 0.73619 0.0371094 0.04 0.873535
0 0.87793 0.193333 0.0390625 0.0666667 0.904785
0 0.876953 0.100952 0.0390625 0.0761905 0.910645
