0 0.827148 0.916191 0.0410156 0.0457143 0.306885
0 0.966797 0.765714 0.0390625 0.0342857 0.327393
0 0.948242 0.200952 0.0722656 0.0742857 0.427002
0 0.898438 0.851429 0.0351562 0.0533333 0.441406
0 0.91748 0.808571 0.0361328 0.0590476 0.534668
0 0.621582 0.881905 0.0400391 0.0419048 0.63916
0 0.85498 0.82381 0.0439453 0.0514286 0.647461
0 0.855469 0.87619 0.0429688 0.0533333 0.652832
0 0.576172 0.899048 0.0429688 0.0571429 0.677734
0 0.789062 0.854286 0.0390625 0.0438095 0.682129
0 0.876465 0.769524 0.0400391 0.0533333 0.683594
1 0.948242 0.201905 0.0722656 0.072381 0.708984
0 0.711426 0.804762 0.0322266 0.0361905 0.751465
0 0.795898 0.804762 0.0390625 0.0438095 0.762695
0 0.805176 0.0342857 0.0341797 0.0685714 0.772949
0 0.67627 0.87619 0.0400391 0.0380952 0.776367
1 0.937012 0.100952 0.112305 0.148571 0.851562
0 0.726562 0.741905 0.0351562 0.0361905 0.852051
0 0.773926 0.737143 0.0380859 0.0380952 0.862793
0 0.938965 0.250476 0.0400391 0.0514286 0.881836
0 0.894531 0.134286 0.0390625 0.0704762 0.883789
0 0.86084 0.0790476 0.0419922 0.0819048 0.914551
