0 0.751465 0.793333 0.0341797 0.04 0.260986
0 0.828125 0.918095 0.0410156 0.0457143 0.332031
0 0.96875 0.765714 0.0410156 0.0419048 0.408691
0 0.830566 0.753333 0.0400391 0.0514286 0.480225
0 0.898438 0.850476 0.0351562 0.0552381 0.55957
0 0.993164 0.171429 0.0136719 0.0457143 0.578613
0 0.9375 0.198095 0.0703125 0.08 0.581543
0 0.877441 0.769524 0.0400391 0.0533333 0.671875
1 0.9375 0.198095 0.0742188 0.08 0.677246
0 0.621582 0.881905 0.0400391 0.0419048 0.688477
0 0.917969 0.810476 0.0371094 0.0590476 0.702148
0 0.575684 0.899048 0.0419922 0.0571429 0.712891
0 0.789062 0.854286 0.0390625 0.0438095 0.736816
0 0.855469 0.82381 0.0429688 0.0514286 0.761719
0 0.796875 0.804762 0.0390625 0.04 0.77002
0 0.711914 0.805714 0.03125 0.0342857 0.77002
0 0.855469 0.87619 0.0429688 0.0533333 0.771484
0 0.67627 0.87619 0.0400391 0.0380952 0.800781
0 0.726074 0.741905 0.0341797 0.0361905 0.853027
0 0.773926 0.73619 0.0380859 0.04 0.862793
0 0.907715 0.226667 0.0400391 0.0571429 0.879883
0 0.886719 0.119048 0.0390625 0.0780952 0.888672
0 0.851562 0.0580952 0.0429688 0.0857143 0.906738
1 0.92334 0.0838095 0.110352 0.15619 0.913086
