0 0.828125 0.917143 0.0410156 0.0514286 0.285645
0 0.82959 0.753333 0.0380859 0.047619 0.364502
0 0.102539 0.870476 0.0371094 0.0647619 0.369873
0 0.878418 0.174286 0.0263672 0.0438095 0.388428
0 0.899902 0.851429 0.0380859 0.0571429 0.634766
0 0.901367 0.162857 0.0683594 0.0933333 0.647949
0 0.967773 0.765714 0.0390625 0.0380952 0.700195
0 0.711914 0.804762 0.03125 0.0361905 0.735352
0 0.917969 0.809524 0.0351562 0.0609524 0.741211
0 0.621582 0.881905 0.0400391 0.0419048 0.756348
0 0.576172 0.898095 0.0429688 0.0590476 0.763672
1 0.902344 0.164762 0.0722656 0.0933333 0.771973
0 0.676758 0.87619 0.0410156 0.0380952 0.772949
0 0.801758 0.804762 0.0371094 0.04 0.772949
0 0.975586 0.067619 0.046875 0.0552381 0.780273
0 0.789551 0.853333 0.0400391 0.0457143 0.788086
0 0.876465 0.769524 0.0419922 0.0533333 0.800293
0 0.855469 0.822857 0.0449219 0.0533333 0.811035
0 0.855469 0.875238 0.0429688 0.0552381 0.815918
0 0.975098 0.213333 0.0400391 0.0457143 0.841309
0 0.773438 0.73619 0.0390625 0.04 0.850586
0 0.726562 0.741905 0.0351562 0.0361905 0.853027
0 0.949707 0.144762 0.0361328 0.0495238 0.864258
0 0.84668 0.0361905 0.0371094 0.072381 0.880371
0 0.519043 0.921905 0.0419922 0.0838095 0.891113
0 0.828125 0.0904762 0.0351562 0.0780952 0.908691
