1 0.957031 0.205714 0.0742188 0.072381 0.428467
0 0.898926 0.851429 0.0341797 0.0533333 0.48999
0 0.91748 0.810476 0.0361328 0.0590476 0.661621
0 0.957031 0.206667 0.0683594 0.0742857 0.694336
0 0.576172 0.899048 0.0429688 0.0571429 0.714355
0 0.967773 0.765714 0.0390625 0.0380952 0.718262
0 0.855469 0.87619 0.0429688 0.0533333 0.726074
0 0.855469 0.82381 0.0429688 0.0514286 0.753906
0 0.789062 0.854286 0.0390625 0.0438095 0.755371
0 0.621582 0.881905 0.0400391 0.0419048 0.762695
0 0.795898 0.80381 0.0390625 0.0419048 0.769531
0 0.711914 0.805714 0.03125 0.0342857 0.782227
0 0.67627 0.87619 0.0400391 0.0380952 0.79834
0 0.877441 0.770476 0.0419922 0.0552381 0.80127
1 0.942871 0.109524 0.110352 0.139048 0.833496
0 0.726562 0.741905 0.0332031 0.0361905 0.853027
0 0.8125 0.0514286 0.0390625 0.08 0.860352
0 0.957031 0.258095 0.0390625 0.047619 0.867188
0 0.773926 0.73619 0.0380859 0.04 0.874512
0 0.900391 0.14381 0.0390625 0.0704762 0.890625
0 0.866699 0.0885714 0.0419922 0.0819048 0.916016
