0 0.827148 0.916191 0.0410156 0.0495238 0.464355
0 0.830566 0.753333 0.0400391 0.0514286 0.509277
0 0.899414 0.850476 0.0371094 0.0552381 0.540527
0 0.994629 0.222857 0.0107422 0.0419048 0.55957
1 0.933105 0.19619 0.0732422 0.0876191 0.592773
0 0.917969 0.808571 0.0371094 0.0590476 0.680176
0 0.576172 0.898095 0.0429688 0.0590476 0.691406
0 0.621582 0.881905 0.0400391 0.0419048 0.70166
0 0.931641 0.193333 0.0703125 0.0857143 0.713379
0 0.711914 0.804762 0.03125 0.0361905 0.714844
0 0.796875 0.804762 0.0390625 0.0438095 0.742676
0 0.789062 0.854286 0.0390625 0.0438095 0.755859
0 0.876465 0.769524 0.0419922 0.0571429 0.763184
0 0.67627 0.87619 0.0400391 0.0380952 0.776367
0 0.855469 0.87619 0.0429688 0.0533333 0.779297
0 0.855469 0.822857 0.0429688 0.0533333 0.779297
0 0.988281 0.166667 0.0234375 0.04 0.793945
0 0.726562 0.741905 0.0351562 0.0361905 0.84375
1 0.916992 0.0780952 0.107422 0.15619 0.860352
0 0.773926 0.73619 0.0380859 0.04 0.861816
0 0.882812 0.110476 0.0390625 0.0761905 0.899902
0 0.845215 0.0438095 0.0400391 0.0838095 0.90918
0 0.893066 0.212381 0.0400391 0.0628571 0.911133
