0 0.703613 0.00952381 0.0244141 0.0190476 0.253418
0 0.830078 0.752381 0.0390625 0.0495238 0.274902
0 0.827148 0.916191 0.0410156 0.0495238 0.298584
0 0.981445 0.0742857 0.0371094 0.0609524 0.308105
1 0.895996 0.0590476 0.0849609 0.118095 0.459229
0 0.575684 0.898095 0.0419922 0.0590476 0.549805
0 0.899902 0.852381 0.0380859 0.0552381 0.645508
0 0.91748 0.809524 0.0361328 0.0609524 0.697266
0 0.509277 0.939048 0.0419922 0.0876191 0.707031
1 0.911133 0.173333 0.0703125 0.0876191 0.708496
0 0.621582 0.881905 0.0400391 0.0419048 0.710938
0 0.711914 0.804762 0.03125 0.0361905 0.724609
0 0.967773 0.765714 0.0371094 0.0380952 0.745605
0 0.800781 0.804762 0.0371094 0.04 0.759766
0 0.789551 0.853333 0.0400391 0.0457143 0.768066
0 0.67627 0.87619 0.0400391 0.0380952 0.772461
0 0.912109 0.172381 0.0703125 0.0895238 0.773926
0 0.877441 0.769524 0.0419922 0.0533333 0.79541
0 0.855469 0.822857 0.0449219 0.0533333 0.803711
0 0.855469 0.875238 0.0429688 0.0552381 0.811035
0 0.980469 0.214286 0.0390625 0.0438095 0.82666
0 0.959473 0.150476 0.0361328 0.0457143 0.838379
0 0.773926 0.73619 0.0380859 0.04 0.844238
0 0.726562 0.741905 0.0351562 0.0361905 0.844727
0 0.856934 0.0571429 0.0361328 0.0761905 0.896484
0 0.84082 0.121905 0.0371094 0.0761905 0.922363
