0 0.0595703 0.112381 0.0429688 0.0495238 0.259521
0 0.995605 0.226667 0.00878906 0.0495238 0.468018
0 0.210938 0.780952 0.0371094 0.0457143 0.54834
0 0.82959 0.753333 0.0400391 0.047619 0.569336
0 0.827148 0.915238 0.0410156 0.047619 0.616211
0 0.0678711 0.138095 0.0439453 0.0552381 0.635254
0 0.900879 0.850476 0.0380859 0.0552381 0.648926
0 0.967773 0.766667 0.0371094 0.0361905 0.693848
0 0.813965 0.027619 0.0224609 0.0514286 0.726074
0 0.801758 0.804762 0.0371094 0.04 0.77832
0 0.711426 0.804762 0.0322266 0.0361905 0.779297
0 0.67627 0.87619 0.0400391 0.0380952 0.787109
0 0.789062 0.854286 0.0390625 0.0438095 0.788086
0 0.621582 0.881905 0.0400391 0.0419048 0.804688
0 0.855469 0.822857 0.0429688 0.0533333 0.8125
0 0.575195 0.9 0.0429688 0.0590476 0.816406
0 0.927734 0.820952 0.0390625 0.0647619 0.840332
0 0.494629 0.939048 0.0439453 0.121905 0.844238
0 0.861328 0.0952381 0.0625 0.121905 0.850586
0 0.726074 0.741905 0.0341797 0.0361905 0.852051
0 0.966309 0.209524 0.0400391 0.0495238 0.85498
0 0.879395 0.772381 0.0439453 0.0590476 0.860352
0 0.94043 0.0380952 0.0449219 0.072381 0.861328
0 0.773438 0.73619 0.0390625 0.04 0.862793
0 0.863281 0.882857 0.0429688 0.0590476 0.881348
0 0.568848 0.860952 0.0458984 0.0685714 0.881836
0 0.976074 0.16 0.0419922 0.0495238 0.883789
0 0.903809 0.092381 0.0380859 0.0666667 0.898926
0 0.969727 0.101905 0.0449219 0.0552381 0.910156
