0 0.122559 0.844762 0.0400391 0.0666667 0.273438
0 0.575684 0.899048 0.0419922 0.0609524 0.277588
0 0.827148 0.917143 0.0410156 0.047619 0.364258
0 0.828125 0.752381 0.0351562 0.0495238 0.373535
0 0.837402 0.0257143 0.0361328 0.0514286 0.406738
0 0.527832 0.906667 0.0439453 0.0838095 0.497559
0 0.864746 0.155238 0.0244141 0.0438095 0.499756
0 0.994629 0.117143 0.0107422 0.0438095 0.500488
0 0.621582 0.880952 0.0400391 0.04 0.545898
0 0.899902 0.852381 0.0361328 0.0552381 0.625488
1 0.893555 0.153333 0.0683594 0.100952 0.664551
0 0.967773 0.765714 0.0371094 0.0380952 0.707031
0 0.711426 0.805714 0.0322266 0.0342857 0.729004
0 0.917969 0.810476 0.0351562 0.0590476 0.742676
0 0.67627 0.87619 0.0400391 0.0380952 0.760742
0 0.971191 0.210476 0.0400391 0.047619 0.761719
0 0.801758 0.804762 0.0371094 0.04 0.78418
0 0.894531 0.153333 0.0664062 0.104762 0.79834
0 0.855469 0.82381 0.0429688 0.0514286 0.798828
0 0.789551 0.853333 0.0400391 0.0457143 0.805176
0 0.876465 0.769524 0.0419922 0.0571429 0.810059
0 0.967773 0.0628571 0.046875 0.0571429 0.816406
0 0.855469 0.87619 0.0429688 0.0533333 0.82959
0 0.94043 0.137143 0.0371094 0.0533333 0.831055
0 0.726074 0.741905 0.0341797 0.0361905 0.851074
0 0.773926 0.73619 0.0380859 0.04 0.867676
0 0.817383 0.0580952 0.0351562 0.0780952 0.912109
