0 0.730469 0.888571 0.0410156 0.04 0.353516
0 0.995117 0.224762 0.00976562 0.0533333 0.387207
0 0.276855 0.855238 0.0419922 0.0457143 0.460205
0 0.824707 0.0285714 0.0419922 0.0571429 0.54834
0 0.992188 0.119048 0.015625 0.047619 0.626465
0 0.969727 0.208571 0.0449219 0.0552381 0.642578
0 0.831055 0.75619 0.0390625 0.0419048 0.683594
0 0.0966797 0.0380952 0.0410156 0.0761905 0.730469
0 0.969727 0.766667 0.0371094 0.0361905 0.807617
0 0.711426 0.805714 0.0322266 0.0380952 0.81543
0 0.332031 0.761905 0.0390625 0.0380952 0.817871
0 0.958496 0.864762 0.0361328 0.0685714 0.819336
0 0.676758 0.877143 0.0390625 0.0361905 0.822754
0 0.922852 0.873333 0.0371094 0.0590476 0.835938
0 0.804199 0.806667 0.0380859 0.04 0.840332
0 0.801758 0.856191 0.0410156 0.0438095 0.84668
0 0.621582 0.881905 0.0400391 0.0419048 0.850586
0 0.575195 0.899048 0.0449219 0.0609524 0.858398
0 0.726562 0.741905 0.0351562 0.0361905 0.858887
0 0.866211 0.032381 0.0371094 0.0647619 0.870117
0 0.63623 0.833333 0.0419922 0.0438095 0.876465
0 0.773926 0.73619 0.0400391 0.04 0.876953
0 0.915527 0.939048 0.0439453 0.0685714 0.890625
0 0.909668 0.796191 0.0439453 0.0609524 0.895996
0 0.560059 0.813333 0.0615234 0.106667 0.901367
0 0.870117 0.829524 0.0449219 0.0590476 0.903809
0 0.916504 0.120952 0.0419922 0.0590476 0.907715
0 0.144531 0.0390476 0.0429688 0.0780952 0.908203
0 0.916992 0.052381 0.046875 0.0742857 0.908203
