0 0.72998 0.888571 0.0400391 0.04 0.261963
0 0.751465 0.793333 0.0341797 0.04 0.274902
0 0.995117 0.224762 0.00976562 0.0533333 0.374023
0 0.925781 0.0285714 0.046875 0.0571429 0.378662
0 0.0991211 0.0342857 0.0400391 0.0685714 0.389893
0 0.969238 0.211429 0.0439453 0.0533333 0.489746
0 0.831055 0.754286 0.0390625 0.0457143 0.65625
0 0.95166 0.854286 0.0322266 0.0666667 0.696777
0 0.307617 0.760952 0.0371094 0.0361905 0.700195
0 0.969727 0.766667 0.0371094 0.0361905 0.733398
0 0.830566 0.04 0.0517578 0.08 0.751465
0 0.711914 0.805714 0.0332031 0.0342857 0.798828
0 0.916016 0.861905 0.0390625 0.0590476 0.822754
0 0.79541 0.855238 0.0400391 0.0457143 0.82373
0 0.803223 0.805714 0.0380859 0.0419048 0.831543
0 0.575684 0.899048 0.0439453 0.0609524 0.842285
0 0.676758 0.87619 0.0390625 0.0380952 0.842285
0 0.621582 0.881905 0.0419922 0.0419048 0.850586
0 0.902344 0.788571 0.0429688 0.0609524 0.850586
0 0.62207 0.834286 0.0429688 0.0457143 0.861328
0 0.773926 0.737143 0.0380859 0.0380952 0.861328
0 0.726562 0.740952 0.0351562 0.0380952 0.862305
0 0.901855 0.920952 0.0419922 0.0666667 0.880371
0 0.864746 0.826667 0.0439453 0.0533333 0.880371
0 0.930176 0.133333 0.0419922 0.0571429 0.890625
0 0.873535 0.04 0.0380859 0.072381 0.896484
0 0.927734 0.067619 0.046875 0.0704762 0.904297
0 0.544922 0.833333 0.0605469 0.11619 0.904785
