0 0.827637 0.916191 0.0419922 0.0495238 0.418213
0 0.995117 0.225714 0.00976562 0.0514286 0.462158
0 0.830566 0.753333 0.0400391 0.047619 0.501465
0 0.901367 0.851429 0.0371094 0.0571429 0.69043
0 0.187012 0.901905 0.0439453 0.0666667 0.707031
0 0.932617 0.827619 0.0371094 0.0666667 0.736816
0 0.711914 0.806667 0.03125 0.0361905 0.763184
0 0.67627 0.87619 0.0400391 0.0380952 0.763672
0 0.967773 0.766667 0.0371094 0.0361905 0.79248
0 0.789551 0.853333 0.0400391 0.0457143 0.799805
0 0.855957 0.824762 0.0439453 0.0533333 0.802734
0 0.801758 0.805714 0.0371094 0.0419048 0.803711
0 0.581055 0.852381 0.0429688 0.0590476 0.838379
0 0.576172 0.9 0.0429688 0.0590476 0.842285
0 0.936035 0.0333333 0.0458984 0.0666667 0.844727
0 0.968262 0.209524 0.0419922 0.0495238 0.848145
0 0.621582 0.881905 0.0400391 0.0419048 0.853027
0 0.726074 0.741905 0.0341797 0.0361905 0.85498
0 0.773438 0.73619 0.0390625 0.04 0.869141
0 0.964844 0.155238 0.0429688 0.0514286 0.870605
0 0.870605 0.887619 0.0419922 0.0609524 0.871094
0 0.503906 0.913333 0.0507812 0.131429 0.885254
0 0.882812 0.774286 0.0429688 0.0590476 0.89209
0 0.896973 0.08 0.0380859 0.072381 0.900391
0 0.854004 0.0780952 0.0615234 0.125714 0.911133
0 0.959961 0.0961905 0.046875 0.0590476 0.911621
