0 0.987305 0.913333 0.0253906 0.0780952 0.353271
1 0.645996 0.753333 0.0634766 0.0704762 0.414062
0 0.646484 0.752381 0.0664062 0.072381 0.416504
0 0.989258 0.978095 0.0214844 0.0438095 0.445068
0 0.973633 0.769524 0.0390625 0.0342857 0.67334
0 0.943848 0.19619 0.0400391 0.0533333 0.73291
0 0.759277 0.797143 0.0361328 0.04 0.740234
0 0.977051 0.158095 0.0439453 0.0495238 0.759277
0 0.675781 0.87619 0.0410156 0.0380952 0.773438
0 0.989258 0.22381 0.0214844 0.04 0.780273
0 0.575684 0.899048 0.0419922 0.0609524 0.784668
0 0.0634766 0.0819048 0.0410156 0.0609524 0.790039
0 0.888184 0.917143 0.0439453 0.0666667 0.79541
0 0.621582 0.881905 0.0400391 0.0419048 0.797363
0 0.757324 0.844762 0.0400391 0.04 0.813965
0 0.712891 0.805714 0.03125 0.0380952 0.825684
0 0.269531 0.755238 0.0410156 0.0438095 0.828613
0 0.856934 0.768571 0.0439453 0.0552381 0.834473
0 0.787598 0.738095 0.0380859 0.0361905 0.834961
0 0.464844 0.757143 0.0390625 0.0361905 0.838379
0 0.842285 0.820952 0.0400391 0.0495238 0.838867
0 0.0200195 0.144762 0.0400391 0.0495238 0.843262
0 0.726074 0.741905 0.0341797 0.0361905 0.85791
0 0.920898 0.067619 0.0449219 0.0666667 0.859375
0 0.118164 0.925714 0.0429688 0.0761905 0.881836
0 0.149414 0.833333 0.046875 0.0742857 0.881836
0 0.458984 0.828571 0.0410156 0.0419048 0.883789
0 0.115234 0.0838095 0.0390625 0.0647619 0.889648
0 0.9375 0.87619 0.046875 0.0685714 0.89209
0 0.182617 0.0342857 0.0371094 0.0685714 0.90918
0 0.509277 0.932381 0.0419922 0.0933333 0.92041
