0 0.495605 0.964762 0.0361328 0.0704762 0.420166
0 0.575684 0.899048 0.0439453 0.0609524 0.588379
0 0.210449 0.777143 0.0419922 0.0571429 0.601562
0 0.0922852 0.901905 0.0458984 0.0819048 0.605469
0 0.993652 0.225714 0.0126953 0.0438095 0.617676
0 0.990723 0.94 0.0185547 0.0819048 0.619629
0 0.699707 0.840952 0.0400391 0.04 0.659668
0 0.621582 0.881905 0.0400391 0.0419048 0.683594
0 0.971191 0.767619 0.0361328 0.0342857 0.688965
0 0.379883 0.837143 0.0410156 0.04 0.71582
0 0.615723 0.76381 0.0654297 0.0876191 0.717773
0 0.752441 0.794286 0.0341797 0.0419048 0.740234
0 0.711426 0.805714 0.0322266 0.0342857 0.742676
0 0.835938 0.758095 0.0410156 0.0457143 0.769043
0 0.964844 0.207619 0.0390625 0.0457143 0.77832
0 0.986328 0.16381 0.0273438 0.0419048 0.789551
0 0.677246 0.87619 0.0400391 0.0380952 0.791016
0 0.413086 0.76 0.0371094 0.0342857 0.808594
0 0.956055 0.919048 0.0410156 0.0780952 0.834961
0 0.846191 0.87619 0.0419922 0.0533333 0.834961
0 0.15625 0.027619 0.0371094 0.0552381 0.845215
0 0.775879 0.735238 0.0380859 0.0380952 0.855957
0 0.726562 0.741905 0.0351562 0.0361905 0.859863
0 0.957031 0.0980952 0.0429688 0.0552381 0.871094
0 0.863281 0.0619048 0.0429688 0.0704762 0.874512
0 0.0805664 0.0638095 0.0419922 0.0742857 0.877441
0 0.952637 0.845714 0.0419922 0.0685714 0.87793
0 0.820312 0.811429 0.0410156 0.0457143 0.895508
0 0.0810547 0.11619 0.0449219 0.0647619 0.899902
0 0.899414 0.844762 0.046875 0.0628571 0.906738
