0 0.0859375 0.966667 0.0449219 0.0666667 0.302246
0 0.720215 0.841905 0.0380859 0.0380952 0.339355
1 0.627441 0.760952 0.0654297 0.0780952 0.433838
0 0.627441 0.76 0.0654297 0.08 0.449463
0 0.993164 0.226667 0.0136719 0.0419048 0.587891
0 0.841309 0.760952 0.0419922 0.047619 0.632812
0 0.230469 0.767619 0.0410156 0.0495238 0.67334
0 0.62207 0.881905 0.0410156 0.0419048 0.675781
0 0.711914 0.806667 0.03125 0.0361905 0.678223
0 0.575684 0.899048 0.0419922 0.0609524 0.745605
0 0.753418 0.795238 0.0341797 0.04 0.766113
0 0.960938 0.205714 0.0410156 0.0495238 0.790039
0 0.677246 0.87619 0.0400391 0.0380952 0.800293
0 0.983398 0.162857 0.0332031 0.0438095 0.808105
0 0.97168 0.767619 0.0371094 0.0342857 0.810547
0 0.5 0.957143 0.0390625 0.0857143 0.816895
0 0.0756836 0.0695238 0.0400391 0.0666667 0.819336
0 0.40625 0.834286 0.0410156 0.0419048 0.823242
0 0.0625 0.129524 0.0429688 0.0571429 0.829102
0 0.430176 0.760952 0.0400391 0.0361905 0.833984
0 0.77832 0.737143 0.0371094 0.0380952 0.845215
0 0.967285 0.940952 0.0380859 0.0685714 0.851562
0 0.726562 0.740952 0.0351562 0.0380952 0.858887
0 0.827148 0.815238 0.0390625 0.0457143 0.859863
0 0.86084 0.886667 0.0419922 0.0552381 0.873535
0 0.944336 0.0895238 0.0449219 0.0571429 0.888184
0 0.851562 0.0457143 0.0410156 0.0685714 0.889648
0 0.965332 0.86381 0.0439453 0.0742857 0.891113
0 0.111328 0.874286 0.046875 0.08 0.898438
0 0.90918 0.853333 0.046875 0.0609524 0.907715
0 0.14209 0.0428571 0.0380859 0.0704762 0.908203
