0 0.928223 0.0238095 0.0341797 0.047619 0.251953
0 0.491699 0.975238 0.0283203 0.0495238 0.318848
0 0.893066 0.0238095 0.0361328 0.047619 0.350098
0 0.828613 0.917143 0.0419922 0.0438095 0.378906
0 0.751465 0.793333 0.0341797 0.0438095 0.424316
0 0.994629 0.225714 0.0107422 0.0438095 0.514648
0 0.139648 0.899048 0.0390625 0.0647619 0.721191
0 0.968262 0.208571 0.0419922 0.0514286 0.730469
0 0.711426 0.806667 0.0322266 0.0361905 0.739746
0 0.621582 0.881905 0.0419922 0.0419048 0.740723
0 0.971191 0.767619 0.0380859 0.0342857 0.749023
0 0.989258 0.165714 0.0214844 0.0419048 0.755859
0 0.576172 0.899048 0.0429688 0.0571429 0.777832
0 0.676758 0.877143 0.0390625 0.0361905 0.787598
0 0.681641 0.83619 0.0390625 0.0380952 0.79541
0 0.354004 0.842857 0.0400391 0.0438095 0.796875
0 0.984375 0.921905 0.03125 0.0761905 0.814453
0 0.190918 0.791429 0.0439453 0.0628571 0.814941
0 0.833008 0.75619 0.0410156 0.0495238 0.821777
0 0.39502 0.760952 0.0380859 0.0361905 0.838867
0 0.726562 0.742857 0.0351562 0.0380952 0.841797
0 0.775391 0.737143 0.0390625 0.0380952 0.849121
0 0.832031 0.865714 0.0429688 0.0514286 0.853027
0 0.0859375 0.052381 0.0410156 0.0742857 0.866699
0 0.813965 0.809524 0.0400391 0.0457143 0.867188
0 0.603516 0.772381 0.0664062 0.0933333 0.869141
0 0.0737305 0.925714 0.0458984 0.08 0.869141
0 0.946777 0.906667 0.0380859 0.0685714 0.873047
0 0.938965 0.830476 0.0419922 0.0685714 0.87793
0 0.971191 0.10381 0.0439453 0.0514286 0.887695
0 0.097168 0.100952 0.0439453 0.072381 0.887695
0 0.875488 0.0790476 0.0419922 0.0666667 0.896973
0 0.890625 0.841905 0.0449219 0.0609524 0.899902
