0 0.666504 0.748571 0.0634766 0.0647619 0.329346
1 0.666504 0.749524 0.0634766 0.0666667 0.343262
0 0.828125 0.918095 0.0429688 0.0457143 0.357178
0 0.933594 0.921905 0.0273438 0.0457143 0.363037
0 0.769531 0.782857 0.0390625 0.0380952 0.371826
0 0.793457 0.837143 0.0361328 0.04 0.397705
0 0.152832 0.0238095 0.0400391 0.047619 0.429688
0 0.973145 0.217143 0.0498047 0.0609524 0.706543
0 0.674316 0.87619 0.0439453 0.0380952 0.729004
0 0.78418 0.8 0.0351562 0.0380952 0.740234
0 0.975098 0.771429 0.0380859 0.0342857 0.756348
0 0.157227 0.840952 0.046875 0.0704762 0.761719
0 0.260742 0.818095 0.0410156 0.0438095 0.78418
0 0.373047 0.801905 0.0273438 0.0342857 0.791504
0 0.621582 0.881905 0.0400391 0.0419048 0.803711
0 0.890625 0.032381 0.0429688 0.0647619 0.806152
0 0.820312 0.744762 0.0410156 0.0419048 0.816895
0 0.885254 0.788571 0.0419922 0.0571429 0.825195
0 0.575195 0.899048 0.0449219 0.0609524 0.828613
0 0.905273 0.159048 0.0390625 0.0628571 0.834961
0 0.51123 0.754286 0.0361328 0.0342857 0.834961
0 0.172363 0.865714 0.0458984 0.0704762 0.838379
0 0.817871 0.860952 0.0419922 0.0533333 0.840332
0 0.328125 0.750476 0.0390625 0.0380952 0.842285
0 0.536133 0.820952 0.0410156 0.0380952 0.84375
0 0.723633 0.804762 0.0332031 0.0361905 0.844727
0 0.110352 0.962857 0.0449219 0.0742857 0.84668
0 0.0683594 0.126667 0.0390625 0.0514286 0.85498
0 0.0307617 0.0961905 0.0400391 0.047619 0.856445
0 0.727539 0.741905 0.0332031 0.0361905 0.881836
0 0.959473 0.150476 0.0458984 0.0495238 0.887695
0 0.081543 0.910476 0.0400391 0.0761905 0.896973
0 0.875 0.838095 0.0410156 0.0571429 0.898438
0 0.138672 0.104762 0.0390625 0.0685714 0.898438
0 0.20752 0.791429 0.0458984 0.0628571 0.905273
0 0.182617 0.0409524 0.0371094 0.0742857 0.908691
0 0.523926 0.9 0.0439453 0.0895238 0.915039
