0 0.730469 0.888571 0.0390625 0.04 0.344727
0 0.98291 0.774286 0.0341797 0.0552381 0.367432
0 0.675781 0.878095 0.0410156 0.0380952 0.561523
0 0.728516 0.741905 0.0585938 0.0514286 0.62207
0 0.979492 0.915238 0.0371094 0.0704762 0.631348
0 0.749023 0.841905 0.0410156 0.0495238 0.668457
0 0.973145 0.204762 0.0419922 0.0438095 0.669434
0 0.622559 0.744762 0.0380859 0.0380952 0.680176
0 0.51416 0.794286 0.0302734 0.0342857 0.724609
0 0.0493164 0.962857 0.0419922 0.0742857 0.733398
0 0.00927734 0.125714 0.0185547 0.0419048 0.754395
0 0.027832 0.181905 0.0361328 0.04 0.787598
0 0.0932617 0.0761905 0.0439453 0.0647619 0.797852
0 0.875 0.0419048 0.0449219 0.0838095 0.821777
0 0.621582 0.881905 0.0400391 0.0419048 0.836426
0 0.415527 0.812381 0.0380859 0.0361905 0.838379
0 0.801758 0.74 0.0332031 0.0361905 0.844238
0 0.19043 0.894286 0.0429688 0.0628571 0.860352
0 0.575195 0.899048 0.0449219 0.0609524 0.86084
0 0.132812 0.10381 0.0429688 0.0704762 0.86084
0 0.263184 0.759048 0.0400391 0.0438095 0.868164
0 0.480957 0.745714 0.0400391 0.04 0.868652
0 0.831543 0.824762 0.0341797 0.0457143 0.875
0 0.589844 0.833333 0.046875 0.0628571 0.87793
0 0.290527 0.855238 0.0419922 0.0419048 0.881348
0 0.927246 0.81619 0.0400391 0.0628571 0.881836
0 0.34375 0.811429 0.0410156 0.0419048 0.883301
0 0.385742 0.755238 0.0429688 0.04 0.887695
0 0.196777 0.830476 0.0419922 0.0609524 0.890137
0 0.893555 0.851429 0.0390625 0.0609524 0.893066
0 0.959473 0.142857 0.0478516 0.0571429 0.897949
0 0.870117 0.108571 0.0527344 0.0952381 0.905762
