0 0.926758 0.0247619 0.0390625 0.0495238 0.263916
0 0.982422 0.774286 0.0351562 0.047619 0.39209
0 0.98291 0.207619 0.0341797 0.0419048 0.428711
0 0.148438 0.0819048 0.0429688 0.0761905 0.532715
0 0.720215 0.74381 0.0595703 0.0514286 0.536133
0 0.0385742 0.15619 0.0380859 0.0457143 0.64209
0 0.726562 0.835238 0.0410156 0.0438095 0.738281
0 0.675293 0.87619 0.0439453 0.0380952 0.749512
0 0.502441 0.794286 0.0283203 0.0342857 0.764648
0 0.968262 0.893333 0.0439453 0.08 0.775879
0 0.0493164 0.17619 0.0361328 0.047619 0.799316
0 0.400879 0.812381 0.0380859 0.0361905 0.803711
0 0.11084 0.0609524 0.0419922 0.0685714 0.810059
0 0.61084 0.745714 0.0400391 0.0361905 0.812988
0 0.621582 0.881905 0.0419922 0.0419048 0.842285
0 0.817871 0.818095 0.0341797 0.0438095 0.850098
0 0.791504 0.74 0.0322266 0.0361905 0.854492
0 0.466309 0.745714 0.0400391 0.04 0.858398
0 0.880859 0.84 0.0390625 0.0571429 0.86084
0 0.242188 0.765714 0.0410156 0.0533333 0.861816
0 0.885254 0.06 0.0458984 0.0857143 0.862305
0 0.976562 0.969524 0.0390625 0.0609524 0.864746
0 0.575195 0.898095 0.0449219 0.0628571 0.864746
0 0.368652 0.755238 0.0419922 0.04 0.866699
0 0.577148 0.839048 0.046875 0.0666667 0.869141
0 0.169434 0.849524 0.0458984 0.0685714 0.878418
0 0.969727 0.149524 0.0488281 0.0552381 0.878418
0 0.91748 0.806667 0.0419922 0.0628571 0.880371
0 0.326172 0.813333 0.0410156 0.0419048 0.883789
0 0.269531 0.858095 0.0429688 0.0438095 0.885254
0 0.0209961 0.120952 0.0400391 0.047619 0.888184
0 0.171875 0.910476 0.0449219 0.0685714 0.898438
0 0.882812 0.130476 0.0546875 0.0895238 0.913574
