1 0.683105 0.750476 0.0654297 0.0609524 0.302734
0 0.978516 0.772381 0.0390625 0.04 0.391846
0 0.333008 0.807619 0.0390625 0.0419048 0.589844
0 0.575684 0.899048 0.0439453 0.0609524 0.744141
0 0.621582 0.881905 0.0419922 0.0419048 0.75
0 0.83252 0.813333 0.0361328 0.0419048 0.754883
0 0.674316 0.87619 0.0439453 0.0380952 0.776367
0 0.764648 0.806667 0.0332031 0.0361905 0.788086
0 0.98877 0.16 0.0224609 0.0419048 0.793945
0 0.443848 0.798095 0.0283203 0.0342857 0.798828
0 0.927246 0.829524 0.0400391 0.0666667 0.814941
0 0.849609 0.06 0.0390625 0.0780952 0.843262
0 0.0693359 0.951429 0.0429688 0.0742857 0.844238
0 0.633301 0.825714 0.0400391 0.0361905 0.84668
0 0.402344 0.749524 0.0410156 0.04 0.860352
0 0.751953 0.741905 0.0332031 0.0361905 0.86084
0 0.869629 0.772381 0.0400391 0.0552381 0.863281
0 0.159668 0.812381 0.0439453 0.0666667 0.868164
0 0.567383 0.752381 0.0371094 0.0342857 0.870605
0 0.924805 0.889524 0.0390625 0.0647619 0.87207
0 0.246094 0.824762 0.0429688 0.0495238 0.87207
0 0.544434 0.866667 0.0458984 0.0838095 0.876953
0 0.924805 0.120952 0.046875 0.0666667 0.87793
0 0.121094 0.127619 0.0371094 0.0609524 0.881348
0 0.896973 0.925714 0.0439453 0.0685714 0.887695
0 0.0717773 0.165714 0.0400391 0.0571429 0.891113
0 0.930176 0.187619 0.0576172 0.0742857 0.894531
0 0.186523 0.895238 0.0449219 0.0609524 0.89502
0 0.287598 0.761905 0.0439453 0.0457143 0.89502
0 0.0942383 0.0819048 0.0400391 0.0647619 0.905273
