0 0.703125 0.00952381 0.0234375 0.0190476 0.259277
0 0.958008 0.194286 0.0410156 0.0495238 0.306885
1 0.737305 0.741905 0.0605469 0.0514286 0.352539
0 0.994629 0.167619 0.0107422 0.0457143 0.37085
0 0.737305 0.740952 0.0605469 0.0495238 0.391113
0 0.11084 0.118095 0.0498047 0.0838095 0.503418
0 0.864746 0.0314286 0.0419922 0.0628571 0.538574
0 0.676758 0.878095 0.0390625 0.0380952 0.590332
0 0.981934 0.920952 0.0341797 0.0742857 0.634766
0 0.524902 0.794286 0.0302734 0.0342857 0.64209
0 0.633789 0.74381 0.0371094 0.0361905 0.656738
0 0.773438 0.848571 0.0429688 0.0514286 0.76123
0 0.8125 0.742857 0.0351562 0.0380952 0.763184
0 0.939941 0.831429 0.0400391 0.0628571 0.784668
0 0.428711 0.811429 0.0390625 0.0380952 0.788574
0 0.844727 0.831429 0.0332031 0.0438095 0.800293
0 0.208496 0.880952 0.0458984 0.0628571 0.800781
0 0.621582 0.881905 0.0419922 0.0419048 0.833496
0 0.0751953 0.0876191 0.0449219 0.0609524 0.848145
0 0.222168 0.818095 0.0419922 0.0552381 0.851562
0 0.495605 0.744762 0.0400391 0.0380952 0.856445
0 0.949219 0.137143 0.0488281 0.0609524 0.860352
0 0.360352 0.812381 0.0410156 0.04 0.866699
0 0.905762 0.864762 0.0341797 0.0609524 0.869629
0 0.575684 0.899048 0.0439453 0.0609524 0.87207
0 0.310547 0.854286 0.0410156 0.04 0.873535
0 0.400391 0.753333 0.0429688 0.04 0.878418
0 0.0708008 0.930476 0.0419922 0.0742857 0.883789
0 0.604004 0.827619 0.0458984 0.0590476 0.893555
0 0.283691 0.755238 0.0380859 0.04 0.898926
0 0.856934 0.0847619 0.0537109 0.0971429 0.915527
