0 0.10791 0.0304762 0.0400391 0.0609524 0.300537
0 0.996094 0.165714 0.0078125 0.0495238 0.305908
1 0.675781 0.749524 0.0605469 0.0552381 0.398438
0 0.827148 0.916191 0.0410156 0.0495238 0.556152
0 0.675781 0.749524 0.0625 0.0590476 0.55957
0 0.807617 0.804762 0.0371094 0.0361905 0.616211
0 0.0117188 0.10381 0.0234375 0.04 0.620117
0 0.674316 0.875238 0.0439453 0.04 0.765137
0 0.977539 0.771429 0.0390625 0.0380952 0.773438
0 0.296875 0.815238 0.0390625 0.0380952 0.800781
0 0.575684 0.899048 0.0419922 0.0609524 0.830566
0 0.409668 0.799048 0.0283203 0.032381 0.838867
0 0.741211 0.805714 0.0332031 0.0342857 0.842773
0 0.90625 0.806667 0.0390625 0.0590476 0.843262
0 0.621582 0.881905 0.0400391 0.0419048 0.852051
0 0.585449 0.820952 0.0400391 0.0380952 0.852539
0 0.541504 0.752381 0.0380859 0.0342857 0.852539
0 0.0268555 0.146667 0.0361328 0.0419048 0.853516
0 0.952148 0.204762 0.0566406 0.0666667 0.854004
0 0.843262 0.754286 0.0439453 0.0533333 0.859375
0 0.208984 0.839048 0.0429688 0.0552381 0.867188
0 0.366211 0.749524 0.0390625 0.04 0.870605
0 0.734375 0.74 0.0332031 0.0361905 0.873047
0 0.877441 0.113333 0.0400391 0.0742857 0.874512
0 0.944336 0.139048 0.046875 0.0571429 0.879395
0 0.151855 0.0904762 0.0400391 0.0704762 0.879395
0 0.859375 0.886667 0.0449219 0.0590476 0.885742
0 0.119141 0.856191 0.0410156 0.0742857 0.886719
0 0.124023 0.0514286 0.0429688 0.072381 0.887207
0 0.105957 0.139048 0.0400391 0.0609524 0.911133
0 0.53418 0.880952 0.0449219 0.0895238 0.912109
0 0.146973 0.925714 0.0439453 0.0685714 0.914062
0 0.246582 0.773333 0.0458984 0.0533333 0.916504
0 0.897461 0.857143 0.0410156 0.0609524 0.92627
