0 0.703613 0.00952381 0.0244141 0.0190476 0.253418
0 0.0473633 0.970476 0.0419922 0.0590476 0.505371
0 0.0102539 0.153333 0.0205078 0.04 0.522949
0 0.820801 0.809524 0.0361328 0.0342857 0.556152
0 0.992188 0.162857 0.015625 0.0438095 0.598633
0 0.878906 0.90381 0.0429688 0.0590476 0.634766
0 0.425293 0.797143 0.0322266 0.0361905 0.655762
0 0.679199 0.747619 0.0634766 0.0590476 0.730957
0 0.978516 0.772381 0.0390625 0.0361905 0.754395
0 0.674805 0.875238 0.0429688 0.04 0.793457
0 0.31543 0.811429 0.0390625 0.0380952 0.8125
0 0.751953 0.805714 0.0332031 0.0342857 0.832031
0 0.576172 0.899048 0.0429688 0.0609524 0.835938
0 0.609863 0.822857 0.0400391 0.0380952 0.838379
0 0.227539 0.828571 0.0429688 0.0495238 0.841309
0 0.621582 0.881905 0.0400391 0.0419048 0.843262
0 0.384766 0.747619 0.0410156 0.04 0.843262
0 0.935547 0.131429 0.046875 0.0647619 0.844238
0 0.855469 0.760952 0.0429688 0.0552381 0.844238
0 0.138184 0.111429 0.0400391 0.0704762 0.86084
0 0.918457 0.817143 0.0419922 0.072381 0.871094
0 0.554199 0.751429 0.0380859 0.0361905 0.873535
0 0.742676 0.74 0.0341797 0.0361905 0.875977
0 0.0883789 0.154286 0.0419922 0.0609524 0.881836
0 0.863281 0.0885714 0.0390625 0.0742857 0.885742
0 0.539551 0.874286 0.0458984 0.0876191 0.88916
0 0.13916 0.834286 0.0419922 0.072381 0.889648
0 0.26709 0.766667 0.0439453 0.047619 0.891113
0 0.940918 0.197143 0.0576172 0.0704762 0.893555
0 0.167969 0.909524 0.046875 0.0666667 0.899902
0 0.110352 0.0657143 0.0410156 0.0666667 0.908691
0 0.911621 0.873333 0.0400391 0.0628571 0.90918
