0 0.703125 0.00952381 0.0234375 0.0190476 0.257812
0 0.841309 0.818095 0.0419922 0.047619 0.449219
0 0.979492 0.773333 0.0390625 0.0457143 0.460693
0 0.112793 0.970476 0.0458984 0.0590476 0.512695
0 0.936523 0.844762 0.0371094 0.0666667 0.563477
0 0.460449 0.795238 0.0283203 0.032381 0.675781
0 0.675781 0.87619 0.0410156 0.0380952 0.719238
0 0.0410156 0.154286 0.0371094 0.0457143 0.726074
0 0.621094 0.881905 0.0410156 0.0419048 0.733887
0 0.914062 0.944762 0.046875 0.08 0.75293
0 0.691406 0.746667 0.0605469 0.0571429 0.756836
0 0.777344 0.807619 0.0332031 0.0342857 0.813965
0 0.575195 0.9 0.0449219 0.0628571 0.818359
0 0.656738 0.824762 0.0419922 0.0419048 0.825195
0 0.351074 0.810476 0.0419922 0.04 0.833984
0 0.985352 0.159048 0.0292969 0.0438095 0.841309
0 0.419434 0.747619 0.0400391 0.04 0.843262
0 0.881836 0.78 0.0410156 0.0552381 0.84668
0 0.837402 0.0352381 0.0380859 0.0704762 0.868164
0 0.579102 0.749524 0.0371094 0.0361905 0.868652
0 0.761719 0.74 0.0332031 0.0361905 0.873047
0 0.10498 0.141905 0.0380859 0.0590476 0.878906
0 0.09375 0.921905 0.0429688 0.0685714 0.882812
0 0.0517578 0.177143 0.0390625 0.0495238 0.883301
0 0.549805 0.86 0.046875 0.0819048 0.884277
0 0.0766602 0.0961905 0.0419922 0.0590476 0.88916
0 0.916016 0.110476 0.046875 0.0761905 0.889648
0 0.308105 0.759048 0.0439453 0.0438095 0.889648
0 0.180664 0.795238 0.0410156 0.0628571 0.89502
0 0.266602 0.821905 0.0410156 0.0438095 0.896973
0 0.207031 0.881905 0.0449219 0.0609524 0.904297
0 0.918945 0.17619 0.0566406 0.0780952 0.908203
0 0.936523 0.908571 0.0410156 0.072381 0.92334
