0 0.703613 0.00952381 0.0244141 0.0190476 0.27002
0 0.90625 0.147619 0.0410156 0.0628571 0.317871
0 0.786133 0.742857 0.0605469 0.0457143 0.62793
0 0.861816 0.891429 0.0419922 0.0533333 0.758301
0 0.0717773 0.94 0.0419922 0.0742857 0.76709
0 0.583984 0.794286 0.0292969 0.0342857 0.770508
0 0.62207 0.881905 0.0410156 0.0419048 0.78418
0 0.67627 0.877143 0.0400391 0.0361905 0.789551
0 0.972168 0.96381 0.0361328 0.0685714 0.803711
0 0.689453 0.741905 0.0390625 0.0361905 0.820312
0 0.503418 0.808571 0.0419922 0.0361905 0.82373
0 0.575684 0.899048 0.0439453 0.0609524 0.830566
0 0.141602 0.032381 0.0390625 0.0647619 0.845703
0 0.304199 0.849524 0.0419922 0.0380952 0.854492
0 0.430176 0.808571 0.0400391 0.04 0.856445
0 0.970215 0.202857 0.0419922 0.0438095 0.859375
0 0.403809 0.851429 0.0400391 0.0380952 0.867676
0 0.566895 0.742857 0.0400391 0.0380952 0.871094
0 0.695312 0.811429 0.046875 0.0457143 0.874023
0 0.940918 0.127619 0.0361328 0.0533333 0.875488
0 0.859375 0.761905 0.0371094 0.0457143 0.880859
0 0.335449 0.798095 0.0419922 0.0419048 0.888184
0 0.186523 0.801905 0.0429688 0.0571429 0.892578
0 0.471191 0.749524 0.0439453 0.04 0.892578
0 0.888184 0.0619048 0.0458984 0.0819048 0.892578
0 0.151855 0.0771429 0.0380859 0.0704762 0.898438
0 0.378906 0.754286 0.0390625 0.0380952 0.899414
0 0.133789 0.916191 0.0390625 0.0647619 0.913574
0 0.910645 0.881905 0.0361328 0.0571429 0.921387
