0 0.027832 0.0904762 0.0478516 0.0514286 0.2854
0 0.756348 0.741905 0.0595703 0.0514286 0.300537
0 0.996094 0.218095 0.0078125 0.047619 0.310059
0 0.813965 0.864762 0.0419922 0.0533333 0.408691
0 0.984375 0.77619 0.03125 0.0590476 0.472168
0 0.936035 0.178095 0.0419922 0.0552381 0.584473
0 0.0341797 0.105714 0.0429688 0.047619 0.606934
0 0.834473 0.0419048 0.0517578 0.0838095 0.724609
0 0.547852 0.794286 0.0292969 0.0342857 0.790527
0 0.98291 0.158095 0.0322266 0.0380952 0.79541
0 0.67627 0.877143 0.0400391 0.0361905 0.811035
0 0.523926 0.74381 0.0400391 0.0361905 0.814453
0 0.460449 0.811429 0.0419922 0.0380952 0.833008
0 0.62207 0.881905 0.0410156 0.0419048 0.833984
0 0.925781 0.114286 0.0488281 0.0685714 0.844238
0 0.656738 0.742857 0.0380859 0.0380952 0.852051
0 0.390137 0.810476 0.0400391 0.04 0.861816
0 0.270508 0.802857 0.0410156 0.047619 0.867676
0 0.967285 0.865714 0.0400391 0.0704762 0.868164
0 0.349609 0.853333 0.0410156 0.0380952 0.869141
0 0.575684 0.899048 0.0439453 0.0609524 0.875977
0 0.637695 0.819048 0.0449219 0.0495238 0.87793
0 0.429688 0.751429 0.0429688 0.04 0.883789
0 0.323242 0.754286 0.0390625 0.0380952 0.887207
0 0.871094 0.846667 0.0351562 0.047619 0.890137
0 0.831543 0.748571 0.0341797 0.0419048 0.900391
0 0.245605 0.86 0.0419922 0.0514286 0.901367
0 0.929688 0.89619 0.0371094 0.0666667 0.907227
0 0.115234 0.866667 0.0429688 0.072381 0.90918
