0 0.0551758 0.0980952 0.0419922 0.047619 0.285889
0 0.988281 0.16381 0.0214844 0.0419048 0.540039
1 0.746094 0.742857 0.0605469 0.0533333 0.577637
0 0.983398 0.775238 0.0332031 0.0647619 0.58252
0 0.946777 0.186667 0.0419922 0.0533333 0.592285
0 0.536621 0.794286 0.0302734 0.0342857 0.798828
0 0.794434 0.855238 0.0419922 0.0495238 0.811035
0 0.676758 0.87619 0.0410156 0.0380952 0.814941
0 0.510742 0.74381 0.0390625 0.0361905 0.822266
0 0.621582 0.882857 0.0400391 0.04 0.825684
0 0.64502 0.742857 0.0380859 0.0380952 0.829102
0 0.443848 0.811429 0.0380859 0.0380952 0.834961
0 0.821777 0.744762 0.0341797 0.0380952 0.838867
0 0.330566 0.854286 0.0419922 0.04 0.856445
0 0.954102 0.848571 0.0390625 0.0666667 0.861816
0 0.85791 0.839048 0.0341797 0.047619 0.863281
0 0.575684 0.899048 0.0439453 0.0609524 0.864746
0 0.246094 0.806667 0.0429688 0.0514286 0.869141
0 0.226562 0.868571 0.0429688 0.0533333 0.87207
0 0.375977 0.811429 0.0410156 0.0380952 0.87793
0 0.916992 0.878095 0.0371094 0.0647619 0.879395
0 0.620605 0.822857 0.0439453 0.0495238 0.881836
0 0.938477 0.127619 0.0488281 0.0647619 0.886719
0 0.415039 0.752381 0.0429688 0.0380952 0.889648
0 0.303711 0.754286 0.0390625 0.0380952 0.893555
0 0.0927734 0.898095 0.0410156 0.0742857 0.902344
0 0.846191 0.06 0.0517578 0.100952 0.914062
