0 0.704102 0.00952381 0.0234375 0.0190476 0.27002
1 0.82666 0.750476 0.0615234 0.0533333 0.521484
0 0.13916 0.0419048 0.0341797 0.0685714 0.552246
0 0.622559 0.74381 0.0400391 0.0361905 0.662598
0 0.82666 0.751429 0.0634766 0.0514286 0.668457
0 0.64502 0.793333 0.0283203 0.04 0.67334
0 0.915527 0.946667 0.0439453 0.0685714 0.69043
0 0.621582 0.881905 0.0400391 0.0419048 0.785156
0 0.050293 0.96 0.0380859 0.0685714 0.786133
0 0.67627 0.87619 0.0400391 0.0380952 0.802246
0 0.146484 0.849524 0.0429688 0.0685714 0.813477
0 0.568848 0.806667 0.0380859 0.0361905 0.819336
0 0.731445 0.74 0.0371094 0.0361905 0.854004
0 0.481934 0.807619 0.0400391 0.0380952 0.857422
0 0.526855 0.746667 0.0419922 0.0380952 0.86377
0 0.779297 0.813333 0.0429688 0.0457143 0.866211
0 0.575684 0.899048 0.0439453 0.0609524 0.870117
0 0.371582 0.849524 0.0419922 0.0380952 0.871094
0 0.0634766 0.16381 0.0371094 0.0495238 0.874023
0 0.209473 0.848571 0.0400391 0.0552381 0.886719
0 0.963867 0.954286 0.0332031 0.0609524 0.888672
0 0.871094 0.0942857 0.0410156 0.0742857 0.888672
0 0.467285 0.850476 0.0400391 0.04 0.892578
0 0.441406 0.752381 0.0390625 0.0380952 0.893555
0 0.278809 0.76381 0.0400391 0.0419048 0.896484
0 0.40332 0.800952 0.0390625 0.04 0.898438
0 0.898926 0.784762 0.0361328 0.0533333 0.903809
0 0.890137 0.0504762 0.0361328 0.0666667 0.903809
0 0.916504 0.161905 0.0400391 0.0609524 0.905762
