0 0.627441 0.794286 0.0283203 0.0342857 0.49585
0 0.102539 0.0790476 0.0351562 0.0590476 0.632812
0 0.816406 0.747619 0.0625 0.0514286 0.734375
0 0.12793 0.865714 0.0429688 0.0704762 0.74707
0 0.62207 0.881905 0.0410156 0.0419048 0.754395
0 0.676758 0.87619 0.0410156 0.0380952 0.780273
0 0.575684 0.9 0.0439453 0.0590476 0.841309
0 0.553223 0.806667 0.0380859 0.0361905 0.841309
0 0.608398 0.742857 0.0410156 0.0380952 0.84668
0 0.721191 0.740952 0.0380859 0.0380952 0.851074
0 0.357422 0.849524 0.0410156 0.0380952 0.852539
0 0.900879 0.929524 0.0419922 0.0685714 0.859375
0 0.757812 0.812381 0.0429688 0.04 0.861816
0 0.467285 0.807619 0.0400391 0.0380952 0.86377
0 0.512695 0.746667 0.0429688 0.0380952 0.871094
0 0.452148 0.850476 0.0410156 0.04 0.873047
0 0.0874023 0.150476 0.0419922 0.0609524 0.875488
0 0.928223 0.175238 0.0400391 0.0571429 0.875977
0 0.255859 0.769524 0.0410156 0.0457143 0.875977
0 0.87793 0.107619 0.0390625 0.0704762 0.876953
0 0.42627 0.752381 0.0380859 0.0380952 0.87793
0 0.901855 0.0733333 0.0361328 0.0628571 0.884766
0 0.388672 0.800952 0.0390625 0.04 0.886719
0 0.950684 0.933333 0.0341797 0.0609524 0.890625
0 0.890137 0.777143 0.0361328 0.0495238 0.893066
0 0.19043 0.861905 0.0390625 0.0552381 0.899902
