0 0.730469 0.887619 0.0390625 0.0419048 0.254883
0 0.702637 0.00952381 0.0244141 0.0190476 0.260742
0 0.0253906 0.100952 0.0390625 0.0419048 0.301514
0 0.990723 0.775238 0.0185547 0.0647619 0.351318
0 0.0327148 0.126667 0.0380859 0.0438095 0.491699
0 0.696289 0.793333 0.0371094 0.04 0.663086
0 0.663086 0.741905 0.0410156 0.04 0.742676
0 0.621094 0.804762 0.0390625 0.0361905 0.74707
0 0.62207 0.882857 0.0410156 0.04 0.786621
0 0.676758 0.877143 0.0390625 0.0361905 0.794922
0 0.857422 0.761905 0.0625 0.0647619 0.837891
0 0.76416 0.739048 0.0380859 0.0380952 0.856934
0 0.849609 0.0457143 0.0390625 0.08 0.858398
0 0.575684 0.899048 0.0439453 0.0609524 0.862793
0 0.532227 0.804762 0.0410156 0.04 0.872559
0 0.837402 0.827619 0.0478516 0.0590476 0.874023
0 0.446289 0.8 0.0390625 0.0380952 0.876953
0 0.202148 0.808571 0.0429688 0.0590476 0.87793
0 0.51123 0.845714 0.0400391 0.0380952 0.87793
0 0.339844 0.754286 0.0390625 0.0380952 0.878418
0 0.410645 0.849524 0.0400391 0.0380952 0.880859
0 0.486328 0.750476 0.0390625 0.0380952 0.883789
0 0.884277 0.118095 0.0400391 0.072381 0.886719
0 0.569336 0.745714 0.0429688 0.04 0.888184
0 0.106445 0.877143 0.0371094 0.0628571 0.891113
0 0.268555 0.82381 0.0390625 0.0438095 0.908203
0 0.929688 0.810476 0.0351562 0.0590476 0.923828
