0 0.729004 0.888571 0.0380859 0.04 0.255859
0 0.0463867 0.962857 0.0439453 0.0742857 0.32666
0 0.0942383 0.0790476 0.0224609 0.032381 0.431885
0 0.0371094 0.139048 0.03125 0.0380952 0.435303
0 0.679199 0.801905 0.0361328 0.0419048 0.647461
0 0.797852 0.740952 0.0371094 0.0342857 0.676758
0 0.702148 0.741905 0.0371094 0.0361905 0.735352
0 0.621582 0.882857 0.0400391 0.04 0.801758
0 0.757324 0.796191 0.0283203 0.0380952 0.806641
0 0.67627 0.877143 0.0400391 0.0361905 0.820312
0 0.59375 0.80381 0.0390625 0.0380952 0.841309
0 0.88916 0.781905 0.0634766 0.0742857 0.85498
0 0.556152 0.841905 0.0419922 0.0419048 0.860352
0 0.575684 0.9 0.0439453 0.0590476 0.86084
0 0.164062 0.813333 0.0390625 0.0609524 0.866699
0 0.608887 0.745714 0.0439453 0.04 0.866699
0 0.393066 0.752381 0.0400391 0.0380952 0.880859
0 0.443359 0.849524 0.0410156 0.0380952 0.881348
0 0.528809 0.748571 0.0380859 0.0380952 0.888672
0 0.324707 0.813333 0.0361328 0.0380952 0.890625
1 0.189941 0.897143 0.108398 0.121905 0.891602
0 0.860352 0.0685714 0.0390625 0.0761905 0.89209
0 0.896973 0.866667 0.0478516 0.072381 0.897461
0 0.489258 0.8 0.0390625 0.0419048 0.897949
0 0.255371 0.785714 0.0419922 0.047619 0.899902
0 0.958496 0.846667 0.0361328 0.0628571 0.900391
