0 0.991211 0.780952 0.0175781 0.0761905 0.286377
0 0.838379 0.0238095 0.0322266 0.047619 0.452881
0 0.106445 0.0714286 0.0214844 0.032381 0.575195
0 0.736328 0.796191 0.0292969 0.0342857 0.594727
0 0.689453 0.741905 0.0390625 0.04 0.713379
0 0.67627 0.877143 0.0400391 0.0361905 0.745605
0 0.660156 0.805714 0.0390625 0.0419048 0.800781
0 0.621582 0.881905 0.0400391 0.0419048 0.821777
1 0.177246 0.907619 0.108398 0.131429 0.847656
0 0.787109 0.74 0.0390625 0.0361905 0.849609
0 0.575684 0.9 0.0439453 0.0590476 0.860352
0 0.595215 0.745714 0.0439453 0.04 0.864258
0 0.541504 0.842857 0.0419922 0.04 0.864746
0 0.878906 0.775238 0.0625 0.072381 0.871094
0 0.306641 0.81619 0.0371094 0.04 0.872559
0 0.571777 0.806667 0.0419922 0.04 0.873535
0 0.515137 0.747619 0.0380859 0.04 0.874023
0 0.376465 0.752381 0.0400391 0.0380952 0.878418
0 0.474609 0.8 0.0390625 0.0419048 0.883789
0 0.432129 0.849524 0.0419922 0.0380952 0.885742
0 0.238281 0.791429 0.0429688 0.0514286 0.887695
0 0.868164 0.0857143 0.0390625 0.0761905 0.894043
0 0.144531 0.832381 0.0390625 0.0647619 0.896484
0 0.949219 0.834286 0.0351562 0.0609524 0.898438
0 0.878906 0.852381 0.046875 0.0628571 0.937012
