0 0.753418 0.805714 0.0400391 0.0419048 0.739746
0 0.990234 0.914286 0.0195312 0.0838095 0.744141
0 0.67627 0.877143 0.0400391 0.0361905 0.807617
0 0.830566 0.817143 0.0322266 0.0457143 0.839844
0 0.623535 0.837143 0.0419922 0.04 0.84082
0 0.661621 0.744762 0.0419922 0.0419048 0.843262
0 0.754883 0.740952 0.0390625 0.0380952 0.853516
0 0.846191 0.751429 0.0400391 0.047619 0.855957
0 0.621582 0.882857 0.0400391 0.04 0.865723
0 0.248535 0.761905 0.0380859 0.0419048 0.868164
0 0.672852 0.805714 0.0410156 0.0419048 0.871582
0 0.584473 0.746667 0.0400391 0.0380952 0.877441
1 0.248047 0.862857 0.111328 0.0952381 0.878418
0 0.575684 0.899048 0.0439453 0.0609524 0.879395
0 0.115723 0.865714 0.0439453 0.0742857 0.881348
0 0.324707 0.780952 0.0419922 0.0380952 0.881836
0 0.558594 0.799048 0.0390625 0.04 0.882324
0 0.489746 0.849524 0.0400391 0.0380952 0.882812
0 0.393555 0.807619 0.0371094 0.0380952 0.885254
0 0.934082 0.822857 0.0654297 0.0914286 0.887695
0 0.462402 0.750476 0.0400391 0.0380952 0.888672
0 0.133301 0.916191 0.0400391 0.072381 0.890137
0 0.97168 0.959048 0.046875 0.0819048 0.897461
