0 0.842285 0.0285714 0.0341797 0.0571429 0.520996
0 0.812988 0.811429 0.0302734 0.0380952 0.768555
0 0.67627 0.877143 0.0400391 0.0361905 0.811035
0 0.0976562 0.890476 0.0429688 0.0742857 0.815918
0 0.736816 0.805714 0.0380859 0.0419048 0.822266
0 0.648438 0.744762 0.0429688 0.0419048 0.840332
0 0.621582 0.882857 0.0419922 0.04 0.84668
0 0.834473 0.748571 0.0400391 0.0419048 0.861816
0 0.741211 0.740952 0.0390625 0.0380952 0.869141
1 0.233398 0.868571 0.109375 0.106667 0.869629
0 0.575684 0.899048 0.0439453 0.0609524 0.870117
0 0.117676 0.938095 0.0400391 0.0704762 0.871582
0 0.605469 0.837143 0.0429688 0.04 0.872559
0 0.571289 0.747619 0.0390625 0.04 0.875
0 0.476562 0.848571 0.0390625 0.04 0.875977
0 0.377441 0.809524 0.0361328 0.0380952 0.877441
0 0.227051 0.770476 0.0380859 0.047619 0.878418
0 0.541016 0.799048 0.0390625 0.04 0.878418
0 0.445312 0.750476 0.0410156 0.0380952 0.879883
0 0.984863 0.892381 0.0302734 0.0704762 0.881348
0 0.654297 0.804762 0.0410156 0.0438095 0.882812
0 0.308105 0.779048 0.0400391 0.0380952 0.884277
0 0.921875 0.809524 0.0644531 0.0838095 0.88916
0 0.953125 0.932381 0.046875 0.0780952 0.925293
