0 0.0893555 0.970476 0.0458984 0.0590476 0.302002
0 0.145508 0.0361905 0.0351562 0.0647619 0.302246
0 0.015625 0.140952 0.03125 0.0457143 0.462402
0 0.808594 0.742857 0.0351562 0.0342857 0.482178
0 0.695312 0.801905 0.0429688 0.0419048 0.695312
0 0.899902 0.788571 0.0634766 0.0761905 0.748047
0 0.0620117 0.941905 0.0439453 0.0780952 0.757324
0 0.774414 0.799048 0.0292969 0.0361905 0.762207
0 0.714844 0.740952 0.0390625 0.0380952 0.827148
0 0.67627 0.87619 0.0400391 0.0380952 0.831543
0 0.621582 0.881905 0.0400391 0.0419048 0.83252
1 0.203613 0.886667 0.106445 0.12 0.84375
0 0.614258 0.80381 0.0410156 0.0380952 0.844238
0 0.571777 0.841905 0.0419922 0.0380952 0.857422
0 0.621582 0.745714 0.0419922 0.04 0.857422
0 0.575195 0.9 0.0429688 0.0590476 0.86084
0 0.274414 0.781905 0.0410156 0.04 0.882324
0 0.410645 0.750476 0.0400391 0.0380952 0.885742
0 0.542969 0.746667 0.0390625 0.0380952 0.890137
0 0.454102 0.849524 0.0410156 0.0380952 0.892578
0 0.342773 0.811429 0.0371094 0.0380952 0.892578
0 0.505371 0.799048 0.0380859 0.04 0.898438
0 0.968262 0.86 0.0361328 0.0666667 0.908203
0 0.853516 0.0495238 0.0390625 0.0761905 0.911133
0 0.184082 0.797143 0.0400391 0.0590476 0.912598
0 0.916016 0.884762 0.046875 0.0704762 0.914551
