0 0.995117 0.10381 0.00976562 0.04 0.290283
1 0.160645 0.921905 0.102539 0.137143 0.507324
0 0.717285 0.794286 0.0322266 0.0380952 0.661621
0 0.843262 0.0333333 0.0361328 0.0666667 0.711914
0 0.677246 0.741905 0.0380859 0.0361905 0.731934
0 0.641113 0.80381 0.0380859 0.0380952 0.779785
0 0.621582 0.882857 0.0400391 0.04 0.782715
0 0.67627 0.877143 0.0400391 0.0361905 0.812988
0 0.775391 0.739048 0.0390625 0.0380952 0.859863
0 0.867188 0.768571 0.0644531 0.0666667 0.861328
0 0.859375 0.839048 0.0449219 0.0552381 0.868652
0 0.525391 0.844762 0.0429688 0.04 0.870117
0 0.55127 0.805714 0.0400391 0.0380952 0.87207
0 0.575684 0.899048 0.0439453 0.0609524 0.873535
0 0.5 0.750476 0.0390625 0.0380952 0.875977
0 0.358398 0.752381 0.0390625 0.0380952 0.877441
0 0.58252 0.744762 0.0439453 0.0419048 0.877441
0 0.460449 0.800952 0.0380859 0.04 0.881836
0 0.421387 0.849524 0.0400391 0.0380952 0.882812
0 0.124512 0.853333 0.0380859 0.0609524 0.887207
0 0.287598 0.820952 0.0380859 0.0419048 0.887207
0 0.876465 0.10381 0.0400391 0.0742857 0.890625
0 0.219727 0.8 0.0429688 0.0533333 0.916992
0 0.938965 0.821905 0.0380859 0.0590476 0.920898
