0 0.871094 0.02 0.0292969 0.04 0.483887
0 0.14502 0.0314286 0.0224609 0.04 0.577637
0 0.62207 0.882857 0.0410156 0.04 0.647461
0 0.0146484 0.180952 0.0273438 0.0419048 0.666504
0 0.60498 0.80381 0.0400391 0.0380952 0.687012
0 0.649414 0.742857 0.0410156 0.0380952 0.72998
0 0.682129 0.794286 0.0283203 0.0342857 0.743164
0 0.67627 0.87619 0.0400391 0.0380952 0.800781
0 0.753418 0.739048 0.0380859 0.0380952 0.833496
0 0.575684 0.899048 0.0439453 0.0609524 0.838379
0 0.856445 0.0619048 0.0371094 0.0780952 0.844727
0 0.514648 0.804762 0.0410156 0.04 0.856934
0 0.431152 0.799048 0.0419922 0.04 0.859375
0 0.84668 0.758095 0.0625 0.0609524 0.862305
0 0.496582 0.846667 0.0419922 0.04 0.869141
0 0.397949 0.849524 0.0400391 0.0380952 0.875
0 0.0874023 0.904762 0.0380859 0.0647619 0.875977
0 0.893555 0.133333 0.0410156 0.0685714 0.87793
0 0.320312 0.755238 0.0410156 0.04 0.885254
0 0.472168 0.750476 0.0380859 0.0380952 0.885742
0 0.249023 0.829524 0.0390625 0.0438095 0.888184
0 0.554688 0.746667 0.0429688 0.0419048 0.891113
0 0.818848 0.821905 0.0458984 0.047619 0.911133
0 0.92041 0.8 0.0361328 0.0571429 0.911621
0 0.183594 0.819048 0.0429688 0.0609524 0.911621
