0 0.0395508 0.0980952 0.0224609 0.0209524 0.259521
0 0.046875 0.955238 0.0585938 0.0895238 0.310303
0 0.984375 0.972381 0.03125 0.0552381 0.557617
0 0.147461 0.894286 0.0410156 0.0742857 0.719727
0 0.676758 0.878095 0.0390625 0.0342857 0.750977
0 0.135254 0.845714 0.0439453 0.0761905 0.763184
0 0.642578 0.83619 0.0429688 0.0419048 0.776367
0 0.142578 0.032381 0.0351562 0.0647619 0.793945
1 0.262207 0.860952 0.106445 0.0914286 0.79834
0 0.850098 0.830476 0.0302734 0.0457143 0.801758
0 0.62207 0.882857 0.0410156 0.04 0.806641
0 0.856934 0.75619 0.0458984 0.0533333 0.808594
0 0.673828 0.744762 0.0429688 0.0419048 0.829102
0 0.772461 0.806667 0.0371094 0.0438095 0.831543
0 0.947754 0.837143 0.0634766 0.0933333 0.846191
0 0.690918 0.802857 0.0400391 0.0438095 0.849609
0 0.768066 0.74 0.0400391 0.0361905 0.852539
0 0.270508 0.75619 0.0371094 0.0380952 0.861816
0 0.339355 0.779048 0.0419922 0.0380952 0.866699
0 0.575684 0.899048 0.0439453 0.0609524 0.867676
0 0.59668 0.747619 0.0390625 0.04 0.868652
0 0.577637 0.799048 0.0380859 0.04 0.876953
0 0.478516 0.750476 0.0390625 0.0380952 0.879883
0 0.504883 0.849524 0.0390625 0.0380952 0.881348
0 0.409668 0.807619 0.0361328 0.0380952 0.898926
