0 0.186523 0.04 0.0566406 0.08 0.391113
0 0.0859375 0.901905 0.0371094 0.0666667 0.397461
0 0.796387 0.741905 0.0380859 0.0361905 0.535156
1 0.291504 0.854286 0.106445 0.0780952 0.544922
0 0.885742 0.772381 0.0410156 0.0552381 0.592285
0 0.805664 0.81619 0.0410156 0.0438095 0.618652
0 0.885254 0.855238 0.0322266 0.0533333 0.663086
0 0.699707 0.74381 0.0419922 0.04 0.713867
0 0.677246 0.878095 0.0380859 0.0342857 0.752441
0 0.727539 0.80381 0.0410156 0.0457143 0.762207
0 0.679688 0.837143 0.0390625 0.04 0.772949
0 0.62207 0.882857 0.0410156 0.04 0.801758
0 0.615723 0.799048 0.0400391 0.04 0.850586
0 0.575684 0.899048 0.0439453 0.0609524 0.854492
0 0.312012 0.749524 0.0380859 0.0361905 0.864746
0 0.444824 0.805714 0.0361328 0.0380952 0.867676
0 0.539551 0.84381 0.0419922 0.0419048 0.872559
0 0.971191 0.873333 0.0576172 0.100952 0.875488
0 0.618164 0.747619 0.0390625 0.04 0.880859
0 0.511719 0.748571 0.0390625 0.0380952 0.880859
0 0.375488 0.780952 0.0400391 0.0380952 0.883789
