0 0.18457 0.0228571 0.0390625 0.0457143 0.391846
0 0.194336 0.784762 0.0371094 0.0533333 0.439209
0 0.0224609 0.129524 0.0410156 0.0495238 0.540527
1 0.0976562 0.144762 0.0664062 0.0876191 0.735352
0 0.677246 0.877143 0.0400391 0.0361905 0.749512
0 0.62207 0.882857 0.0410156 0.04 0.763184
0 0.224609 0.879048 0.0429688 0.0590476 0.777832
0 0.281738 0.810476 0.0380859 0.04 0.81543
0 0.970703 0.958095 0.03125 0.0571429 0.816895
0 0.648926 0.826667 0.0419922 0.0380952 0.834473
0 0.302734 0.753333 0.0410156 0.04 0.847656
0 0.894531 0.860952 0.0429688 0.0647619 0.848633
0 0.82959 0.81619 0.0400391 0.0438095 0.851074
0 0.599121 0.746667 0.0400391 0.0380952 0.854004
0 0.575684 0.899048 0.0439453 0.0609524 0.856445
0 0.966797 0.869524 0.0390625 0.0742857 0.859375
0 0.685547 0.747619 0.0390625 0.04 0.859375
0 0.798828 0.856191 0.0429688 0.047619 0.868652
0 0.781738 0.74381 0.0419922 0.04 0.869629
0 0.452148 0.745714 0.0371094 0.0361905 0.878906
0 0.560547 0.800952 0.0351562 0.0361905 0.879883
0 0.487305 0.789524 0.0390625 0.0361905 0.881348
0 0.736328 0.800952 0.0390625 0.04 0.88623
0 0.881348 0.771429 0.0439453 0.0571429 0.899902
0 0.131836 0.0514286 0.0371094 0.0647619 0.915039
