0 0.166016 0.87619 0.0390625 0.0685714 0.333984
0 0.154297 0.824762 0.0429688 0.072381 0.380615
0 0.129395 0.0495238 0.0361328 0.0685714 0.519043
1 0.27832 0.858095 0.107422 0.0857143 0.649414
0 0.780273 0.804762 0.0546875 0.0552381 0.69043
0 0.87207 0.76381 0.0410156 0.0495238 0.796875
0 0.621582 0.881905 0.0419922 0.0419048 0.808105
0 0.709473 0.80381 0.0400391 0.0419048 0.810059
0 0.6875 0.744762 0.0429688 0.0419048 0.819824
0 0.676758 0.877143 0.0390625 0.0361905 0.821289
0 0.782715 0.74 0.0400391 0.0361905 0.848633
0 0.661133 0.83619 0.0429688 0.0419048 0.854492
0 0.427246 0.804762 0.0361328 0.0361905 0.859375
0 0.575684 0.899048 0.0439453 0.0609524 0.862793
0 0.357422 0.780952 0.0410156 0.0380952 0.871582
0 0.607422 0.747619 0.0390625 0.04 0.871582
0 0.291016 0.753333 0.0371094 0.0361905 0.87207
0 0.597656 0.799048 0.0390625 0.04 0.875977
0 0.521973 0.846667 0.0419922 0.04 0.878418
0 0.494629 0.750476 0.0400391 0.0380952 0.891113
0 0.958984 0.853333 0.0625 0.0990476 0.894531
