0 0.0078125 0.139048 0.015625 0.0419048 0.695312
0 0.983398 0.895238 0.0332031 0.0761905 0.701172
0 0.936523 0.959048 0.0449219 0.0780952 0.799805
0 0.429199 0.8 0.0380859 0.0380952 0.808594
0 0.240234 0.762857 0.0410156 0.0514286 0.813477
1 0.532227 0.84 0.105469 0.0609524 0.82373
0 0.67627 0.87619 0.0400391 0.0380952 0.828613
0 0.263184 0.826667 0.0439453 0.0495238 0.82959
0 0.575684 0.9 0.0439453 0.0590476 0.831543
0 0.62207 0.881905 0.0410156 0.0419048 0.833496
0 0.708984 0.799048 0.0371094 0.04 0.836426
0 0.356445 0.751429 0.0351562 0.0361905 0.839844
0 0.787109 0.83619 0.0429688 0.0495238 0.84668
0 0.19043 0.888571 0.0449219 0.0666667 0.857422
0 0.065918 0.142857 0.0380859 0.0495238 0.858398
0 0.638184 0.800952 0.0419922 0.04 0.859863
0 0.611816 0.748571 0.0380859 0.0380952 0.869141
0 0.478027 0.750476 0.0400391 0.0380952 0.875488
0 0.804199 0.751429 0.0380859 0.04 0.884766
0 0.367188 0.847619 0.0410156 0.0419048 0.891113
0 0.707031 0.742857 0.0390625 0.0380952 0.891113
0 0.495117 0.944762 0.0351562 0.0876191 0.891602
0 0.869629 0.837143 0.0400391 0.0552381 0.898438
0 0.125 0.0428571 0.0449219 0.0819048 0.910645
0 0.933105 0.895238 0.0439453 0.0685714 0.91748
0 0.89209 0.785714 0.0458984 0.0628571 0.931152
