0 0.98877 0.912381 0.0224609 0.08 0.392822
0 0.0581055 0.952381 0.0439453 0.08 0.730469
0 0.0498047 0.150476 0.0390625 0.0495238 0.742676
1 0.547852 0.840952 0.103516 0.0590476 0.758789
0 0.67627 0.877143 0.0400391 0.0361905 0.793945
0 0.575684 0.899048 0.0439453 0.0609524 0.80127
0 0.377441 0.750476 0.0361328 0.0342857 0.80127
0 0.621582 0.881905 0.0400391 0.0419048 0.828613
0 0.654297 0.804762 0.0429688 0.0438095 0.831543
0 0.806641 0.84381 0.0429688 0.0495238 0.849121
0 0.62793 0.747619 0.0371094 0.04 0.854004
0 0.448242 0.8 0.0371094 0.0380952 0.859375
0 0.263184 0.757143 0.0400391 0.04 0.865234
0 0.725098 0.798095 0.0361328 0.0419048 0.867188
0 0.819336 0.755238 0.0371094 0.04 0.875488
0 0.285156 0.822857 0.0410156 0.0457143 0.879395
0 0.497559 0.937143 0.0341797 0.0838095 0.883789
0 0.208008 0.875238 0.0449219 0.0628571 0.883789
0 0.720703 0.742857 0.0390625 0.0380952 0.885742
0 0.499023 0.749524 0.0410156 0.04 0.885742
0 0.382324 0.846667 0.0419922 0.04 0.891113
0 0.942871 0.909524 0.0419922 0.0704762 0.895996
0 0.90625 0.796191 0.0449219 0.0647619 0.916016
0 0.882324 0.848571 0.0439453 0.0590476 0.916504
0 0.118652 0.0533333 0.0458984 0.08 0.931641
