0 0.0117188 0.133333 0.0234375 0.0457143 0.355225
0 0.0917969 0.04 0.0410156 0.0647619 0.380615
0 0.150879 0.0838095 0.0419922 0.0761905 0.546387
0 0.0151367 0.157143 0.0283203 0.0438095 0.577148
0 0.576172 0.900952 0.0429688 0.0571429 0.645508
0 0.702637 0.817143 0.0400391 0.0419048 0.779785
0 0.676758 0.877143 0.0390625 0.0361905 0.806152
0 0.859863 0.871429 0.0439453 0.0552381 0.823242
0 0.142578 0.935238 0.0371094 0.0609524 0.828613
0 0.5 0.8 0.0371094 0.0380952 0.830566
0 0.762207 0.744762 0.0400391 0.0419048 0.834473
0 0.443359 0.746667 0.0351562 0.0342857 0.834473
0 0.671387 0.747619 0.0380859 0.04 0.852539
0 0.773438 0.799048 0.0390625 0.0438095 0.861816
0 0.427246 0.841905 0.0419922 0.0380952 0.866211
0 0.558594 0.750476 0.0390625 0.0380952 0.87793
0 0.330566 0.752381 0.0400391 0.0380952 0.87793
1 0.59375 0.846667 0.109375 0.0742857 0.878418
0 0.344727 0.813333 0.0410156 0.0419048 0.880371
0 0.26709 0.847619 0.0419922 0.0495238 0.890625
0 0.977051 0.961905 0.0419922 0.0761905 0.895996
0 0.504395 0.920952 0.0361328 0.0819048 0.899414
0 0.107422 0.0695238 0.0449219 0.0780952 0.910156
0 0.11084 0.869524 0.0439453 0.0742857 0.911133
0 0.914551 0.88 0.0419922 0.0685714 0.91748
0 0.865723 0.77619 0.0400391 0.0514286 0.921387
0 0.944336 0.835238 0.046875 0.0742857 0.927246
