0 0.18457 0.866667 0.0449219 0.0647619 0.528809
0 0.157715 0.818095 0.0439453 0.0704762 0.536621
0 0.121094 0.950476 0.0449219 0.072381 0.536621
1 0.462402 0.84381 0.104492 0.0609524 0.684082
0 0.713867 0.826667 0.0410156 0.0419048 0.782227
0 0.62207 0.881905 0.0410156 0.0419048 0.830566
0 0.67627 0.87619 0.0400391 0.0380952 0.833984
0 0.276367 0.759048 0.0371094 0.0361905 0.837402
0 0.943359 0.919048 0.0390625 0.0666667 0.854004
0 0.350586 0.802857 0.0390625 0.0361905 0.855469
0 0.538086 0.746667 0.0371094 0.0342857 0.856445
0 0.38916 0.750476 0.0400391 0.0380952 0.871094
0 0.652344 0.745714 0.0390625 0.04 0.874023
0 0.299316 0.858095 0.0419922 0.04 0.874512
0 0.575684 0.899048 0.0439453 0.0609524 0.87793
0 0.641113 0.800952 0.0361328 0.0361905 0.879395
0 0.566406 0.795238 0.0390625 0.0361905 0.884766
0 0.0644531 0.115238 0.0371094 0.047619 0.88623
0 0.936523 0.822857 0.0449219 0.0685714 0.887695
0 0.874512 0.894286 0.0439453 0.0590476 0.888184
0 0.80957 0.812381 0.0410156 0.047619 0.892578
0 0.741699 0.747619 0.0380859 0.04 0.892578
0 0.123535 0.0980952 0.0400391 0.0666667 0.892578
0 0.886719 0.849524 0.0429688 0.0609524 0.897949
0 0.836914 0.75619 0.0449219 0.0495238 0.905762
