0 0.979492 0.968571 0.0390625 0.0628571 0.702148
0 0.769531 0.833333 0.0410156 0.047619 0.79541
0 0.334961 0.752381 0.0390625 0.0380952 0.811035
0 0.621582 0.881905 0.0400391 0.0419048 0.818848
0 0.67627 0.877143 0.0400391 0.0361905 0.836914
0 0.621094 0.8 0.0390625 0.0380952 0.844727
0 0.171875 0.900952 0.0449219 0.0647619 0.848633
0 0.595215 0.747619 0.0361328 0.032381 0.851074
0 0.015625 0.138095 0.03125 0.0438095 0.851074
0 0.0795898 0.13619 0.0419922 0.0552381 0.851074
0 0.351074 0.849524 0.0419922 0.0419048 0.853516
0 0.920898 0.937143 0.046875 0.072381 0.854492
0 0.410156 0.8 0.0371094 0.0380952 0.854492
1 0.516113 0.840952 0.106445 0.0628571 0.855957
0 0.491699 0.96 0.0302734 0.08 0.864746
0 0.575684 0.9 0.0439453 0.0590476 0.871094
0 0.788574 0.749524 0.0380859 0.04 0.876465
0 0.692383 0.799048 0.0371094 0.04 0.878418
0 0.976074 0.87619 0.0439453 0.0761905 0.880371
0 0.242676 0.833333 0.0419922 0.0514286 0.881348
0 0.856445 0.830476 0.0410156 0.0533333 0.881836
0 0.456055 0.750476 0.0410156 0.0380952 0.89502
0 0.693359 0.74381 0.0390625 0.04 0.895508
0 0.131836 0.0380952 0.0449219 0.0761905 0.90332
0 0.921875 0.881905 0.0429688 0.0685714 0.903809
0 0.21875 0.771429 0.0429688 0.0533333 0.907227
0 0.878906 0.777143 0.0449219 0.0571429 0.92627
