0 0.486816 0.969524 0.0283203 0.0609524 0.410889
1 0.499023 0.84381 0.103516 0.0647619 0.771484
0 0.13916 0.0314286 0.0439453 0.0628571 0.795898
0 0.316406 0.754286 0.0371094 0.0380952 0.802734
0 0.154785 0.916191 0.0439453 0.0647619 0.803223
0 0.967773 0.95619 0.0390625 0.0685714 0.816895
0 0.621582 0.881905 0.0419922 0.0419048 0.819824
0 0.67627 0.877143 0.0400391 0.0361905 0.834961
0 0.749023 0.830476 0.0410156 0.0457143 0.841797
0 0.222168 0.842857 0.0419922 0.0552381 0.852539
0 0.603516 0.798095 0.0390625 0.0380952 0.854004
0 0.434082 0.751429 0.0400391 0.0361905 0.85498
0 0.198242 0.78381 0.0429688 0.0590476 0.859375
0 0.0292969 0.133333 0.0351562 0.0380952 0.864258
0 0.675293 0.8 0.0361328 0.0380952 0.865234
0 0.576172 0.747619 0.0371094 0.032381 0.871094
0 0.390625 0.8 0.0371094 0.0380952 0.87207
0 0.334473 0.851429 0.0419922 0.0419048 0.872559
0 0.575684 0.9 0.0439453 0.0590476 0.874512
0 0.963379 0.857143 0.0439453 0.0761905 0.875
0 0.771973 0.746667 0.0380859 0.0380952 0.877441
0 0.679688 0.745714 0.0390625 0.04 0.884766
0 0.864258 0.768571 0.046875 0.0552381 0.885254
0 0.839844 0.822857 0.0429688 0.0533333 0.885742
0 0.910156 0.870476 0.0429688 0.0647619 0.894043
0 0.0952148 0.126667 0.0400391 0.0590476 0.902344
0 0.906738 0.922857 0.0439453 0.0666667 0.902832
