0 0.106934 0.972381 0.0380859 0.0552381 0.285645
0 0.074707 0.922857 0.0439453 0.0819048 0.462646
0 0.575684 0.9 0.0439453 0.0552381 0.695312
0 0.62207 0.882857 0.0390625 0.04 0.775879
0 0.67627 0.87619 0.0400391 0.0380952 0.788574
0 0.399902 0.749524 0.0341797 0.032381 0.795898
1 0.562988 0.840952 0.108398 0.0590476 0.79834
0 0.824219 0.850476 0.0449219 0.0514286 0.826172
0 0.643066 0.746667 0.0361328 0.0380952 0.835449
0 0.741211 0.799048 0.0371094 0.04 0.844727
0 0.669922 0.807619 0.0410156 0.0457143 0.847656
0 0.0341797 0.153333 0.0390625 0.0438095 0.849121
0 0.465332 0.8 0.0380859 0.0380952 0.855469
0 0.396973 0.845714 0.0419922 0.0419048 0.869141
0 0.734375 0.742857 0.0390625 0.0380952 0.869629
0 0.227539 0.862857 0.0449219 0.0571429 0.876465
0 0.305176 0.819048 0.0400391 0.0457143 0.876953
0 0.285156 0.753333 0.0410156 0.04 0.879395
0 0.519531 0.749524 0.0410156 0.04 0.881836
0 0.113281 0.06 0.0449219 0.0780952 0.885254
0 0.95459 0.926667 0.0439453 0.0742857 0.886719
0 0.5 0.930476 0.0351562 0.0819048 0.887695
0 0.894043 0.856191 0.0419922 0.0666667 0.910156
0 0.834961 0.760952 0.0410156 0.0438095 0.918457
0 0.919922 0.807619 0.046875 0.0685714 0.928711
