0 0.72998 0.887619 0.0400391 0.0419048 0.256348
0 0.0458984 0.177143 0.0664062 0.0647619 0.41626
1 0.046875 0.177143 0.0664062 0.0647619 0.482178
0 0.825684 0.916191 0.0400391 0.0495238 0.528809
1 0.445312 0.844762 0.103516 0.0628571 0.634766
0 0.254883 0.762857 0.0390625 0.04 0.69043
0 0.138184 0.837143 0.0419922 0.0742857 0.714844
0 0.166504 0.879048 0.0458984 0.0742857 0.719727
0 0.333008 0.802857 0.0390625 0.0361905 0.817871
0 0.697266 0.828571 0.0390625 0.0419048 0.819336
0 0.67627 0.87619 0.0400391 0.0380952 0.821777
0 0.621582 0.882857 0.0400391 0.04 0.836914
0 0.28125 0.86 0.0429688 0.0438095 0.84375
0 0.546875 0.793333 0.0390625 0.0361905 0.849609
0 0.63916 0.745714 0.0380859 0.04 0.856445
0 0.931641 0.901905 0.0390625 0.0628571 0.856934
0 0.518066 0.745714 0.0361328 0.032381 0.864258
0 0.62207 0.8 0.0371094 0.0342857 0.872559
0 0.726562 0.746667 0.0371094 0.0380952 0.874512
0 0.575684 0.9 0.0439453 0.0590476 0.875488
0 0.791992 0.804762 0.0410156 0.047619 0.875977
0 0.873535 0.839048 0.0419922 0.0552381 0.892578
0 0.367188 0.749524 0.0390625 0.04 0.893066
0 0.85791 0.881905 0.0439453 0.0533333 0.89502
0 0.139648 0.0809524 0.0390625 0.0666667 0.898438
0 0.82373 0.751429 0.0439453 0.0438095 0.901855
0 0.92334 0.806667 0.0458984 0.0666667 0.912598
0 0.0825195 0.10381 0.0380859 0.0552381 0.91748
