0 0.145996 0.0228571 0.0400391 0.0457143 0.280762
0 0.13623 0.933333 0.0458984 0.072381 0.619629
0 0.177734 0.798095 0.0429688 0.0609524 0.620117
0 0.730469 0.830476 0.0429688 0.0457143 0.771484
0 0.203125 0.853333 0.0429688 0.0609524 0.802246
0 0.67627 0.877143 0.0400391 0.0361905 0.815918
0 0.621582 0.881905 0.0400391 0.0419048 0.816895
1 0.482422 0.84381 0.105469 0.0647619 0.830078
0 0.956055 0.937143 0.0390625 0.0685714 0.833008
0 0.585449 0.797143 0.0400391 0.0361905 0.853516
0 0.949707 0.84 0.0439453 0.072381 0.854492
0 0.371094 0.8 0.0390625 0.0380952 0.85791
0 0.317383 0.855238 0.0410156 0.0380952 0.858398
0 0.558594 0.747619 0.0351562 0.032381 0.86084
0 0.82666 0.819048 0.0400391 0.0457143 0.861328
0 0.658691 0.8 0.0380859 0.0380952 0.861328
0 0.295898 0.757143 0.0371094 0.0361905 0.864258
0 0.890625 0.907619 0.0449219 0.0628571 0.874023
0 0.412109 0.750476 0.0410156 0.0380952 0.874512
0 0.666016 0.745714 0.0371094 0.04 0.878906
0 0.575684 0.899048 0.0439453 0.0609524 0.880371
0 0.0463867 0.124762 0.0361328 0.047619 0.881836
0 0.756348 0.746667 0.0380859 0.0380952 0.883301
0 0.108887 0.114286 0.0400391 0.0609524 0.896484
0 0.850586 0.761905 0.046875 0.0533333 0.896973
0 0.897461 0.858095 0.0449219 0.0628571 0.916992
