0 0.754395 0.792381 0.0400391 0.0457143 0.397705
1 0.677246 0.849524 0.116211 0.0838095 0.472656
0 0.133301 0.111429 0.0361328 0.0666667 0.503418
0 0.621582 0.88381 0.0400391 0.0380952 0.758301
0 0.988281 0.914286 0.0234375 0.0838095 0.791016
0 0.562988 0.74381 0.0341797 0.032381 0.82373
0 0.750488 0.748571 0.0361328 0.0380952 0.848145
0 0.577637 0.800952 0.0380859 0.0361905 0.849609
0 0.660156 0.746667 0.0410156 0.0380952 0.850098
0 0.518066 0.834286 0.0419922 0.0380952 0.85498
0 0.25 0.851429 0.0429688 0.0495238 0.859375
0 0.575684 0.899048 0.0439453 0.0609524 0.866699
0 0.820312 0.856191 0.0429688 0.0514286 0.871094
0 0.453125 0.752381 0.0390625 0.0380952 0.875977
0 0.155273 0.834286 0.0371094 0.0609524 0.881836
0 0.515137 0.901905 0.0400391 0.0704762 0.884277
0 0.868164 0.84 0.0390625 0.0533333 0.887207
0 0.444336 0.807619 0.0410156 0.0380952 0.88916
0 0.164062 0.0380952 0.0527344 0.0761905 0.88916
0 0.978516 0.971429 0.0390625 0.0571429 0.890625
0 0.933105 0.949524 0.0439453 0.0742857 0.89209
0 0.387207 0.833333 0.0419922 0.04 0.897949
0 0.0820312 0.930476 0.0410156 0.0704762 0.899414
0 0.237793 0.765714 0.0439453 0.0533333 0.899414
0 0.106445 0.0695238 0.0449219 0.0780952 0.908203
0 0.844238 0.761905 0.0439453 0.0457143 0.910645
0 0.164551 0.906667 0.0380859 0.0609524 0.910645
0 0.943848 0.844762 0.0419922 0.0666667 0.911621
