0 0.131836 0.109524 0.0351562 0.0628571 0.287598
0 0.090332 0.0457143 0.0439453 0.0761905 0.61084
0 0.992188 0.92 0.015625 0.0761905 0.630859
0 0.621582 0.882857 0.0400391 0.04 0.673828
1 0.694336 0.851429 0.109375 0.0838095 0.756348
0 0.532227 0.834286 0.0410156 0.0380952 0.821777
0 0.944824 0.965714 0.0419922 0.0685714 0.84375
0 0.762207 0.751429 0.0361328 0.0361905 0.850098
0 0.17627 0.81619 0.0380859 0.0590476 0.854492
0 0.472168 0.750476 0.0400391 0.0380952 0.856445
0 0.575684 0.899048 0.0439453 0.0609524 0.857422
0 0.838379 0.867619 0.0419922 0.0552381 0.862793
0 0.589844 0.801905 0.0371094 0.0380952 0.86377
0 0.272461 0.844762 0.0351562 0.0438095 0.866211
0 0.57959 0.741905 0.0361328 0.032381 0.866211
0 0.674316 0.745714 0.0400391 0.04 0.872559
0 0.459473 0.807619 0.0400391 0.0380952 0.872559
0 0.85791 0.766667 0.0419922 0.047619 0.872559
0 0.101562 0.904762 0.0429688 0.0685714 0.874512
0 0.160645 0.0409524 0.0517578 0.0819048 0.87793
0 0.26123 0.759048 0.0419922 0.0438095 0.881836
0 0.40332 0.831429 0.0410156 0.04 0.888184
0 0.182129 0.890476 0.0380859 0.0628571 0.897461
0 0.51709 0.9 0.0380859 0.0704762 0.897949
0 0.106445 0.0695238 0.0449219 0.0780952 0.902344
0 0.953613 0.855238 0.0419922 0.0685714 0.924316
0 0.881348 0.850476 0.0400391 0.0552381 0.924805
