0 0.195801 0.886667 0.0400391 0.0628571 0.590332
0 0.677246 0.878095 0.0380859 0.0342857 0.605469
0 0.621582 0.88381 0.0380859 0.0380952 0.648926
0 0.171875 0.804762 0.0429688 0.0666667 0.682129
0 0.509277 0.744762 0.0341797 0.0304762 0.745605
0 0.0942383 0.906667 0.0361328 0.0647619 0.75293
0 0.137695 0.107619 0.0410156 0.0742857 0.760254
0 0.113281 0.969524 0.0390625 0.0609524 0.797852
0 0.541992 0.801905 0.0371094 0.0342857 0.840332
1 0.63916 0.846667 0.108398 0.0742857 0.851074
0 0.575684 0.899048 0.0439453 0.0609524 0.854492
0 0.394531 0.752381 0.0410156 0.0380952 0.854492
0 0.822266 0.815238 0.0390625 0.0457143 0.856934
0 0.328613 0.837143 0.0419922 0.04 0.859375
0 0.711914 0.748571 0.0371094 0.0380952 0.860352
0 0.473633 0.838095 0.0410156 0.0380952 0.871094
0 0.611816 0.747619 0.0400391 0.04 0.875977
0 0.396973 0.809524 0.0419922 0.0419048 0.879395
0 0.509277 0.912381 0.0380859 0.0761905 0.88916
0 0.761719 0.832381 0.0410156 0.0495238 0.891113
0 0.899902 0.906667 0.0419922 0.0647619 0.898926
0 0.805664 0.751429 0.0390625 0.04 0.899902
0 0.974609 0.878095 0.046875 0.08 0.905273
0 0.106934 0.0695238 0.0439453 0.0780952 0.90918
0 0.946777 0.925714 0.0419922 0.072381 0.912109
0 0.907715 0.806667 0.0419922 0.0628571 0.915039
