0 0.72998 0.888571 0.0400391 0.04 0.258789
0 0.716309 0.786667 0.0361328 0.0419048 0.503418
0 0.677246 0.878095 0.0380859 0.0342857 0.522461
0 0.175781 0.0304762 0.0488281 0.0609524 0.625488
0 0.621094 0.88381 0.0390625 0.0342857 0.732422
0 0.13623 0.112381 0.0400391 0.0761905 0.79541
0 0.213867 0.872381 0.0390625 0.0571429 0.800293
0 0.553711 0.801905 0.0371094 0.0342857 0.837891
0 0.836426 0.82 0.0419922 0.0514286 0.839844
0 0.415527 0.751429 0.0400391 0.0361905 0.839844
1 0.648926 0.847619 0.108398 0.0761905 0.84082
0 0.628418 0.748571 0.0400391 0.0419048 0.850586
0 0.725098 0.748571 0.0361328 0.0380952 0.85498
0 0.528809 0.74381 0.0341797 0.032381 0.856934
0 0.114258 0.878095 0.0351562 0.0609524 0.862793
0 0.782227 0.837143 0.0429688 0.047619 0.866699
0 0.575684 0.899048 0.0439453 0.0609524 0.869141
0 0.819824 0.753333 0.0400391 0.0438095 0.874512
0 0.48877 0.837143 0.0419922 0.04 0.874512
0 0.413086 0.808571 0.0410156 0.04 0.876953
0 0.349121 0.83619 0.0419922 0.0419048 0.884277
0 0.910645 0.92 0.0439453 0.0685714 0.891113
0 0.980469 0.890476 0.0390625 0.0780952 0.895996
0 0.957031 0.940952 0.0429688 0.0761905 0.897461
0 0.106934 0.0695238 0.0439453 0.0780952 0.900879
0 0.193359 0.786667 0.0449219 0.0609524 0.902832
0 0.129883 0.947619 0.0371094 0.0628571 0.90332
0 0.921387 0.819048 0.0419922 0.0647619 0.903809
0 0.511719 0.907619 0.0371094 0.0742857 0.904785
