0 0.621582 0.88381 0.0380859 0.0380952 0.427246
0 0.140625 0.1 0.0390625 0.0780952 0.484131
0 0.0913086 0.0428571 0.0400391 0.0704762 0.575195
0 0.178711 0.9 0.0390625 0.0590476 0.671875
0 0.677734 0.877143 0.0390625 0.0361905 0.695312
1 0.623047 0.845714 0.113281 0.0761905 0.721191
0 0.575684 0.9 0.0439453 0.0590476 0.759766
0 0.151367 0.822857 0.046875 0.0761905 0.771484
0 0.487793 0.744762 0.0341797 0.0304762 0.819336
0 0.529785 0.801905 0.0361328 0.0342857 0.819336
0 0.0761719 0.935238 0.0351562 0.0647619 0.826172
0 0.307617 0.84 0.0449219 0.0457143 0.830566
0 0.741699 0.825714 0.0400391 0.047619 0.848633
0 0.698242 0.747619 0.0371094 0.0361905 0.849121
0 0.887207 0.892381 0.0439453 0.0628571 0.850586
0 0.374023 0.752381 0.0410156 0.0380952 0.866699
0 0.594727 0.748571 0.0410156 0.0419048 0.872559
0 0.45752 0.84 0.0419922 0.0419048 0.875488
0 0.806641 0.809524 0.0390625 0.0419048 0.882812
0 0.791016 0.748571 0.0390625 0.0419048 0.883301
0 0.507324 0.915238 0.0361328 0.0780952 0.887695
0 0.380371 0.810476 0.0400391 0.04 0.88916
0 0.106445 0.0695238 0.0449219 0.0780952 0.902832
0 0.894531 0.795238 0.0429688 0.0590476 0.903809
0 0.937012 0.908571 0.0419922 0.072381 0.91748
0 0.96582 0.862857 0.0488281 0.08 0.91748
