1 0.724121 0.854286 0.120117 0.0933333 0.30249
0 0.425781 0.780952 0.0351562 0.0266667 0.320557
0 0.48877 0.977143 0.0263672 0.0419048 0.349854
0 0.611816 0.741905 0.0380859 0.0361905 0.616211
0 0.676758 0.878095 0.0390625 0.0342857 0.695801
0 0.621582 0.882857 0.0400391 0.04 0.78125
0 0.308594 0.835238 0.0371094 0.04 0.813477
0 0.612305 0.800952 0.0371094 0.0361905 0.827148
0 0.702637 0.745714 0.0380859 0.04 0.835938
0 0.483887 0.807619 0.0400391 0.0380952 0.84082
0 0.558594 0.834286 0.0410156 0.0380952 0.848633
0 0.788086 0.757143 0.0390625 0.0438095 0.850098
0 0.308105 0.753333 0.0419922 0.04 0.856445
0 0.436035 0.831429 0.0419922 0.04 0.857422
0 0.146484 0.862857 0.0410156 0.0609524 0.862305
0 0.575684 0.899048 0.0439453 0.0609524 0.86377
0 0.871582 0.894286 0.0419922 0.0590476 0.867676
0 0.506836 0.750476 0.0390625 0.0380952 0.867676
0 0.218262 0.790476 0.0361328 0.0495238 0.882324
0 0.217285 0.86 0.0380859 0.0552381 0.897949
0 0.106445 0.0695238 0.0449219 0.0780952 0.902832
0 0.520508 0.895238 0.0390625 0.0685714 0.904785
0 0.90625 0.87619 0.0410156 0.0609524 0.908203
0 0.158691 0.0419048 0.0517578 0.0838095 0.917969
0 0.882812 0.784762 0.0429688 0.0571429 0.923828
0 0.971191 0.879048 0.0419922 0.0704762 0.932617
