0 0.693359 0.780952 0.0566406 0.0457143 0.382812
0 0.09375 0.0380952 0.0371094 0.0571429 0.40332
1 0.875 0.912381 0.115234 0.15619 0.451416
0 0.150879 0.829524 0.0361328 0.0628571 0.486084
0 0.144531 0.027619 0.046875 0.0552381 0.503418
0 0.68457 0.747619 0.0410156 0.0438095 0.569336
0 0.243164 0.759048 0.0410156 0.0552381 0.601562
0 0.20166 0.846667 0.0361328 0.0552381 0.620117
0 0.697754 0.833333 0.0439453 0.047619 0.67334
0 0.67627 0.87619 0.0400391 0.0380952 0.79541
0 0.268555 0.82 0.0371094 0.04 0.79834
0 0.765625 0.798095 0.0390625 0.0457143 0.799316
0 0.62207 0.881905 0.0410156 0.0419048 0.808105
0 0.575684 0.9 0.0419922 0.0590476 0.840332
0 0.553711 0.825714 0.0410156 0.04 0.858398
0 0.437012 0.76381 0.0361328 0.0342857 0.862305
0 0.40332 0.813333 0.0351562 0.0342857 0.869141
0 0.623535 0.804762 0.0400391 0.04 0.870605
0 0.764648 0.74381 0.0371094 0.04 0.871582
0 0.523926 0.755238 0.0419922 0.04 0.876953
0 0.459961 0.824762 0.0351562 0.0380952 0.88623
0 0.834473 0.764762 0.0419922 0.047619 0.88916
0 0.527832 0.88381 0.0380859 0.0685714 0.891113
0 0.502441 0.947619 0.0380859 0.0819048 0.895996
0 0.916016 0.833333 0.0390625 0.0628571 0.902344
0 0.106934 0.0704762 0.0439453 0.0761905 0.902832
0 0.347656 0.807619 0.0390625 0.0380952 0.902832
0 0.976562 0.907619 0.0410156 0.0742857 0.90332
0 0.158691 0.0419048 0.0517578 0.0838095 0.913086
