1 0.822754 0.879048 0.116211 0.12381 0.258057
0 0.700195 0.799048 0.0390625 0.0438095 0.503418
0 0.146973 0.0238095 0.0439453 0.047619 0.509277
0 0.623047 0.747619 0.0390625 0.04 0.521973
0 0.0942383 0.0428571 0.0380859 0.0666667 0.540527
0 0.980957 0.974286 0.0361328 0.0514286 0.676758
0 0.677246 0.877143 0.0380859 0.0361905 0.68457
0 0.648438 0.832381 0.0429688 0.0419048 0.72998
0 0.142578 0.9 0.0351562 0.0590476 0.731934
0 0.575684 0.900952 0.0419922 0.0571429 0.742676
0 0.570312 0.804762 0.0410156 0.04 0.757812
0 0.0766602 0.925714 0.0361328 0.0647619 0.768555
0 0.62207 0.881905 0.0410156 0.0419048 0.77002
0 0.714355 0.740952 0.0361328 0.0342857 0.834473
0 0.363281 0.762857 0.0351562 0.0361905 0.861328
0 0.525879 0.886667 0.0380859 0.0704762 0.861816
0 0.873047 0.792381 0.0390625 0.0533333 0.861816
0 0.511719 0.826667 0.0429688 0.0419048 0.866699
0 0.352051 0.81619 0.0361328 0.0361905 0.868652
0 0.291016 0.810476 0.0371094 0.04 0.873535
0 0.789551 0.752381 0.0400391 0.0419048 0.875977
0 0.500488 0.953333 0.0380859 0.0819048 0.87793
0 0.410645 0.828571 0.0341797 0.0342857 0.881836
0 0.453613 0.753333 0.0400391 0.04 0.881836
0 0.106445 0.0695238 0.0449219 0.0780952 0.901367
0 0.955566 0.872381 0.0400391 0.072381 0.916016
0 0.158691 0.0419048 0.0517578 0.0838095 0.918945
