0 0.131836 0.846667 0.0351562 0.0628571 0.426025
0 0.144043 0.0266667 0.0458984 0.0533333 0.45874
0 0.0961914 0.0409524 0.0361328 0.0590476 0.45874
0 0.253906 0.821905 0.0390625 0.047619 0.688965
0 0.187988 0.857143 0.0380859 0.0571429 0.688965
0 0.224609 0.767619 0.0410156 0.0533333 0.76416
0 0.668945 0.745714 0.0390625 0.04 0.782227
0 0.686035 0.834286 0.0419922 0.0419048 0.802734
0 0.677246 0.879048 0.0400391 0.0361905 0.811035
0 0.749023 0.799048 0.0371094 0.0438095 0.818359
0 0.543945 0.824762 0.0410156 0.0419048 0.833984
0 0.62207 0.882857 0.0410156 0.04 0.835938
0 0.609863 0.80381 0.0400391 0.0380952 0.845215
0 0.506836 0.75619 0.0410156 0.0380952 0.845215
0 0.575684 0.9 0.0439453 0.0590476 0.861328
0 0.75293 0.742857 0.0371094 0.0380952 0.861328
0 0.334473 0.807619 0.0400391 0.0380952 0.870117
0 0.39209 0.814286 0.0361328 0.0361905 0.872559
0 0.447266 0.826667 0.0351562 0.0380952 0.881836
0 0.42041 0.76381 0.0341797 0.0342857 0.882324
0 0.527344 0.88381 0.0390625 0.072381 0.887695
0 0.501953 0.949524 0.0371094 0.0819048 0.894531
0 0.106934 0.0704762 0.0439453 0.0761905 0.902832
0 0.972656 0.900952 0.0410156 0.072381 0.912109
0 0.158691 0.0419048 0.0517578 0.0838095 0.912109
0 0.823242 0.760952 0.0410156 0.047619 0.913086
0 0.90625 0.822857 0.0390625 0.0609524 0.915039
