0 0.644043 0.741905 0.0361328 0.0361905 0.282715
0 0.637207 0.800952 0.0380859 0.04 0.536133
0 0.493652 0.965714 0.0341797 0.0685714 0.546875
1 0.751953 0.860952 0.109375 0.0952381 0.6875
0 0.0791016 0.922857 0.0410156 0.0742857 0.758301
0 0.62207 0.881905 0.0410156 0.0419048 0.770508
0 0.576172 0.899048 0.0429688 0.0571429 0.791016
0 0.677246 0.87619 0.0400391 0.0380952 0.799805
0 0.727051 0.746667 0.0400391 0.0419048 0.830566
0 0.584473 0.832381 0.0419922 0.0380952 0.837402
0 0.507812 0.80381 0.0390625 0.0380952 0.838379
0 0.260742 0.77619 0.0351562 0.0361905 0.853027
0 0.541016 0.750476 0.0390625 0.0380952 0.855469
0 0.189453 0.834286 0.0429688 0.0571429 0.860352
0 0.341797 0.830476 0.0351562 0.0342857 0.86377
0 0.353027 0.751429 0.0400391 0.0361905 0.865723
0 0.813477 0.764762 0.0390625 0.0438095 0.866211
0 0.461914 0.829524 0.0410156 0.04 0.867188
0 0.522949 0.891429 0.0400391 0.072381 0.87793
0 0.901855 0.925714 0.0439453 0.0685714 0.878906
0 0.982422 0.9 0.0351562 0.0704762 0.887207
0 0.257324 0.83619 0.0380859 0.0457143 0.896973
0 0.906738 0.806667 0.0419922 0.0666667 0.902344
0 0.106445 0.0695238 0.0449219 0.0780952 0.904785
0 0.928711 0.901905 0.0390625 0.0628571 0.91748
0 0.158691 0.0419048 0.0517578 0.0838095 0.919922
