0 0.729492 0.888571 0.0390625 0.04 0.27002
0 0.0942383 0.0409524 0.0400391 0.0666667 0.452881
0 0.175781 0.865714 0.046875 0.0704762 0.534668
0 0.672852 0.801905 0.0371094 0.0419048 0.603516
0 0.991211 0.92 0.0175781 0.0647619 0.762695
0 0.687988 0.74 0.0361328 0.0361905 0.764648
0 0.324219 0.766667 0.0351562 0.0361905 0.790527
0 0.67627 0.877143 0.0400391 0.0361905 0.791504
0 0.59082 0.748571 0.0390625 0.0380952 0.796387
0 0.11084 0.94 0.0361328 0.0628571 0.82959
0 0.621094 0.882857 0.0410156 0.04 0.831055
0 0.543457 0.804762 0.0400391 0.04 0.838379
0 0.624023 0.832381 0.0410156 0.0380952 0.839355
0 0.575684 0.9 0.0439453 0.0590476 0.844238
0 0.251953 0.813333 0.0410156 0.0419048 0.845215
0 0.130859 0.847619 0.0410156 0.072381 0.857422
0 0.415527 0.752381 0.0400391 0.0380952 0.875488
0 0.76416 0.748571 0.0380859 0.0419048 0.87793
0 0.498535 0.957143 0.0361328 0.0819048 0.881348
0 0.524902 0.886667 0.0380859 0.0704762 0.882812
0 0.317383 0.822857 0.0351562 0.0380952 0.883301
0 0.385254 0.829524 0.0341797 0.0361905 0.887207
0 0.849609 0.778095 0.0390625 0.047619 0.892578
0 0.491211 0.828571 0.0410156 0.0419048 0.893555
0 0.9375 0.847619 0.0429688 0.072381 0.894043
0 0.960938 0.949524 0.0390625 0.0666667 0.900879
0 0.106445 0.0704762 0.0449219 0.08 0.902832
0 0.158691 0.0419048 0.0517578 0.0838095 0.914551
