0 0.979004 0.261905 0.0400391 0.0514286 0.283936
0 0.888184 0.0380952 0.0380859 0.072381 0.30835
0 0.98877 0.11619 0.0224609 0.0571429 0.40918
0 0.828125 0.918095 0.0410156 0.0419048 0.446533
0 0.143555 0.0285714 0.046875 0.0571429 0.650879
0 0.861328 0.775238 0.0390625 0.0495238 0.716797
0 0.255859 0.762857 0.0390625 0.04 0.738281
0 0.687988 0.754286 0.0419922 0.0457143 0.754395
0 0.67627 0.877143 0.0400391 0.0361905 0.768555
0 0.367676 0.807619 0.0380859 0.0380952 0.788574
0 0.425781 0.748571 0.0390625 0.0342857 0.793945
0 0.837402 0.873333 0.0458984 0.0552381 0.79541
0 0.621582 0.881905 0.0400391 0.0419048 0.796875
0 0.30127 0.82 0.0400391 0.0361905 0.813965
0 0.330566 0.75619 0.0361328 0.0342857 0.82373
0 0.519043 0.80381 0.0361328 0.0342857 0.831543
0 0.595703 0.759048 0.0351562 0.0361905 0.84668
0 0.645996 0.820952 0.0419922 0.0419048 0.858398
0 0.774414 0.810476 0.0410156 0.047619 0.867676
0 0.575684 0.899048 0.0439453 0.0609524 0.870117
0 0.916016 0.889524 0.0390625 0.0647619 0.875488
0 0.567871 0.812381 0.0341797 0.0361905 0.880859
0 0.445312 0.811429 0.0390625 0.0380952 0.880859
0 0.504395 0.940952 0.0380859 0.0838095 0.888184
0 0.919434 0.826667 0.0419922 0.0685714 0.899414
0 0.966797 0.906667 0.0390625 0.0685714 0.899902
0 0.158691 0.0419048 0.0517578 0.0838095 0.901855
0 0.532227 0.875238 0.0390625 0.0704762 0.902344
0 0.106934 0.0695238 0.0439453 0.0780952 0.90625
0 0.216797 0.845714 0.0429688 0.0609524 0.915527
