0 0.790039 0.848571 0.0410156 0.047619 0.411865
0 0.144043 0.027619 0.0458984 0.0552381 0.439453
0 0.676758 0.877143 0.0390625 0.0361905 0.578613
0 0.991699 0.947619 0.0166016 0.0628571 0.655762
0 0.728027 0.804762 0.0419922 0.047619 0.671875
0 0.773438 0.747619 0.0390625 0.04 0.67334
0 0.340332 0.807619 0.0400391 0.0380952 0.739746
0 0.837891 0.76381 0.0390625 0.0457143 0.783691
0 0.621582 0.882857 0.0400391 0.04 0.797852
0 0.643555 0.755238 0.0410156 0.0438095 0.810059
0 0.93457 0.11619 0.0390625 0.0647619 0.811035
0 0.373047 0.748571 0.0390625 0.0342857 0.822754
0 0.287598 0.82 0.0341797 0.0361905 0.845703
0 0.546875 0.758095 0.0351562 0.0304762 0.84668
0 0.615723 0.822857 0.0400391 0.0380952 0.847656
0 0.875977 0.844762 0.0410156 0.0552381 0.86377
0 0.199707 0.788571 0.0361328 0.0533333 0.867676
0 0.541992 0.814286 0.0332031 0.0361905 0.869141
0 0.418457 0.808571 0.0400391 0.04 0.875488
0 0.575684 0.899048 0.0439453 0.0609524 0.875977
0 0.486328 0.807619 0.0351562 0.0342857 0.888184
0 0.904785 0.807619 0.0419922 0.0647619 0.888672
0 0.280273 0.761905 0.0351562 0.0380952 0.891113
0 0.529785 0.879048 0.0400391 0.0704762 0.894531
0 0.174805 0.877143 0.0449219 0.0666667 0.897461
0 0.106934 0.0704762 0.0439453 0.0761905 0.898438
0 0.50293 0.944762 0.0371094 0.0838095 0.899902
0 0.958984 0.895238 0.0390625 0.0685714 0.901367
0 0.158691 0.0419048 0.0517578 0.0838095 0.908691
