0 0.79834 0.802857 0.0400391 0.04 0.284424
1 0.902344 0.928571 0.111328 0.139048 0.386475
0 0.425293 0.784762 0.0341797 0.0304762 0.501465
0 0.144531 0.027619 0.046875 0.0552381 0.522949
0 0.0947266 0.966667 0.0449219 0.0666667 0.709961
0 0.710938 0.745714 0.0390625 0.04 0.709961
0 0.67627 0.877143 0.0400391 0.0361905 0.74707
0 0.187012 0.796191 0.0361328 0.0533333 0.78418
0 0.652344 0.805714 0.0410156 0.0419048 0.793945
0 0.789062 0.746667 0.0351562 0.0380952 0.801758
0 0.103516 0.884762 0.0371094 0.0666667 0.828613
0 0.292969 0.815238 0.0390625 0.0419048 0.835449
0 0.62207 0.881905 0.0410156 0.0419048 0.844238
0 0.230957 0.829524 0.0361328 0.0438095 0.845215
0 0.424805 0.811429 0.0371094 0.0342857 0.859863
0 0.484863 0.821905 0.0341797 0.04 0.868652
0 0.575684 0.899048 0.0439453 0.0609524 0.87207
0 0.280273 0.751429 0.0410156 0.04 0.873535
0 0.571777 0.825714 0.0400391 0.04 0.878418
0 0.470703 0.761905 0.0351562 0.0342857 0.880859
0 0.369141 0.807619 0.0390625 0.0380952 0.882812
0 0.557617 0.755238 0.0410156 0.04 0.885254
0 0.982422 0.922857 0.0351562 0.0742857 0.886719
0 0.503418 0.946667 0.0361328 0.08 0.894531
0 0.527344 0.88381 0.0390625 0.072381 0.898438
0 0.855957 0.773333 0.0419922 0.0533333 0.901367
0 0.106445 0.0695238 0.0449219 0.0780952 0.90332
0 0.158691 0.0419048 0.0517578 0.0838095 0.908691
0 0.93457 0.858095 0.0410156 0.0666667 0.915527
