0 0.761719 0.842857 0.0429688 0.0438095 0.253906
0 0.918945 0.941905 0.0605469 0.0933333 0.396973
0 0.966797 0.158095 0.0390625 0.0609524 0.415771
0 0.845215 0.824762 0.0400391 0.0495238 0.449219
0 0.820312 0.75619 0.0390625 0.0419048 0.488037
0 0.0927734 0.0409524 0.0410156 0.0666667 0.522949
0 0.696289 0.802857 0.0429688 0.0438095 0.591797
0 0.144531 0.0285714 0.046875 0.0571429 0.643555
0 0.676758 0.877143 0.0390625 0.0361905 0.662598
0 0.15918 0.820952 0.0410156 0.072381 0.663086
0 0.243164 0.771429 0.0371094 0.0419048 0.719727
0 0.988281 0.94381 0.0234375 0.0780952 0.720215
0 0.75 0.745714 0.0390625 0.04 0.74707
0 0.621094 0.882857 0.0390625 0.04 0.780273
0 0.323242 0.808571 0.0371094 0.0361905 0.810547
0 0.888184 0.793333 0.0458984 0.0552381 0.830078
0 0.336914 0.747619 0.0390625 0.0361905 0.834961
0 0.516602 0.760952 0.0351562 0.0361905 0.845215
0 0.609375 0.758095 0.0410156 0.0419048 0.860352
0 0.598633 0.824762 0.0410156 0.0380952 0.86084
0 0.520996 0.81619 0.0341797 0.04 0.862305
0 0.268555 0.821905 0.0351562 0.0361905 0.864258
0 0.461426 0.809524 0.0361328 0.0342857 0.869629
0 0.575684 0.899048 0.0439453 0.0609524 0.872559
0 0.527832 0.882857 0.0380859 0.0704762 0.890625
0 0.50293 0.945714 0.0371094 0.0819048 0.896484
0 0.106934 0.0695238 0.0439453 0.0780952 0.899414
0 0.398926 0.807619 0.0400391 0.0380952 0.900879
0 0.158691 0.0419048 0.0517578 0.0838095 0.900879
0 0.95166 0.884762 0.0400391 0.0666667 0.902344
0 0.143066 0.907619 0.0439453 0.0704762 0.914551
