1 0.915527 0.93619 0.0791016 0.108571 0.28833
0 0.980957 0.17619 0.0361328 0.0590476 0.383057
0 0.748535 0.838095 0.0419922 0.0457143 0.422119
0 0.0927734 0.0409524 0.0410156 0.0666667 0.48584
0 0.833008 0.815238 0.0410156 0.0419048 0.563965
0 0.144531 0.027619 0.046875 0.0552381 0.56543
0 0.810547 0.753333 0.0351562 0.04 0.577148
0 0.677246 0.878095 0.0400391 0.0380952 0.758301
0 0.621582 0.882857 0.0400391 0.04 0.787109
0 0.986816 0.93619 0.0263672 0.0742857 0.791992
0 0.314453 0.810476 0.0390625 0.0361905 0.803711
0 0.682617 0.804762 0.0410156 0.0438095 0.806152
0 0.737793 0.745714 0.0400391 0.04 0.814941
0 0.140625 0.838095 0.0371094 0.0647619 0.81543
0 0.317871 0.747619 0.0400391 0.0361905 0.82373
0 0.502441 0.764762 0.0361328 0.04 0.828613
0 0.224609 0.77619 0.0371094 0.0438095 0.845215
0 0.509277 0.818095 0.0341797 0.04 0.852051
0 0.592773 0.757143 0.0410156 0.04 0.854492
0 0.589355 0.825714 0.0400391 0.04 0.866699
0 0.256836 0.82381 0.0371094 0.04 0.869629
0 0.388672 0.807619 0.0390625 0.0380952 0.872559
0 0.878418 0.786667 0.0419922 0.0533333 0.874512
0 0.44873 0.809524 0.0361328 0.0342857 0.884277
0 0.575195 0.899048 0.0449219 0.0609524 0.88916
0 0.527344 0.882857 0.0390625 0.0704762 0.889648
0 0.503418 0.946667 0.0380859 0.0838095 0.89209
0 0.106934 0.0695238 0.0439453 0.0780952 0.899902
0 0.158691 0.0419048 0.0517578 0.0838095 0.904297
0 0.12793 0.927619 0.0429688 0.072381 0.911133
0 0.947266 0.877143 0.0390625 0.0666667 0.917969
