0 0.810547 0.798095 0.046875 0.0533333 0.323975
0 0.994629 0.117143 0.0107422 0.0552381 0.344971
0 0.995117 0.959048 0.00976562 0.0666667 0.354736
0 0.828125 0.917143 0.0429688 0.047619 0.466309
0 0.98584 0.265714 0.0283203 0.0514286 0.476074
0 0.0922852 0.032381 0.0380859 0.0647619 0.526855
0 0.143066 0.027619 0.0458984 0.0552381 0.54834
0 0.985352 0.16381 0.0292969 0.0533333 0.560547
0 0.793945 0.752381 0.0390625 0.0380952 0.663574
0 0.854004 0.769524 0.0419922 0.0533333 0.731934
0 0.673828 0.754286 0.0410156 0.0457143 0.761719
0 0.357422 0.807619 0.0390625 0.0380952 0.780762
0 0.820312 0.861905 0.0449219 0.0590476 0.784668
0 0.577637 0.758095 0.0380859 0.0342857 0.800293
0 0.67627 0.87619 0.0400391 0.0380952 0.802734
0 0.238281 0.770476 0.0371094 0.047619 0.808594
0 0.902344 0.0647619 0.0390625 0.072381 0.810059
0 0.621582 0.881905 0.0400391 0.0419048 0.812988
0 0.759277 0.809524 0.0400391 0.0419048 0.834473
0 0.407715 0.748571 0.0400391 0.0342857 0.834961
0 0.313965 0.757143 0.0361328 0.0361905 0.839355
0 0.298828 0.82 0.0371094 0.0361905 0.845703
0 0.635742 0.821905 0.0410156 0.04 0.852539
0 0.55957 0.814286 0.0332031 0.0361905 0.863281
0 0.90332 0.870476 0.0410156 0.0609524 0.870117
0 0.575684 0.899048 0.0439453 0.0609524 0.875977
0 0.508301 0.805714 0.0361328 0.0342857 0.891113
0 0.436035 0.811429 0.0400391 0.0380952 0.891113
0 0.914551 0.819048 0.0439453 0.0685714 0.895996
0 0.503906 0.944762 0.0371094 0.0838095 0.898438
0 0.963867 0.902857 0.0410156 0.0685714 0.898438
0 0.106934 0.0704762 0.0439453 0.0761905 0.901367
0 0.158691 0.0419048 0.0517578 0.0838095 0.90332
0 0.531738 0.877143 0.0380859 0.0704762 0.910645
0 0.203613 0.854286 0.0458984 0.0628571 0.913574
