0 0.0932617 0.04 0.0400391 0.0685714 0.337646
0 0.729492 0.887619 0.0410156 0.0419048 0.355713
0 0.14502 0.027619 0.0458984 0.0552381 0.454834
0 0.932129 0.96 0.0478516 0.08 0.564941
0 0.990234 0.945714 0.0195312 0.0742857 0.727051
0 0.180176 0.8 0.0361328 0.0533333 0.731934
0 0.33252 0.802857 0.0380859 0.04 0.739258
0 0.776855 0.845714 0.0439453 0.0457143 0.739746
0 0.712402 0.804762 0.0419922 0.047619 0.763184
0 0.676758 0.877143 0.0390625 0.0361905 0.780762
0 0.950195 0.137143 0.0390625 0.0609524 0.782227
0 0.829102 0.76 0.0371094 0.0419048 0.808105
0 0.621582 0.882857 0.0400391 0.04 0.810547
0 0.262207 0.765714 0.0361328 0.0380952 0.839355
0 0.762207 0.746667 0.0400391 0.0419048 0.84082
0 0.533203 0.759048 0.0351562 0.032381 0.842773
0 0.354492 0.747619 0.0390625 0.0361905 0.853516
0 0.27832 0.821905 0.0351562 0.0361905 0.854004
0 0.626953 0.758095 0.0410156 0.0457143 0.862793
0 0.473633 0.808571 0.0371094 0.0361905 0.867188
0 0.606934 0.82381 0.0400391 0.04 0.868164
0 0.532227 0.815238 0.0332031 0.0380952 0.879883
0 0.408691 0.809524 0.0400391 0.0380952 0.889648
0 0.955566 0.890476 0.0400391 0.0704762 0.890137
0 0.575684 0.899048 0.0439453 0.0609524 0.891113
0 0.861328 0.835238 0.0390625 0.0514286 0.892578
0 0.52832 0.880952 0.0390625 0.0704762 0.896484
0 0.106445 0.0704762 0.0449219 0.0761905 0.901367
0 0.503418 0.944762 0.0380859 0.0838095 0.901367
0 0.896973 0.8 0.0439453 0.0609524 0.906738
0 0.15918 0.0419048 0.0527344 0.0838095 0.909668
0 0.15918 0.891429 0.0449219 0.0685714 0.912598
