0 0.09375 0.0371429 0.0410156 0.0628571 0.311768
1 0.915527 0.934286 0.108398 0.131429 0.373779
0 0.143555 0.0285714 0.046875 0.0571429 0.546387
0 0.733398 0.835238 0.0488281 0.0514286 0.582031
0 0.81543 0.809524 0.0410156 0.0457143 0.661621
0 0.67627 0.877143 0.0400391 0.0361905 0.768066
0 0.302246 0.814286 0.0419922 0.04 0.779297
0 0.724609 0.745714 0.0390625 0.04 0.791992
0 0.799805 0.749524 0.0371094 0.04 0.802734
0 0.621582 0.881905 0.0400391 0.0419048 0.814941
0 0.485352 0.761905 0.0351562 0.0342857 0.828613
0 0.244141 0.828571 0.0371094 0.0457143 0.842285
0 0.983887 0.931429 0.0322266 0.0761905 0.850098
0 0.299316 0.748571 0.0400391 0.0342857 0.856445
0 0.12207 0.86 0.0371094 0.0666667 0.857422
0 0.207031 0.786667 0.0371094 0.0495238 0.86084
0 0.666992 0.805714 0.0410156 0.0419048 0.866211
0 0.496582 0.819048 0.0341797 0.0380952 0.870605
0 0.575195 0.899048 0.0449219 0.0609524 0.872559
0 0.580078 0.824762 0.0410156 0.0419048 0.873535
0 0.378906 0.807619 0.0390625 0.0380952 0.875977
0 0.437012 0.810476 0.0361328 0.0361905 0.884277
0 0.574707 0.757143 0.0419922 0.04 0.884766
0 0.50293 0.945714 0.0371094 0.0819048 0.890625
0 0.106934 0.0704762 0.0439453 0.0761905 0.893555
0 0.527344 0.882857 0.0390625 0.0704762 0.896484
0 0.158691 0.0419048 0.0517578 0.0838095 0.904785
0 0.11084 0.948571 0.0439453 0.0761905 0.905762
0 0.941406 0.868571 0.0390625 0.0685714 0.914551
0 0.867188 0.78 0.0410156 0.0514286 0.915039
