0 0.144043 0.027619 0.0458984 0.0552381 0.507324
0 0.827148 0.917143 0.0410156 0.047619 0.594238
0 0.981934 0.110476 0.0341797 0.0495238 0.599609
0 0.966309 0.251429 0.0439453 0.0457143 0.620117
0 0.789062 0.815238 0.0429688 0.0533333 0.63623
0 0.375977 0.808571 0.0390625 0.0361905 0.652832
0 0.96582 0.145714 0.0546875 0.0666667 0.729492
0 0.677246 0.878095 0.0400391 0.0380952 0.762695
0 0.621582 0.881905 0.0400391 0.0419048 0.768066
0 0.700195 0.752381 0.0410156 0.0419048 0.77832
0 0.868164 0.778095 0.0390625 0.0514286 0.783691
0 0.812012 0.757143 0.0400391 0.0438095 0.791504
0 0.854004 0.884762 0.0439453 0.0590476 0.811035
0 0.305664 0.82 0.0410156 0.0361905 0.820801
0 0.276367 0.759048 0.0371094 0.0361905 0.832031
0 0.657227 0.820952 0.0429688 0.0419048 0.84375
0 0.609375 0.754286 0.0390625 0.0380952 0.845215
0 0.529297 0.804762 0.0351562 0.032381 0.849121
0 0.443359 0.747619 0.0390625 0.0361905 0.854492
0 0.345703 0.75619 0.0371094 0.0342857 0.861328
0 0.575684 0.899048 0.0439453 0.0609524 0.86377
0 0.57666 0.812381 0.0322266 0.0361905 0.86377
0 0.932617 0.909524 0.0390625 0.0666667 0.865723
0 0.453125 0.810476 0.0390625 0.0361905 0.866699
0 0.505859 0.939048 0.0390625 0.0838095 0.876953
0 0.229004 0.838095 0.0439453 0.0533333 0.897949
0 0.106445 0.0714286 0.0449219 0.0780952 0.901367
0 0.533691 0.873333 0.0400391 0.0704762 0.904297
0 0.969727 0.909524 0.0390625 0.0704762 0.906738
0 0.15918 0.0419048 0.0527344 0.0838095 0.907227
0 0.922852 0.830476 0.0449219 0.072381 0.910156
