0 0.931641 0.11619 0.0546875 0.08 0.312012
0 0.729492 0.888571 0.0390625 0.04 0.31543
0 0.115234 0.955238 0.0664062 0.0895238 0.342529
0 0.933594 0.228571 0.0449219 0.0609524 0.450928
0 0.64209 0.75619 0.0341797 0.0342857 0.488037
0 0.143555 0.0285714 0.046875 0.0571429 0.618164
0 0.988281 0.271429 0.0234375 0.04 0.658691
0 0.683594 0.820952 0.0410156 0.0419048 0.741211
0 0.677246 0.877143 0.0400391 0.0361905 0.748535
0 0.311523 0.754286 0.0351562 0.0342857 0.791504
0 0.62207 0.881905 0.0410156 0.0419048 0.79541
0 0.394043 0.808571 0.0361328 0.0361905 0.8125
0 0.575684 0.899048 0.0439453 0.0609524 0.817871
0 0.723145 0.749524 0.0400391 0.04 0.818359
0 0.477051 0.746667 0.0400391 0.0342857 0.835938
0 0.37793 0.75619 0.0351562 0.0342857 0.836914
0 0.318359 0.81619 0.0351562 0.0361905 0.845703
0 0.876953 0.790476 0.0390625 0.0533333 0.855469
0 0.54834 0.80381 0.0361328 0.0342857 0.864258
0 0.820801 0.82381 0.0419922 0.0514286 0.866211
0 0.960938 0.955238 0.0410156 0.0742857 0.867676
0 0.595215 0.812381 0.0341797 0.0361905 0.868164
0 0.82666 0.761905 0.0400391 0.0457143 0.875488
0 0.466797 0.811429 0.0390625 0.0380952 0.87793
0 0.885254 0.911429 0.0439453 0.0628571 0.878418
0 0.250488 0.829524 0.0439453 0.047619 0.878418
0 0.508301 0.933333 0.0380859 0.08 0.88916
0 0.535156 0.869524 0.0390625 0.0666667 0.889648
0 0.106934 0.0704762 0.0439453 0.0761905 0.896484
0 0.932129 0.842857 0.0419922 0.0742857 0.896973
0 0.15918 0.0419048 0.0527344 0.0838095 0.904785
0 0.977539 0.922857 0.0410156 0.0742857 0.916992
