0 0.729492 0.888571 0.0390625 0.04 0.299805
0 0.996094 0.162857 0.0078125 0.04 0.382324
0 0.144043 0.027619 0.0458984 0.0552381 0.412842
0 0.92627 0.0238095 0.0361328 0.047619 0.419922
0 0.993164 0.964762 0.0136719 0.0590476 0.423584
0 0.0664062 0.964762 0.0566406 0.0704762 0.581055
1 0.159668 0.92 0.104492 0.144762 0.724609
0 0.433105 0.805714 0.0380859 0.0342857 0.748535
0 0.705078 0.752381 0.0390625 0.0419048 0.751465
0 0.67627 0.877143 0.0400391 0.0361905 0.789551
0 0.387695 0.749524 0.0351562 0.032381 0.802734
0 0.766602 0.837143 0.0410156 0.047619 0.808594
0 0.972656 0.0990476 0.0371094 0.0419048 0.810547
0 0.560547 0.744762 0.0390625 0.0342857 0.818359
0 0.621582 0.881905 0.0400391 0.0419048 0.822266
0 0.950684 0.19619 0.0458984 0.0571429 0.82373
0 0.905273 0.0342857 0.0410156 0.0685714 0.830566
0 0.351074 0.814286 0.0380859 0.0361905 0.834961
0 0.902344 0.809524 0.0410156 0.0609524 0.847656
0 0.575195 0.899048 0.0449219 0.0609524 0.86377
0 0.768555 0.749524 0.0390625 0.04 0.86377
0 0.850098 0.772381 0.0439453 0.0514286 0.864746
0 0.458984 0.755238 0.0351562 0.032381 0.868164
0 0.89209 0.868571 0.0439453 0.0647619 0.868652
0 0.652832 0.813333 0.0341797 0.0380952 0.868652
0 0.597656 0.801905 0.0351562 0.0342857 0.87793
0 0.494629 0.813333 0.0400391 0.0380952 0.878906
0 0.94043 0.125714 0.0390625 0.0571429 0.880371
0 0.90918 0.212381 0.0371094 0.0590476 0.883301
0 0.106445 0.0704762 0.0449219 0.0761905 0.893555
0 0.51416 0.92 0.0400391 0.0838095 0.894531
0 0.286621 0.821905 0.0419922 0.0438095 0.900879
0 0.850586 0.104762 0.0410156 0.0838095 0.900879
0 0.54834 0.851429 0.0400391 0.0685714 0.906738
0 0.158691 0.0419048 0.0517578 0.0838095 0.910645
0 0.953125 0.877143 0.0429688 0.0742857 0.914551
