0 0.144043 0.0266667 0.0478516 0.0533333 0.273438
0 0.924805 0.0247619 0.0410156 0.0495238 0.275879
0 0.72998 0.887619 0.0400391 0.0380952 0.283447
0 0.989746 0.957143 0.0205078 0.0742857 0.287354
0 0.975586 0.970476 0.0390625 0.0590476 0.314697
0 0.991211 0.0838095 0.0175781 0.0342857 0.364258
0 0.496094 0.974286 0.0273438 0.0514286 0.398682
0 0.994629 0.175238 0.0107422 0.0419048 0.547852
0 0.424805 0.781905 0.0332031 0.0285714 0.579102
0 0.397461 0.747619 0.0351562 0.0361905 0.680176
0 0.777344 0.822857 0.0429688 0.0495238 0.73877
0 0.889648 0.0238095 0.0390625 0.047619 0.751465
1 0.236328 0.871429 0.107422 0.100952 0.754883
0 0.476074 0.806667 0.0361328 0.0361905 0.763184
0 0.505859 0.745714 0.0332031 0.0285714 0.763184
0 0.761719 0.75619 0.0410156 0.0457143 0.765625
0 0.672363 0.745714 0.0419922 0.0438095 0.783691
0 0.943848 0.864762 0.0380859 0.0685714 0.808594
0 0.89502 0.80381 0.0419922 0.0609524 0.81543
0 0.67627 0.87619 0.0400391 0.0380952 0.821777
0 0.621582 0.882857 0.0419922 0.04 0.821777
0 0.427734 0.814286 0.0332031 0.032381 0.82666
0 0.900879 0.0819048 0.0380859 0.0647619 0.827148
0 0.34668 0.817143 0.0410156 0.0380952 0.827148
0 0.980469 0.261905 0.0390625 0.04 0.837891
0 0.573242 0.752381 0.0351562 0.0342857 0.841309
0 0.709961 0.805714 0.0371094 0.0380952 0.851074
0 0.575684 0.899048 0.0439453 0.0609524 0.851562
0 0.949219 0.0847619 0.0390625 0.0514286 0.860352
0 0.615234 0.794286 0.0390625 0.0457143 0.872559
0 0.540527 0.881905 0.0439453 0.072381 0.872559
0 0.906738 0.935238 0.0439453 0.072381 0.879395
0 0.523926 0.813333 0.0400391 0.0380952 0.891113
0 0.942383 0.186667 0.0390625 0.0571429 0.892578
0 0.853027 0.0561905 0.0400391 0.0857143 0.900391
0 0.0976562 0.0819048 0.0449219 0.072381 0.905762
0 0.835938 0.762857 0.0429688 0.047619 0.906738
0 0.158691 0.0419048 0.0517578 0.0838095 0.915527
