0 0.828125 0.917143 0.0390625 0.047619 0.330811
0 0.493164 0.98381 0.0234375 0.032381 0.360107
0 0.924805 0.0228571 0.0390625 0.0457143 0.369141
0 0.805664 0.0190476 0.0253906 0.0380952 0.586426
0 0.143066 0.0266667 0.0458984 0.0533333 0.624023
0 0.370605 0.747619 0.0341797 0.032381 0.719727
0 0.933594 0.848571 0.0371094 0.0666667 0.759277
0 0.922852 0.108571 0.0390625 0.0571429 0.782227
0 0.621582 0.881905 0.0400391 0.0419048 0.791016
0 0.651367 0.744762 0.0410156 0.0419048 0.79541
0 0.467773 0.806667 0.0371094 0.0361905 0.810059
0 0.676758 0.877143 0.0410156 0.0361905 0.811035
0 0.983887 0.940952 0.0322266 0.0838095 0.813477
0 0.680176 0.804762 0.0341797 0.0361905 0.813965
0 0.329102 0.817143 0.0390625 0.0380952 0.818848
0 0.476074 0.745714 0.0341797 0.032381 0.825195
0 0.410156 0.813333 0.0351562 0.0342857 0.82959
0 0.90918 0.0428571 0.0390625 0.0628571 0.833008
0 0.821289 0.758095 0.0410156 0.0419048 0.836426
0 0.882324 0.796191 0.0419922 0.0571429 0.838379
1 0.216797 0.881905 0.107422 0.110476 0.838867
0 0.961426 0.959048 0.0439453 0.0819048 0.841309
0 0.750977 0.755238 0.0371094 0.04 0.84375
0 0.549316 0.752381 0.0341797 0.0342857 0.849609
0 0.575684 0.899048 0.0439453 0.0609524 0.853516
0 0.53125 0.891429 0.0429688 0.0761905 0.854492
0 0.746094 0.819048 0.0351562 0.0457143 0.85791
0 0.977539 0.100952 0.0410156 0.0419048 0.859375
0 0.123535 0.911429 0.0537109 0.0819048 0.863281
0 0.96875 0.206667 0.0390625 0.047619 0.87207
0 0.523926 0.813333 0.0400391 0.0380952 0.873535
0 0.595215 0.804762 0.0400391 0.0552381 0.875488
0 0.875977 0.900952 0.046875 0.0647619 0.87793
0 0.10498 0.072381 0.0439453 0.0761905 0.896973
0 0.875488 0.105714 0.0439453 0.0819048 0.897949
0 0.158691 0.0419048 0.0517578 0.0838095 0.907715
