0 0.833496 0.0190476 0.0302734 0.0380952 0.282715
0 0.965332 0.0752381 0.0263672 0.032381 0.310547
0 0.141602 0.0295238 0.0507812 0.0590476 0.313477
0 0.49707 0.966667 0.0332031 0.0666667 0.374512
0 0.162598 0.877143 0.0556641 0.0780952 0.506836
1 0.263184 0.866667 0.106445 0.0876191 0.665039
0 0.924805 0.06 0.0390625 0.0628571 0.742676
0 0.952148 0.87619 0.0390625 0.0685714 0.754395
0 0.881348 0.0514286 0.0341797 0.0647619 0.800293
0 0.427734 0.747619 0.0351562 0.032381 0.805176
0 0.776367 0.759048 0.0371094 0.0438095 0.831055
0 0.676758 0.87619 0.0410156 0.0380952 0.833008
0 0.687012 0.745714 0.0400391 0.04 0.833008
0 0.532227 0.745714 0.0332031 0.032381 0.833496
0 0.975586 0.165714 0.0371094 0.0457143 0.834961
0 0.62207 0.881905 0.0410156 0.0419048 0.837891
0 0.589844 0.750476 0.0351562 0.0342857 0.84668
0 0.937988 0.240952 0.0419922 0.0514286 0.84668
0 0.435547 0.811429 0.0351562 0.0342857 0.847168
0 0.741699 0.808571 0.0361328 0.0361905 0.853027
0 0.365723 0.81619 0.0400391 0.04 0.859375
0 0.556152 0.864762 0.0439453 0.0647619 0.87207
0 0.90625 0.815238 0.0429688 0.0647619 0.875488
0 0.845703 0.766667 0.046875 0.0552381 0.875977
0 0.575195 0.9 0.0449219 0.0628571 0.878418
0 0.813965 0.838095 0.0361328 0.0457143 0.883301
0 0.63623 0.787619 0.0400391 0.04 0.885742
0 0.917969 0.162857 0.0390625 0.0628571 0.887695
0 0.523926 0.813333 0.0400391 0.0380952 0.893555
0 0.157715 0.0428571 0.0517578 0.0857143 0.910645
0 0.081543 0.0952381 0.0458984 0.0647619 0.921387
