0 0.130859 0.115238 0.0390625 0.0704762 0.422363
0 0.827148 0.917143 0.0390625 0.047619 0.557617
0 0.143555 0.0285714 0.046875 0.0571429 0.688965
0 0.356445 0.747619 0.0351562 0.032381 0.700195
0 0.638184 0.744762 0.0400391 0.0380952 0.711914
0 0.98584 0.107619 0.0283203 0.04 0.772461
0 0.621582 0.881905 0.0400391 0.0419048 0.805664
0 0.319824 0.819048 0.0400391 0.0380952 0.810547
0 0.745117 0.755238 0.0371094 0.04 0.818359
0 0.676758 0.877143 0.0410156 0.0361905 0.828613
0 0.929688 0.840952 0.0371094 0.0666667 0.831055
0 0.115234 0.919048 0.0546875 0.0819048 0.834473
0 0.463379 0.806667 0.0380859 0.0361905 0.838379
0 0.400391 0.813333 0.0351562 0.0342857 0.841797
0 0.93457 0.12 0.0371094 0.0571429 0.84668
0 0.533691 0.753333 0.0361328 0.0361905 0.84668
0 0.462402 0.745714 0.0361328 0.032381 0.847656
0 0.876465 0.790476 0.0419922 0.0571429 0.847656
1 0.207031 0.884762 0.109375 0.11619 0.85498
0 0.730957 0.817143 0.0341797 0.0419048 0.85498
0 0.665527 0.804762 0.0361328 0.0361905 0.85498
0 0.575195 0.899048 0.0449219 0.0609524 0.86377
0 0.523438 0.812381 0.0390625 0.04 0.87207
0 0.811523 0.75619 0.0410156 0.0419048 0.876465
0 0.953125 0.94381 0.0429688 0.0780952 0.87793
0 0.98291 0.214286 0.0341797 0.047619 0.882812
0 0.918945 0.0542857 0.0390625 0.0590476 0.888184
0 0.528809 0.895238 0.0419922 0.0761905 0.890625
0 0.858887 0.885714 0.0439453 0.0609524 0.891602
0 0.817383 0.0447619 0.0332031 0.0704762 0.89502
0 0.584961 0.813333 0.0410156 0.0609524 0.896973
0 0.875 0.0342857 0.0371094 0.0685714 0.899414
0 0.158691 0.0419048 0.0517578 0.0838095 0.900391
0 0.981445 0.931429 0.0371094 0.08 0.903809
0 0.106445 0.0714286 0.0449219 0.0780952 0.904785
0 0.886719 0.125714 0.0429688 0.08 0.911133
