0 0.72998 0.887619 0.0400391 0.0419048 0.402832
0 0.92627 0.0228571 0.0341797 0.0457143 0.431641
1 0.29248 0.867619 0.108398 0.0628571 0.51123
0 0.862793 0.0257143 0.0341797 0.0514286 0.538574
0 0.0449219 0.173333 0.0507812 0.0571429 0.603516
0 0.500977 0.959048 0.0351562 0.0819048 0.797363
0 0.676758 0.87619 0.0410156 0.0380952 0.818359
0 0.60498 0.751429 0.0361328 0.04 0.818359
0 0.546875 0.744762 0.0351562 0.0342857 0.828613
0 0.957031 0.886667 0.0371094 0.0742857 0.833008
0 0.701172 0.746667 0.0410156 0.0380952 0.84082
0 0.437012 0.812381 0.0341797 0.0361905 0.847656
0 0.454102 0.747619 0.0371094 0.0361905 0.849609
0 0.773926 0.813333 0.0361328 0.0419048 0.851074
0 0.791992 0.764762 0.0371094 0.0438095 0.853027
0 0.379395 0.815238 0.0400391 0.0380952 0.86084
0 0.149902 0.052381 0.0517578 0.0857143 0.865234
0 0.903809 0.0333333 0.0361328 0.0666667 0.865723
0 0.62207 0.881905 0.0410156 0.0419048 0.875977
0 0.524414 0.812381 0.0390625 0.0361905 0.876953
0 0.575684 0.899048 0.0439453 0.0609524 0.879395
0 0.661133 0.786667 0.0390625 0.0380952 0.880859
0 0.900879 0.209524 0.0419922 0.0609524 0.885254
0 0.858398 0.773333 0.0449219 0.0533333 0.888672
0 0.896484 0.133333 0.0390625 0.0647619 0.893555
0 0.946289 0.147619 0.0390625 0.047619 0.901367
0 0.0581055 0.10381 0.0439453 0.0514286 0.90918
0 0.846191 0.856191 0.0361328 0.047619 0.913086
0 0.581543 0.847619 0.0419922 0.0571429 0.913086
0 0.916504 0.827619 0.0419922 0.0628571 0.92041
