1 0.128906 0.0780952 0.0527344 0.08 0.354736
0 0.10791 0.927619 0.0439453 0.08 0.462158
1 0.333984 0.875238 0.109375 0.0704762 0.6875
0 0.625977 0.752381 0.0371094 0.0419048 0.753418
0 0.483398 0.805714 0.0371094 0.0342857 0.786133
0 0.979492 0.114286 0.0410156 0.0533333 0.791016
0 0.228027 0.848571 0.0517578 0.0552381 0.799805
0 0.481445 0.745714 0.0332031 0.032381 0.806152
0 0.630859 0.828571 0.0410156 0.0419048 0.82373
0 0.963379 0.897143 0.0380859 0.072381 0.833984
0 0.719727 0.746667 0.0449219 0.0457143 0.837402
0 0.67627 0.87619 0.0400391 0.0380952 0.838867
0 0.128418 0.0780952 0.0537109 0.08 0.840332
0 0.566406 0.746667 0.0351562 0.0342857 0.841797
0 0.437012 0.811429 0.0341797 0.0342857 0.84375
0 0.388184 0.815238 0.0400391 0.0380952 0.847168
0 0.621094 0.881905 0.0410156 0.0419048 0.853516
0 0.80957 0.775238 0.0390625 0.0495238 0.861328
0 0.965332 0.252381 0.0439453 0.047619 0.861328
0 0.0166016 0.107619 0.0332031 0.0361905 0.862793
0 0.910156 0.112381 0.0371094 0.0609524 0.862793
0 0.575684 0.899048 0.0439453 0.0609524 0.864746
0 0.531738 0.813333 0.0380859 0.0380952 0.866699
0 0.888184 0.890476 0.0361328 0.0552381 0.870117
0 0.821289 0.828571 0.0410156 0.0457143 0.872559
0 0.704102 0.788571 0.0371094 0.0380952 0.87793
0 0.855469 0.14381 0.0390625 0.0742857 0.880371
0 0.513672 0.926667 0.0390625 0.0857143 0.890625
0 0.925293 0.837143 0.0419922 0.0704762 0.904785
0 0.864258 0.08 0.0390625 0.0761905 0.912598
0 0.874512 0.785714 0.0439453 0.0552381 0.916016
