0 0.10498 0.0419048 0.0576172 0.0838095 0.292236
0 0.919922 0.0609524 0.0390625 0.0647619 0.608887
0 0.70752 0.815238 0.0478516 0.0419048 0.634277
0 0.51123 0.801905 0.0361328 0.0342857 0.66748
0 0.837402 0.794286 0.0517578 0.072381 0.705078
0 0.186035 0.844762 0.0439453 0.0666667 0.731934
0 0.0859375 0.114286 0.0527344 0.0685714 0.73291
1 0.392578 0.921905 0.111328 0.133333 0.735352
0 0.575684 0.899048 0.0419922 0.0609524 0.753906
0 0.655273 0.750476 0.0371094 0.0457143 0.768555
0 0.621582 0.881905 0.0400391 0.0419048 0.789551
0 0.756348 0.749524 0.0419922 0.0438095 0.810059
0 0.600098 0.745714 0.0361328 0.032381 0.813965
0 0.981934 0.118095 0.0341797 0.0457143 0.820312
0 0.862305 0.0371429 0.0371094 0.0704762 0.828613
0 0.873535 0.165714 0.0439453 0.0761905 0.831543
0 0.4375 0.812381 0.0332031 0.032381 0.833008
0 0.67627 0.875238 0.0400391 0.04 0.834961
0 0.812012 0.04 0.0361328 0.08 0.842285
0 0.88916 0.798095 0.0458984 0.0609524 0.849121
0 0.964355 0.157143 0.0419922 0.0514286 0.851562
0 0.39209 0.815238 0.0400391 0.0380952 0.864746
0 0.97168 0.910476 0.0371094 0.0685714 0.865723
0 0.588379 0.813333 0.0400391 0.0380952 0.869141
0 0.76709 0.796191 0.0380859 0.0380952 0.869629
0 0.295898 0.847619 0.0488281 0.0457143 0.873535
0 0.963379 0.200952 0.0439453 0.0514286 0.875977
0 0.539062 0.88381 0.0429688 0.0761905 0.875977
0 0.959473 0.260952 0.0380859 0.0457143 0.876465
0 0.930176 0.934286 0.0361328 0.0590476 0.888184
0 0.888184 0.866667 0.0380859 0.0495238 0.89209
0 0.935059 0.851429 0.0419922 0.0685714 0.90625
