1 0.346191 0.880952 0.108398 0.0857143 0.503418
0 0.632324 0.752381 0.0361328 0.0419048 0.550293
0 0.121094 0.909524 0.0429688 0.0742857 0.606934
0 0.487305 0.746667 0.0351562 0.0304762 0.700195
0 0.00878906 0.106667 0.0175781 0.0380952 0.713379
0 0.621582 0.882857 0.0400391 0.04 0.729004
0 0.676758 0.877143 0.0390625 0.0361905 0.758301
0 0.572754 0.745714 0.0341797 0.032381 0.796875
0 0.575195 0.899048 0.0449219 0.0609524 0.808594
0 0.966797 0.105714 0.0390625 0.0514286 0.810059
0 0.900391 0.1 0.0390625 0.0666667 0.812988
0 0.120605 0.0876191 0.0537109 0.0761905 0.818359
0 0.48584 0.806667 0.0380859 0.0361905 0.835938
0 0.436523 0.812381 0.0351562 0.0361905 0.838867
0 0.816406 0.779048 0.0371094 0.0495238 0.841797
0 0.717773 0.788571 0.0371094 0.0380952 0.856934
0 0.836914 0.835238 0.0390625 0.047619 0.857422
0 0.648438 0.82381 0.0429688 0.0438095 0.859375
0 0.390137 0.815238 0.0400391 0.0380952 0.86084
0 0.726562 0.747619 0.0429688 0.0438095 0.862305
0 0.539551 0.813333 0.0400391 0.0380952 0.865723
0 0.96582 0.900952 0.0371094 0.072381 0.876953
0 0.878418 0.787619 0.0439453 0.0552381 0.87793
0 0.944336 0.24 0.0449219 0.0533333 0.878906
0 0.898926 0.9 0.0361328 0.0552381 0.878906
0 0.518555 0.916191 0.0410156 0.0876191 0.88916
0 0.927246 0.840952 0.0439453 0.0704762 0.89209
0 0.242676 0.845714 0.0517578 0.0533333 0.901367
0 0.84375 0.121905 0.0410156 0.08 0.901855
0 0.853516 0.0580952 0.0390625 0.0742857 0.915039
