0 0.112793 0.0952381 0.0537109 0.0761905 0.409668
1 0.112793 0.0952381 0.0537109 0.0761905 0.465332
0 0.993652 0.218095 0.0126953 0.047619 0.484619
0 0.491699 0.74381 0.0361328 0.032381 0.580566
0 0.136719 0.891429 0.0429688 0.0685714 0.636719
0 0.993164 0.175238 0.0136719 0.0457143 0.648438
1 0.358398 0.887619 0.107422 0.0990476 0.656738
0 0.822754 0.784762 0.0400391 0.0533333 0.67334
0 0.677246 0.877143 0.0400391 0.0361905 0.776367
0 0.638184 0.750476 0.0361328 0.0380952 0.813477
0 0.488281 0.805714 0.0371094 0.0342857 0.813477
0 0.57959 0.745714 0.0341797 0.032381 0.817383
0 0.954102 0.0961905 0.0390625 0.0552381 0.827148
0 0.621582 0.881905 0.0400391 0.0419048 0.82959
0 0.574707 0.899048 0.0439453 0.0609524 0.830566
0 0.852051 0.844762 0.0341797 0.0438095 0.832031
0 0.889648 0.0847619 0.0371094 0.0666667 0.838379
0 0.733398 0.747619 0.0410156 0.0438095 0.845703
0 0.4375 0.810476 0.0351562 0.0361905 0.848145
0 0.664062 0.820952 0.0410156 0.0419048 0.851562
0 0.731934 0.790476 0.0380859 0.0380952 0.856934
0 0.391113 0.815238 0.0400391 0.0380952 0.86377
0 0.549805 0.812381 0.0410156 0.0361905 0.866699
0 0.924805 0.224762 0.0449219 0.0609524 0.869629
0 0.522949 0.907619 0.0419922 0.0819048 0.879395
0 0.967285 0.90381 0.0361328 0.0704762 0.882812
0 0.256348 0.84381 0.0498047 0.0495238 0.888184
0 0.930176 0.844762 0.0419922 0.0704762 0.895508
0 0.908691 0.910476 0.0361328 0.0533333 0.895996
0 0.880371 0.790476 0.0439453 0.0571429 0.896484
0 0.842773 0.0371429 0.0371094 0.0742857 0.901367
0 0.833984 0.0990476 0.0390625 0.08 0.914551
