0 0.847656 0.0180952 0.0273438 0.0361905 0.276123
0 0.0664062 0.126667 0.0507812 0.0590476 0.38623
0 0.996094 0.109524 0.0078125 0.0438095 0.416992
0 0.926758 0.0238095 0.0371094 0.047619 0.452881
0 0.993164 0.170476 0.0136719 0.047619 0.618652
0 0.666016 0.749524 0.0371094 0.0438095 0.638184
0 0.516113 0.74381 0.0361328 0.032381 0.697266
0 0.222656 0.82 0.0429688 0.0552381 0.718262
0 0.53125 0.80381 0.0371094 0.0342857 0.722656
0 0.733398 0.815238 0.0410156 0.0419048 0.754883
0 0.98584 0.220952 0.0263672 0.0419048 0.763184
0 0.898438 0.0342857 0.0371094 0.0685714 0.769531
0 0.611816 0.747619 0.0380859 0.0361905 0.782227
0 0.772949 0.751429 0.0400391 0.04 0.807617
0 0.958496 0.101905 0.0341797 0.0438095 0.8125
0 0.676758 0.877143 0.0410156 0.04 0.815918
0 0.785645 0.797143 0.0400391 0.0361905 0.824219
0 0.319824 0.856191 0.0498047 0.0514286 0.82666
0 0.621094 0.882857 0.0410156 0.04 0.834961
0 0.937988 0.139048 0.0439453 0.0609524 0.840332
0 0.4375 0.811429 0.0332031 0.0342857 0.854004
0 0.621582 0.815238 0.0400391 0.0380952 0.858398
0 0.859375 0.817143 0.0371094 0.0571429 0.860352
0 0.576172 0.9 0.0429688 0.0590476 0.861328
0 0.39209 0.815238 0.0400391 0.0380952 0.86377
0 0.550781 0.870476 0.0449219 0.0685714 0.866699
0 0.920898 0.234286 0.0390625 0.0571429 0.87793
0 0.84668 0.12 0.0410156 0.08 0.883789
0 0.935059 0.182857 0.0439453 0.0571429 0.885254
0 0.938965 0.856191 0.0419922 0.0742857 0.890137
0 0.894531 0.801905 0.0429688 0.0647619 0.895996
0 0.90332 0.88 0.0371094 0.0533333 0.897461
0 0.939941 0.945714 0.0380859 0.0628571 0.902344
0 0.978027 0.921905 0.0361328 0.072381 0.916016
