0 0.925781 0.0228571 0.0390625 0.0457143 0.29126
0 0.853027 0.0285714 0.0380859 0.0571429 0.334229
1 0.401367 0.929524 0.105469 0.137143 0.46582
0 0.993164 0.222857 0.0136719 0.0457143 0.526367
0 0.519531 0.799048 0.0390625 0.04 0.558105
0 0.510254 0.74381 0.0361328 0.032381 0.695312
0 0.90918 0.0466667 0.0371094 0.0704762 0.718262
0 0.807617 0.0285714 0.0292969 0.0571429 0.730469
0 0.621582 0.882857 0.0400391 0.04 0.77832
0 0.660645 0.749524 0.0380859 0.047619 0.788574
0 0.723145 0.815238 0.0400391 0.0419048 0.793945
0 0.576172 0.899048 0.0429688 0.0609524 0.80127
0 0.972168 0.109524 0.0361328 0.0438095 0.806152
0 0.67627 0.87619 0.0400391 0.0380952 0.822754
0 0.764648 0.753333 0.0410156 0.04 0.822754
0 0.60791 0.746667 0.0380859 0.0342857 0.832031
0 0.437012 0.812381 0.0341797 0.032381 0.835449
0 0.851562 0.810476 0.0371094 0.0552381 0.844727
0 0.777344 0.796191 0.0371094 0.0380952 0.847168
0 0.974609 0.915238 0.0390625 0.0742857 0.857422
0 0.39209 0.815238 0.0400391 0.0380952 0.86377
0 0.306641 0.849524 0.0527344 0.0495238 0.864258
0 0.859863 0.142857 0.0419922 0.0761905 0.869141
0 0.604492 0.81619 0.0390625 0.04 0.87207
0 0.544922 0.878095 0.0429688 0.072381 0.876465
0 0.95166 0.147619 0.0419922 0.0552381 0.87793
0 0.939453 0.249524 0.0390625 0.0533333 0.882812
0 0.94873 0.191429 0.0439453 0.0552381 0.89209
0 0.936035 0.941905 0.0380859 0.0628571 0.892578
0 0.893066 0.800952 0.0458984 0.0628571 0.899902
0 0.937012 0.853333 0.0419922 0.0685714 0.902832
0 0.896973 0.874286 0.0380859 0.0533333 0.916504
