0 0.887207 0.0219048 0.0361328 0.0438095 0.341309
0 0.827637 0.916191 0.0419922 0.0457143 0.362793
0 0.0249023 0.142857 0.0498047 0.0571429 0.498291
0 0.729492 0.887619 0.0410156 0.0419048 0.50293
0 0.705078 0.752381 0.0371094 0.0419048 0.56543
0 0.993164 0.238095 0.0136719 0.0419048 0.576172
0 0.985352 0.113333 0.0292969 0.047619 0.776367
0 0.563965 0.741905 0.0361328 0.032381 0.784668
0 0.621582 0.882857 0.0400391 0.04 0.796875
0 0.654297 0.745714 0.0351562 0.04 0.804199
0 0.86084 0.032381 0.0400391 0.0647619 0.814941
0 0.832031 0.80381 0.0371094 0.0380952 0.825195
0 0.676758 0.87619 0.0410156 0.0380952 0.834961
0 0.828125 0.752381 0.0429688 0.0380952 0.839844
0 0.594727 0.844762 0.0429688 0.0552381 0.847168
0 0.962891 0.972381 0.0390625 0.0552381 0.849609
0 0.348145 0.77619 0.0400391 0.0438095 0.849609
0 0.575684 0.9 0.0439453 0.0590476 0.853516
0 0.391602 0.814286 0.0410156 0.04 0.857422
0 0.727539 0.835238 0.0410156 0.047619 0.858398
0 0.916504 0.114286 0.0439453 0.0685714 0.868652
0 0.456543 0.810476 0.0341797 0.032381 0.873535
0 0.902832 0.16 0.0439453 0.072381 0.884277
0 0.887695 0.845714 0.0390625 0.0647619 0.885742
0 0.797852 0.834286 0.0410156 0.0495238 0.892578
0 0.902344 0.810476 0.0429688 0.0666667 0.892578
0 0.971191 0.909524 0.0400391 0.0780952 0.894531
0 0.859863 0.0838095 0.0419922 0.0838095 0.898438
0 0.931152 0.910476 0.0380859 0.0609524 0.900391
0 0.93457 0.0714286 0.0449219 0.0628571 0.90332
0 0.821777 0.072381 0.0361328 0.0761905 0.907715
0 0.394531 0.92381 0.0507812 0.08 0.923828
