0 0.682129 0.785714 0.0302734 0.0361905 0.252441
0 0.625 0.748571 0.0351562 0.0342857 0.37915
0 0.72998 0.888571 0.0380859 0.04 0.403076
0 0.678223 0.752381 0.0341797 0.0419048 0.687012
0 0.552734 0.801905 0.0390625 0.0342857 0.709961
0 0.749023 0.81619 0.0410156 0.0438095 0.736816
0 0.980469 0.165714 0.0390625 0.0533333 0.744629
0 0.529785 0.74381 0.0361328 0.032381 0.777832
0 0.788574 0.751429 0.0419922 0.0438095 0.807617
0 0.67627 0.878095 0.0400391 0.0342857 0.8125
0 0.9375 0.0838095 0.0351562 0.0571429 0.822754
0 0.621582 0.882857 0.0400391 0.04 0.824219
0 0.983887 0.107619 0.0322266 0.0438095 0.839355
0 0.437012 0.811429 0.0341797 0.0342857 0.852051
0 0.575684 0.900952 0.0439453 0.0609524 0.853516
0 0.827148 0.072381 0.0390625 0.0838095 0.860352
0 0.966309 0.211429 0.0439453 0.0495238 0.860352
0 0.654785 0.81619 0.0400391 0.04 0.866211
0 0.871582 0.828571 0.0361328 0.0571429 0.869141
0 0.982422 0.93619 0.0351562 0.0780952 0.871094
0 0.944824 0.864762 0.0419922 0.072381 0.874512
0 0.563477 0.862857 0.0449219 0.0647619 0.875488
0 0.391602 0.814286 0.0390625 0.04 0.878418
0 0.910645 0.16 0.0439453 0.0647619 0.879883
0 0.259766 0.800952 0.0429688 0.0514286 0.882812
0 0.914062 0.115238 0.0429688 0.0704762 0.884277
0 0.804688 0.8 0.0390625 0.0380952 0.884766
0 0.886719 0.19619 0.0390625 0.0647619 0.88916
0 0.342285 0.867619 0.0498047 0.0590476 0.889648
0 0.911621 0.888571 0.0380859 0.0552381 0.890625
0 0.947754 0.95619 0.0380859 0.0609524 0.905273
0 0.897949 0.805714 0.0439453 0.0647619 0.908691
