0 0.827148 0.916191 0.0410156 0.0457143 0.408691
0 0.607422 0.795238 0.0410156 0.0438095 0.499023
0 0.72998 0.887619 0.0400391 0.0419048 0.541504
0 0.699707 0.751429 0.0341797 0.0438095 0.571289
0 0.991211 0.119048 0.0175781 0.047619 0.652832
0 0.0253906 0.140952 0.0507812 0.0533333 0.697266
0 0.646484 0.746667 0.0351562 0.0380952 0.746094
0 0.819824 0.752381 0.0419922 0.0419048 0.806152
0 0.331055 0.779048 0.0410156 0.0457143 0.807617
0 0.929199 0.126667 0.0439453 0.0628571 0.810059
0 0.895996 0.0285714 0.0361328 0.0571429 0.820312
0 0.556641 0.742857 0.0351562 0.0342857 0.827148
0 0.621582 0.881905 0.0400391 0.0419048 0.830078
0 0.713379 0.831429 0.0419922 0.0438095 0.839844
0 0.67627 0.87619 0.0400391 0.0380952 0.842285
0 0.959961 0.971429 0.0371094 0.0571429 0.854004
0 0.447754 0.810476 0.0361328 0.0361905 0.864258
0 0.575684 0.9 0.0439453 0.0590476 0.866699
0 0.786621 0.827619 0.0419922 0.047619 0.867188
0 0.587891 0.846667 0.0429688 0.0552381 0.869141
0 0.391602 0.814286 0.0390625 0.04 0.870117
0 0.884766 0.842857 0.0390625 0.0628571 0.87207
0 0.913574 0.173333 0.0439453 0.0685714 0.872559
0 0.829102 0.80381 0.0390625 0.0380952 0.874023
0 0.900879 0.808571 0.0458984 0.0666667 0.883789
0 0.871094 0.0447619 0.0410156 0.0780952 0.891113
0 0.926758 0.90381 0.0410156 0.0628571 0.891113
0 0.945312 0.0809524 0.0429688 0.0590476 0.891113
0 0.831543 0.0990476 0.0361328 0.0761905 0.897949
0 0.964844 0.897143 0.0429688 0.0761905 0.906738
0 0.383789 0.907619 0.0527344 0.0819048 0.912109
0 0.869629 0.101905 0.0439453 0.0780952 0.92627
