0 0.41748 0.967619 0.0400391 0.0609524 0.321045
0 0.989258 0.962857 0.0214844 0.0742857 0.396484
0 0.688477 0.751429 0.0351562 0.04 0.532715
0 0.634766 0.747619 0.0371094 0.0361905 0.638184
0 0.813477 0.0333333 0.03125 0.0666667 0.79541
0 0.57959 0.802857 0.0400391 0.04 0.800293
0 0.296875 0.791429 0.0410156 0.047619 0.813965
0 0.804688 0.758095 0.0410156 0.0419048 0.819336
0 0.819336 0.80381 0.0371094 0.0380952 0.84082
0 0.439453 0.812381 0.0332031 0.032381 0.84082
0 0.543945 0.742857 0.0371094 0.0342857 0.842285
0 0.87793 0.835238 0.0410156 0.0628571 0.848633
0 0.67627 0.878095 0.0400391 0.0380952 0.850586
0 0.956543 0.147619 0.0439453 0.0514286 0.854492
0 0.621582 0.881905 0.0400391 0.0419048 0.858398
0 0.576172 0.854286 0.0449219 0.0590476 0.858398
0 0.575684 0.9 0.0439453 0.0590476 0.868164
0 0.938477 0.197143 0.0449219 0.0590476 0.872559
0 0.39209 0.815238 0.0400391 0.0380952 0.875488
0 0.685547 0.821905 0.0410156 0.0514286 0.87793
0 0.76709 0.820952 0.0400391 0.0495238 0.880859
0 0.890625 0.0828571 0.0410156 0.0742857 0.881348
0 0.952148 0.878095 0.0410156 0.072381 0.881348
0 0.953613 0.964762 0.0361328 0.0628571 0.883301
0 0.965332 0.0961905 0.0419922 0.0514286 0.893555
0 0.362305 0.884762 0.0527344 0.0666667 0.894043
0 0.856445 0.149524 0.0371094 0.0742857 0.89502
0 0.899414 0.806667 0.0449219 0.0666667 0.896973
0 0.915527 0.0571429 0.0361328 0.0609524 0.897949
0 0.890137 0.133333 0.0439453 0.072381 0.900879
0 0.919434 0.897143 0.0380859 0.0571429 0.918945
