0 0.976074 0.98 0.0361328 0.04 0.265381
0 0.996094 0.178095 0.0078125 0.047619 0.289795
0 0.500977 0.966667 0.0332031 0.0666667 0.48584
0 0.719238 0.750476 0.0361328 0.0457143 0.526855
0 0.729492 0.888571 0.0390625 0.04 0.545898
0 0.668457 0.744762 0.0361328 0.0419048 0.599609
0 0.654785 0.799048 0.0361328 0.04 0.645996
0 0.579102 0.740952 0.0371094 0.0342857 0.685547
0 0.413086 0.958095 0.046875 0.0838095 0.759766
0 0.804688 0.0295238 0.0332031 0.0590476 0.766602
0 0.841309 0.754286 0.0439453 0.0419048 0.780762
0 0.96875 0.1 0.0429688 0.0514286 0.795898
0 0.67627 0.87619 0.0400391 0.0380952 0.822754
0 0.837891 0.804762 0.0390625 0.04 0.827148
0 0.967285 0.232381 0.0380859 0.0342857 0.845703
0 0.893555 0.0819048 0.0449219 0.08 0.849121
0 0.752441 0.841905 0.0400391 0.0457143 0.85498
0 0.476074 0.809524 0.0341797 0.0342857 0.85498
0 0.621582 0.881905 0.0419922 0.0419048 0.855469
0 0.914062 0.0485714 0.0429688 0.0742857 0.860352
0 0.392578 0.815238 0.0390625 0.0380952 0.862793
0 0.893066 0.852381 0.0380859 0.0628571 0.867676
0 0.825684 0.848571 0.0419922 0.0514286 0.87207
0 0.379883 0.771429 0.0390625 0.0419048 0.873535
0 0.575195 0.899048 0.0429688 0.0609524 0.880371
0 0.883301 0.131429 0.0439453 0.0761905 0.884277
0 0.981934 0.934286 0.0361328 0.0780952 0.885742
0 0.905762 0.814286 0.0439453 0.0666667 0.88916
0 0.606445 0.839048 0.0429688 0.0514286 0.895996
0 0.842285 0.0457143 0.0400391 0.0838095 0.896484
0 0.94043 0.92381 0.0390625 0.0647619 0.921875
