0 0.924805 0.0228571 0.0410156 0.0457143 0.27002
0 0.806152 0.0209524 0.0302734 0.0419048 0.435303
0 0.594727 0.8 0.0371094 0.0380952 0.742188
0 0.0288086 0.140952 0.0498047 0.0495238 0.758301
0 0.812988 0.758095 0.0419922 0.0380952 0.768555
0 0.640137 0.746667 0.0361328 0.0380952 0.772949
0 0.313965 0.784762 0.0419922 0.0457143 0.79248
0 0.551758 0.742857 0.0371094 0.0342857 0.816406
0 0.676758 0.87619 0.0410156 0.0380952 0.825195
0 0.62207 0.882857 0.0410156 0.04 0.854492
0 0.941895 0.139048 0.0439453 0.0571429 0.855469
0 0.776367 0.824762 0.0429688 0.0495238 0.85791
0 0.825195 0.80381 0.0390625 0.0380952 0.859863
0 0.881836 0.839048 0.0390625 0.0628571 0.862305
0 0.39209 0.815238 0.0400391 0.0380952 0.862793
0 0.90625 0.0419048 0.0351562 0.0647619 0.865234
0 0.443848 0.811429 0.0341797 0.0342857 0.866699
0 0.575684 0.899048 0.0439453 0.0609524 0.872559
0 0.925781 0.185714 0.0449219 0.0628571 0.873535
0 0.880371 0.0628571 0.0400391 0.0761905 0.874512
0 0.699219 0.828571 0.0429688 0.0495238 0.879883
0 0.899902 0.807619 0.0458984 0.0685714 0.885742
0 0.58252 0.850476 0.0439453 0.0552381 0.888184
0 0.956543 0.0895238 0.0439453 0.0571429 0.891113
0 0.374023 0.89619 0.0507812 0.0742857 0.893555
0 0.95752 0.886667 0.0419922 0.0780952 0.89502
0 0.84375 0.124762 0.0371094 0.0742857 0.896484
0 0.879395 0.117143 0.0439453 0.0780952 0.904297
0 0.922852 0.901905 0.0390625 0.0590476 0.912598
0 0.957031 0.968571 0.0351562 0.0628571 0.913086
