0 0.628906 0.747619 0.0351562 0.0361905 0.550293
0 0.0424805 0.138095 0.0537109 0.0552381 0.57959
0 0.682617 0.750476 0.0351562 0.0419048 0.643555
0 0.537598 0.74381 0.0361328 0.032381 0.69043
0 0.56543 0.802857 0.0390625 0.0361905 0.775391
0 0.986328 0.949524 0.0273438 0.0742857 0.780762
0 0.758789 0.82 0.0410156 0.0438095 0.811035
0 0.67627 0.877143 0.0400391 0.0361905 0.833008
0 0.437012 0.812381 0.0341797 0.0361905 0.84375
0 0.796387 0.755238 0.0419922 0.04 0.84668
0 0.621582 0.881905 0.0400391 0.0419048 0.852539
0 0.575684 0.9 0.0439453 0.0590476 0.857422
0 0.96875 0.157143 0.0449219 0.0514286 0.859375
0 0.277832 0.796191 0.0419922 0.0495238 0.860352
0 0.95166 0.205714 0.0439453 0.0533333 0.861816
0 0.67041 0.819048 0.0400391 0.0419048 0.864258
0 0.813477 0.800952 0.0390625 0.04 0.868164
0 0.926758 0.0714286 0.0371094 0.0590476 0.868652
0 0.39209 0.815238 0.0400391 0.0380952 0.874512
0 0.875 0.833333 0.0390625 0.0590476 0.879395
0 0.818848 0.0495238 0.0380859 0.0838095 0.880371
0 0.94873 0.870476 0.0419922 0.072381 0.881836
0 0.569824 0.857143 0.0439453 0.0609524 0.887695
0 0.950684 0.96 0.0361328 0.0609524 0.88916
0 0.899902 0.146667 0.0458984 0.072381 0.891113
0 0.976562 0.100952 0.0429688 0.0495238 0.893555
0 0.870117 0.172381 0.0371094 0.0666667 0.894531
0 0.353027 0.87619 0.0498047 0.0647619 0.895996
0 0.915039 0.892381 0.0390625 0.0590476 0.898926
0 0.902832 0.0990476 0.0419922 0.0685714 0.904785
0 0.898438 0.804762 0.0449219 0.0666667 0.906738
