0 0.0234375 0.140952 0.046875 0.0533333 0.303223
0 0.897461 0.027619 0.0390625 0.0552381 0.437256
0 0.097168 0.141905 0.0439453 0.0666667 0.49585
0 0.941406 0.967619 0.0410156 0.0647619 0.700195
0 0.724121 0.741905 0.0361328 0.0361905 0.725098
1 0.336914 0.866667 0.0761719 0.072381 0.783203
0 0.160645 0.0819048 0.0380859 0.072381 0.813477
0 0.685547 0.822857 0.0390625 0.0419048 0.819336
0 0.67627 0.877143 0.0400391 0.0361905 0.823242
0 0.601562 0.80381 0.0351562 0.0342857 0.833008
0 0.787598 0.754286 0.0380859 0.0457143 0.840332
0 0.958008 0.948571 0.0371094 0.0685714 0.849609
0 0.973633 0.205714 0.0390625 0.0457143 0.849609
0 0.621582 0.881905 0.0400391 0.0419048 0.850586
0 0.773926 0.800952 0.0361328 0.0438095 0.854004
0 0.500977 0.95619 0.0332031 0.08 0.859375
0 0.464844 0.813333 0.0410156 0.0380952 0.859375
0 0.89209 0.786667 0.0439453 0.0647619 0.864746
0 0.517578 0.76 0.0390625 0.0380952 0.867188
0 0.891113 0.199048 0.0439453 0.0666667 0.867676
0 0.575684 0.900952 0.0439453 0.0609524 0.872559
0 0.560059 0.86381 0.0419922 0.0666667 0.889648
0 0.964355 0.893333 0.0439453 0.08 0.892578
0 0.944336 0.0885714 0.0410156 0.0552381 0.892578
0 0.894531 0.839048 0.0410156 0.0590476 0.895508
0 0.827148 0.0685714 0.0390625 0.0761905 0.904297
0 0.904785 0.113333 0.0400391 0.0666667 0.910645
0 0.884277 0.904762 0.0419922 0.0609524 0.92041
