0 0.0839844 0.154286 0.0429688 0.0609524 0.251953
0 0.268555 0.793333 0.0410156 0.047619 0.252197
0 0.0244141 0.140952 0.0488281 0.0533333 0.375977
0 0.994629 0.273333 0.0107422 0.047619 0.447754
0 0.949219 0.97619 0.0371094 0.047619 0.450928
0 0.894043 0.0228571 0.0341797 0.0457143 0.556152
0 0.992188 0.171429 0.015625 0.0495238 0.574707
0 0.78418 0.802857 0.0371094 0.0438095 0.680176
0 0.146484 0.105714 0.0390625 0.0742857 0.784668
1 0.352539 0.87619 0.0761719 0.0838095 0.802246
0 0.676758 0.87619 0.0410156 0.0380952 0.802734
0 0.731934 0.741905 0.0361328 0.0361905 0.803223
0 0.616211 0.804762 0.0332031 0.032381 0.832031
0 0.696777 0.825714 0.0400391 0.04 0.839844
0 0.477051 0.811429 0.0419922 0.0380952 0.847656
0 0.899902 0.794286 0.0439453 0.0647619 0.848633
0 0.533203 0.758095 0.0410156 0.0380952 0.849121
0 0.964844 0.96 0.0390625 0.072381 0.859863
0 0.797363 0.759048 0.0361328 0.0438095 0.862305
0 0.621582 0.880952 0.0419922 0.04 0.863281
0 0.813477 0.0371429 0.0371094 0.0742857 0.868164
0 0.576172 0.900952 0.0429688 0.0609524 0.879395
0 0.896973 0.917143 0.0419922 0.0628571 0.887207
0 0.904785 0.846667 0.0439453 0.0628571 0.888184
0 0.570801 0.856191 0.0419922 0.0628571 0.890625
0 0.503906 0.946667 0.0351562 0.08 0.891113
0 0.9375 0.0819048 0.0429688 0.0571429 0.892578
0 0.972168 0.906667 0.0439453 0.0761905 0.900879
0 0.958984 0.197143 0.0390625 0.047619 0.903809
0 0.873535 0.174286 0.0439453 0.0742857 0.90625
0 0.895508 0.101905 0.0390625 0.0666667 0.915527
