0 0.994141 0.960952 0.0117188 0.0628571 0.310303
0 0.116211 0.912381 0.0429688 0.072381 0.322266
0 0.891113 0.0219048 0.0361328 0.0438095 0.399414
0 0.827148 0.02 0.0292969 0.04 0.467529
0 0.72998 0.887619 0.0400391 0.0380952 0.468018
0 0.827637 0.917143 0.0419922 0.047619 0.54248
0 0.605957 0.74381 0.0322266 0.032381 0.590332
0 0.6875 0.745714 0.0351562 0.0361905 0.651367
1 0.23877 0.857143 0.0771484 0.072381 0.703125
0 0.858398 0.761905 0.0488281 0.0533333 0.733398
0 0.868164 0.0342857 0.0371094 0.0685714 0.748535
0 0.516602 0.805714 0.0351562 0.0342857 0.790039
0 0.697754 0.797143 0.0400391 0.047619 0.793945
0 0.868652 0.880952 0.0419922 0.0590476 0.808105
0 0.739258 0.751429 0.0371094 0.0438095 0.836426
0 0.621582 0.881905 0.0419922 0.0419048 0.840332
0 0.67627 0.877143 0.0400391 0.0361905 0.843262
0 0.850098 0.807619 0.0380859 0.0380952 0.845703
0 0.424316 0.765714 0.0400391 0.0380952 0.846191
0 0.794434 0.853333 0.0400391 0.0457143 0.847656
0 0.403809 0.815238 0.0400391 0.0380952 0.859375
0 0.575195 0.899048 0.0449219 0.0609524 0.875488
0 0.913086 0.202857 0.0410156 0.0552381 0.879395
0 0.62793 0.830476 0.0410156 0.0419048 0.881836
0 0.859375 0.0876191 0.0410156 0.0838095 0.886719
0 0.973633 0.169524 0.0390625 0.0457143 0.888672
0 0.936523 0.0742857 0.0449219 0.0647619 0.894531
0 0.907227 0.870476 0.0371094 0.0647619 0.898926
0 0.919434 0.830476 0.0419922 0.0685714 0.902832
0 0.519043 0.921905 0.0380859 0.0838095 0.90625
0 0.958984 0.949524 0.0390625 0.0628571 0.908203
