0 0.0234375 0.140952 0.046875 0.0533333 0.432617
0 0.991699 0.11619 0.0166016 0.0457143 0.723145
0 0.70752 0.826667 0.0419922 0.0380952 0.741699
0 0.67627 0.877143 0.0400391 0.0361905 0.804688
0 0.97168 0.966667 0.0410156 0.0666667 0.811523
0 0.987305 0.167619 0.0253906 0.0457143 0.816895
1 0.366211 0.886667 0.0761719 0.0971429 0.819824
0 0.134277 0.12 0.0361328 0.0685714 0.820312
0 0.798828 0.807619 0.0390625 0.0457143 0.830566
0 0.29248 0.786667 0.0400391 0.0419048 0.833008
0 0.740234 0.740952 0.0351562 0.0380952 0.842773
0 0.629395 0.804762 0.0341797 0.032381 0.843262
0 0.98291 0.26381 0.0341797 0.0438095 0.857422
0 0.48877 0.811429 0.0419922 0.0380952 0.859863
0 0.575684 0.899048 0.0439453 0.0609524 0.874512
0 0.62207 0.882857 0.0410156 0.04 0.875
0 0.944336 0.188571 0.0390625 0.0533333 0.881836
0 0.808105 0.76381 0.0361328 0.0419048 0.885742
0 0.930664 0.0752381 0.0410156 0.0590476 0.890625
0 0.915527 0.857143 0.0400391 0.0609524 0.891113
0 0.506836 0.93619 0.0371094 0.0819048 0.895996
0 0.548828 0.758095 0.0390625 0.0380952 0.895996
0 0.977051 0.916191 0.0419922 0.08 0.899414
0 0.885742 0.0914286 0.0410156 0.0685714 0.90332
0 0.907227 0.800952 0.046875 0.0666667 0.905762
0 0.856934 0.146667 0.0400391 0.0761905 0.910156
0 0.58252 0.849524 0.0419922 0.0571429 0.917969
0 0.908691 0.928571 0.0439453 0.0628571 0.921387
