0 0.827148 0.917143 0.0410156 0.047619 0.37915
0 0.862305 0.0247619 0.0234375 0.0495238 0.416504
0 0.927246 0.0238095 0.0380859 0.047619 0.422119
0 0.834473 0.027619 0.0341797 0.0552381 0.625488
0 0.49707 0.962857 0.0332031 0.0742857 0.64209
0 0.71875 0.741905 0.0351562 0.0361905 0.70752
0 0.17334 0.0619048 0.0380859 0.0742857 0.741211
0 0.677246 0.877143 0.0400391 0.0361905 0.754395
0 0.621582 0.882857 0.0400391 0.04 0.797363
0 0.674805 0.82381 0.0410156 0.04 0.80957
0 0.111328 0.130476 0.0449219 0.0666667 0.818359
0 0.76123 0.801905 0.0361328 0.0419048 0.818848
0 0.0244141 0.140952 0.0488281 0.0533333 0.820801
0 0.576172 0.900952 0.0429688 0.0609524 0.82373
0 0.901855 0.032381 0.0419922 0.0647619 0.828613
0 0.588379 0.804762 0.0341797 0.032381 0.830566
0 0.77832 0.753333 0.0371094 0.0438095 0.831543
1 0.321289 0.860952 0.0800781 0.072381 0.848633
0 0.501953 0.76 0.0390625 0.0380952 0.857422
0 0.452637 0.814286 0.0419922 0.04 0.859375
0 0.985352 0.212381 0.0292969 0.0438095 0.875488
0 0.948242 0.934286 0.0410156 0.0704762 0.879395
0 0.552734 0.870476 0.0429688 0.072381 0.881348
0 0.930176 0.957143 0.0419922 0.0742857 0.881348
0 0.883301 0.826667 0.0439453 0.0609524 0.884766
0 0.885742 0.780952 0.0449219 0.0609524 0.88623
0 0.910156 0.219048 0.0449219 0.0647619 0.89502
0 0.871094 0.892381 0.0429688 0.0590476 0.898438
0 0.915039 0.12381 0.0410156 0.0647619 0.902344
0 0.957031 0.880952 0.0429688 0.0742857 0.904297
0 0.954102 0.0942857 0.0410156 0.0514286 0.904785
0 0.841309 0.100952 0.0380859 0.072381 0.922363
