0 0.0239258 0.141905 0.0478516 0.0590476 0.276611
0 0.827148 0.917143 0.0390625 0.0438095 0.401123
0 0.879883 0.0647619 0.0253906 0.0495238 0.433838
1 0.291504 0.854286 0.0712891 0.0552381 0.439941
0 0.925781 0.0228571 0.0371094 0.0457143 0.47168
0 0.953125 0.251429 0.0449219 0.0533333 0.647461
0 0.980957 0.975238 0.0361328 0.0495238 0.650879
0 0.737305 0.801905 0.0371094 0.0380952 0.756348
0 0.621582 0.881905 0.0400391 0.0419048 0.780762
0 0.677734 0.879048 0.0390625 0.0361905 0.785645
0 0.705566 0.742857 0.0361328 0.0380952 0.810547
0 0.575195 0.899048 0.0449219 0.0609524 0.812012
0 0.470703 0.761905 0.0390625 0.0380952 0.845215
0 0.430176 0.815238 0.0419922 0.0380952 0.859375
0 0.65625 0.824762 0.0429688 0.0419048 0.860352
0 0.762207 0.753333 0.0361328 0.0438095 0.866211
0 0.875488 0.772381 0.0439453 0.0514286 0.868164
0 0.560059 0.806667 0.0341797 0.032381 0.869629
0 0.539062 0.887619 0.0410156 0.072381 0.873535
0 0.911621 0.0428571 0.0439453 0.0742857 0.876953
0 0.13916 0.0952381 0.0439453 0.0761905 0.879395
0 0.866211 0.81619 0.0390625 0.047619 0.881836
0 0.869629 0.149524 0.0380859 0.0666667 0.884277
0 0.941406 0.859048 0.0429688 0.072381 0.891113
0 0.975586 0.105714 0.0410156 0.047619 0.893555
0 0.931641 0.905714 0.0390625 0.0666667 0.897461
0 0.907715 0.922857 0.0439453 0.0704762 0.904785
0 0.936035 0.145714 0.0400391 0.0552381 0.911621
0 0.842285 0.871429 0.0419922 0.0552381 0.91748
0 0.841797 0.0428571 0.0390625 0.0857143 0.919922
