0 0.885742 0.0238095 0.0390625 0.047619 0.423828
0 0.959961 0.257143 0.0371094 0.0419048 0.532715
0 0.991211 0.166667 0.0175781 0.047619 0.650879
0 0.0239258 0.140952 0.0478516 0.0533333 0.738281
0 0.92334 0.182857 0.0419922 0.0533333 0.786133
0 0.816406 0.759048 0.0332031 0.04 0.802734
0 0.14209 0.933333 0.0400391 0.0609524 0.806152
0 0.728516 0.739048 0.0351562 0.0380952 0.807617
0 0.64209 0.75619 0.0400391 0.0419048 0.814453
0 0.920898 0.125714 0.0410156 0.0571429 0.825684
0 0.876953 0.798095 0.0390625 0.0533333 0.836914
0 0.677246 0.879048 0.0400391 0.0361905 0.840332
0 0.93457 0.0780952 0.0449219 0.0609524 0.841309
0 0.62207 0.881905 0.0410156 0.0419048 0.848633
0 0.796875 0.831429 0.0410156 0.04 0.854492
0 0.57373 0.807619 0.0400391 0.0380952 0.85791
0 0.720703 0.802857 0.0351562 0.0361905 0.859863
0 0.443848 0.793333 0.0400391 0.0361905 0.861328
0 0.666016 0.830476 0.0390625 0.0380952 0.862793
0 0.893066 0.855238 0.0400391 0.0609524 0.862793
0 0.981445 0.940952 0.0371094 0.0685714 0.873535
0 0.575684 0.899048 0.0439453 0.0609524 0.880371
0 0.867188 0.0971429 0.0371094 0.072381 0.896484
0 0.524902 0.894286 0.0380859 0.0780952 0.899414
0 0.844727 0.122857 0.0390625 0.0819048 0.907715
0 0.945312 0.853333 0.0429688 0.0761905 0.921875
