0 0.687012 0.739048 0.0380859 0.0380952 0.401123
0 0.98291 0.977143 0.0341797 0.0457143 0.450439
0 0.989746 0.220952 0.0205078 0.0419048 0.469971
0 0.0239258 0.141905 0.0478516 0.0552381 0.569336
0 0.731445 0.826667 0.0410156 0.0419048 0.688965
0 0.984863 0.940952 0.0302734 0.0838095 0.724609
0 0.107422 0.152381 0.0351562 0.0571429 0.765625
0 0.826172 0.815238 0.0390625 0.0457143 0.771973
0 0.67627 0.877143 0.0400391 0.0361905 0.803711
0 0.76123 0.74381 0.0341797 0.0361905 0.808105
0 0.830566 0.769524 0.0380859 0.0495238 0.816406
1 0.389648 0.913333 0.078125 0.112381 0.820312
0 0.654785 0.804762 0.0341797 0.0361905 0.825684
0 0.979004 0.107619 0.0400391 0.047619 0.831543
0 0.339355 0.785714 0.0400391 0.04 0.833008
0 0.621582 0.882857 0.0400391 0.04 0.842285
0 0.512695 0.810476 0.0410156 0.0361905 0.853027
0 0.97168 0.16 0.0410156 0.0457143 0.858887
0 0.57666 0.759048 0.0400391 0.04 0.862793
0 0.919434 0.814286 0.0439453 0.0704762 0.876953
0 0.575684 0.899048 0.0439453 0.0609524 0.87793
0 0.931152 0.951429 0.0439453 0.0666667 0.88916
0 0.9375 0.239048 0.0429688 0.0552381 0.890625
0 0.916504 0.0619048 0.0400391 0.0628571 0.893555
0 0.606445 0.839048 0.0410156 0.047619 0.895508
0 0.512207 0.920952 0.0361328 0.0780952 0.896484
0 0.869141 0.0638095 0.0390625 0.0704762 0.896973
0 0.917969 0.166667 0.0390625 0.0552381 0.90918
0 0.933105 0.877143 0.0419922 0.0666667 0.917969
0 0.827148 0.0790476 0.0410156 0.0857143 0.917969
