0 0.99707 0.171429 0.00585938 0.0571429 0.255371
0 0.12793 0.950476 0.0332031 0.0533333 0.3396
0 0.0239258 0.14 0.0458984 0.0514286 0.63916
0 0.869141 0.791429 0.0390625 0.0514286 0.64209
0 0.807129 0.754286 0.0361328 0.0380952 0.716309
0 0.782227 0.827619 0.0449219 0.047619 0.74707
0 0.981934 0.265714 0.0341797 0.04 0.760254
0 0.880371 0.845714 0.0400391 0.0609524 0.77832
0 0.707031 0.80381 0.0351562 0.0380952 0.78418
0 0.621582 0.881905 0.0400391 0.0419048 0.786133
0 0.718262 0.739048 0.0361328 0.0380952 0.81543
0 0.629883 0.757143 0.0390625 0.04 0.822754
0 0.425293 0.792381 0.0400391 0.0380952 0.845703
0 0.561523 0.808571 0.0410156 0.0361905 0.847168
0 0.677734 0.878095 0.0390625 0.0342857 0.848633
0 0.930664 0.134286 0.0410156 0.0590476 0.865723
0 0.891602 0.0285714 0.0410156 0.0571429 0.865723
0 0.937012 0.194286 0.0419922 0.0533333 0.866699
0 0.575684 0.899048 0.0439453 0.0609524 0.872559
0 0.655273 0.831429 0.0390625 0.04 0.881348
0 0.942383 0.0847619 0.0449219 0.0590476 0.881836
0 0.876953 0.113333 0.0390625 0.0704762 0.889648
0 0.940918 0.845714 0.0419922 0.0761905 0.893555
0 0.975098 0.929524 0.0400391 0.0685714 0.896484
0 0.522461 0.899048 0.0371094 0.0761905 0.907715
0 0.859375 0.152381 0.0410156 0.0761905 0.90918
