0 0.827637 0.916191 0.0419922 0.0457143 0.250244
0 0.807129 0.0257143 0.0302734 0.0514286 0.389893
0 0.678223 0.75619 0.0400391 0.0457143 0.712891
0 0.897461 0.210476 0.0371094 0.0552381 0.745605
0 0.84375 0.770476 0.0390625 0.047619 0.760742
0 0.765137 0.738095 0.0380859 0.04 0.80127
0 0.887695 0.145714 0.0410156 0.0666667 0.807617
0 0.979492 0.265714 0.0371094 0.04 0.819336
0 0.912598 0.052381 0.0458984 0.0780952 0.819336
0 0.763672 0.805714 0.0351562 0.0342857 0.831055
0 0.102051 0.920952 0.0439453 0.0780952 0.831543
0 0.899414 0.81619 0.0371094 0.0552381 0.834961
0 0.979004 0.22 0.0400391 0.04 0.835938
0 0.676758 0.877143 0.0390625 0.0361905 0.836914
0 0.702148 0.831429 0.0390625 0.04 0.841309
0 0.895508 0.0971429 0.0390625 0.0647619 0.843262
0 0.836426 0.842857 0.0419922 0.047619 0.858398
0 0.61084 0.807619 0.0419922 0.0380952 0.865234
0 0.621582 0.881905 0.0419922 0.0419048 0.867676
0 0.921875 0.885714 0.0390625 0.0609524 0.868164
0 0.575195 0.899048 0.0449219 0.0609524 0.874512
0 0.971191 0.155238 0.0400391 0.0438095 0.882324
0 0.490723 0.797143 0.0400391 0.04 0.890625
0 0.839844 0.0361905 0.0351562 0.072381 0.896973
0 0.960938 0.881905 0.0429688 0.08 0.902344
0 0.530762 0.88381 0.0380859 0.0761905 0.913086
