0 0.208496 0.797143 0.0439453 0.0666667 0.260986
0 0.734375 0.752381 0.0390625 0.0419048 0.296387
0 0.989258 0.949524 0.0214844 0.0704762 0.319092
0 0.980469 0.158095 0.0351562 0.0495238 0.339111
0 0.98291 0.916191 0.0302734 0.0571429 0.344482
0 0.729492 0.888571 0.0390625 0.04 0.500488
0 0.856445 0.027619 0.0332031 0.0552381 0.505371
0 0.970703 0.104762 0.046875 0.0495238 0.74707
0 0.819336 0.0714286 0.03125 0.0704762 0.808594
0 0.67627 0.877143 0.0400391 0.0361905 0.811035
0 0.951172 0.921905 0.0390625 0.0647619 0.814941
0 0.880371 0.792381 0.0380859 0.0495238 0.830566
0 0.936035 0.853333 0.0380859 0.0609524 0.835938
0 0.833008 0.820952 0.0371094 0.0419048 0.837402
0 0.670898 0.807619 0.0410156 0.0380952 0.840332
0 0.621582 0.881905 0.0400391 0.0419048 0.847656
0 0.763184 0.83619 0.0400391 0.0419048 0.854004
0 0.89209 0.879048 0.0419922 0.0590476 0.867676
0 0.846191 0.072381 0.0380859 0.0761905 0.868164
0 0.575684 0.9 0.0439453 0.0628571 0.875977
0 0.562012 0.801905 0.0400391 0.0380952 0.878418
0 0.915527 0.18 0.0419922 0.0552381 0.881348
0 0.873535 0.180952 0.0380859 0.0647619 0.881836
0 0.140137 0.0390476 0.0439453 0.0704762 0.889648
0 0.926758 0.125714 0.0410156 0.0609524 0.89209
0 0.539062 0.873333 0.0410156 0.0704762 0.905273
