0 0.152832 0.0295238 0.0419922 0.0590476 0.365723
0 0.72998 0.887619 0.0380859 0.0380952 0.462402
0 0.882812 0.0295238 0.0292969 0.0590476 0.493408
0 0.893066 0.0238095 0.0341797 0.047619 0.544434
0 0.723633 0.752381 0.0390625 0.0419048 0.635742
0 0.979004 0.109524 0.0419922 0.047619 0.714844
0 0.98584 0.159048 0.0283203 0.0438095 0.754395
0 0.862793 0.0371429 0.0361328 0.0742857 0.78418
0 0.677246 0.877143 0.0400391 0.0361905 0.821777
0 0.62207 0.882857 0.0410156 0.04 0.82959
0 0.982422 0.928571 0.0351562 0.0857143 0.830078
0 0.819824 0.81619 0.0361328 0.04 0.84082
0 0.946289 0.914286 0.0371094 0.0647619 0.844727
0 0.83252 0.104762 0.0341797 0.072381 0.850098
0 0.890625 0.205714 0.0371094 0.0609524 0.853027
0 0.750977 0.835238 0.0390625 0.04 0.85791
0 0.658691 0.806667 0.0419922 0.04 0.865723
0 0.854004 0.0885714 0.0380859 0.0742857 0.870117
0 0.874023 0.787619 0.0390625 0.0552381 0.871094
0 0.575195 0.899048 0.0449219 0.0609524 0.873535
0 0.929199 0.190476 0.0419922 0.0533333 0.873535
0 0.54834 0.8 0.0400391 0.0380952 0.882812
0 0.883301 0.871429 0.0439453 0.0590476 0.89502
0 0.93457 0.133333 0.0410156 0.0571429 0.898438
0 0.928711 0.845714 0.0390625 0.0609524 0.898926
0 0.535645 0.87619 0.0400391 0.072381 0.918945
