0 0.0224609 0.182857 0.0410156 0.0457143 0.380859
0 0.771484 0.818095 0.0351562 0.0514286 0.456787
0 0.828125 0.0266667 0.0292969 0.0533333 0.692383
0 0.0966797 0.0828571 0.0449219 0.0628571 0.756836
0 0.67627 0.87619 0.0400391 0.0380952 0.810547
0 0.961426 0.146667 0.0439453 0.0533333 0.812988
0 0.76709 0.752381 0.0400391 0.0380952 0.81543
0 0.902344 0.807619 0.0371094 0.0533333 0.818359
0 0.338867 0.759048 0.0429688 0.0438095 0.827637
0 0.974609 0.953333 0.0390625 0.0666667 0.833008
0 0.621582 0.881905 0.0419922 0.0419048 0.833008
0 0.706543 0.807619 0.0419922 0.0380952 0.833496
0 0.80127 0.841905 0.0400391 0.0419048 0.835938
0 0.575195 0.9 0.0449219 0.0628571 0.844238
0 0.865723 0.839048 0.0380859 0.047619 0.849121
0 0.939941 0.0847619 0.0458984 0.0628571 0.849121
0 0.952148 0.874286 0.0371094 0.0647619 0.856445
0 0.604004 0.802857 0.0400391 0.04 0.867188
0 0.907715 0.892381 0.0439453 0.0628571 0.872559
0 0.898438 0.0895238 0.0429688 0.072381 0.888184
0 0.881348 0.132381 0.0400391 0.0704762 0.88916
0 0.277344 0.758095 0.0429688 0.0533333 0.890137
0 0.551758 0.858095 0.0410156 0.0704762 0.892578
0 0.82959 0.092381 0.0361328 0.0742857 0.91748
