0 0.926758 0.0238095 0.0410156 0.047619 0.262207
0 0.990723 0.181905 0.0185547 0.0438095 0.318359
0 0.729492 0.886667 0.0410156 0.04 0.378174
0 0.993652 0.170476 0.0126953 0.0514286 0.428955
0 0.990723 0.114286 0.0185547 0.0380952 0.669922
0 0.859375 0.777143 0.0371094 0.0457143 0.695312
0 0.791016 0.74 0.0351562 0.0361905 0.736816
0 0.70166 0.753333 0.0400391 0.0438095 0.758789
0 0.791504 0.807619 0.0380859 0.0380952 0.791504
0 0.621582 0.882857 0.0400391 0.04 0.812988
0 0.726074 0.831429 0.0400391 0.0438095 0.82959
0 0.931641 0.242857 0.0390625 0.0514286 0.841309
0 0.901855 0.0380952 0.0439453 0.0761905 0.841309
0 0.676758 0.87619 0.0410156 0.0380952 0.841309
0 0.86377 0.162857 0.0361328 0.0628571 0.856445
0 0.914062 0.830476 0.0371094 0.0571429 0.856445
0 0.880859 0.0695238 0.0390625 0.0742857 0.862793
0 0.972656 0.902857 0.0390625 0.0761905 0.86377
0 0.575684 0.899048 0.0439453 0.0609524 0.865723
0 0.953125 0.207619 0.0429688 0.0457143 0.870605
0 0.635742 0.807619 0.0429688 0.0380952 0.874023
0 0.869141 0.12 0.0390625 0.072381 0.877441
0 0.93457 0.901905 0.0410156 0.0628571 0.882324
0 0.95166 0.144762 0.0400391 0.0495238 0.888672
0 0.519531 0.798095 0.0410156 0.0380952 0.899414
0 0.861816 0.857143 0.0419922 0.0533333 0.899902
0 0.533691 0.880952 0.0400391 0.0742857 0.92627
