0 0.967773 0.104762 0.0214844 0.0342857 0.271973
0 0.86084 0.0247619 0.0341797 0.0495238 0.382812
0 0.992188 0.277143 0.015625 0.0361905 0.439941
0 0.803711 0.757143 0.0410156 0.047619 0.588867
0 0.17627 0.0371429 0.0361328 0.0742857 0.65625
0 0.87207 0.76381 0.0410156 0.0495238 0.67334
0 0.970703 0.212381 0.0390625 0.0438095 0.713867
0 0.902344 0.0361905 0.0429688 0.072381 0.730469
0 0.677246 0.878095 0.0400391 0.0380952 0.793945
0 0.879883 0.852381 0.0371094 0.047619 0.797852
0 0.932129 0.124762 0.0458984 0.0628571 0.797852
0 0.621094 0.880952 0.0410156 0.04 0.820312
0 0.431641 0.747619 0.0351562 0.032381 0.820312
0 0.919434 0.824762 0.0380859 0.0571429 0.826172
0 0.975098 0.911429 0.0380859 0.0704762 0.847656
0 0.75293 0.812381 0.0429688 0.04 0.849609
0 0.0356445 0.115238 0.0400391 0.0438095 0.864746
0 0.575195 0.899048 0.0449219 0.0609524 0.876953
0 0.358887 0.748571 0.0400391 0.0380952 0.876953
0 0.842285 0.052381 0.0361328 0.0780952 0.881348
0 0.850098 0.875238 0.0419922 0.0590476 0.882812
0 0.660645 0.811429 0.0419922 0.0419048 0.895996
0 0.144531 0.0361905 0.0390625 0.072381 0.899902
0 0.584961 0.825714 0.0410156 0.0590476 0.901367
0 0.924316 0.910476 0.0419922 0.0685714 0.908691
