0 0.492676 0.97619 0.0244141 0.047619 0.285889
0 0.991211 0.226667 0.0175781 0.0457143 0.438721
0 0.621582 0.880952 0.0400391 0.04 0.762207
0 0.88623 0.771429 0.0419922 0.0571429 0.786621
0 0.676758 0.87619 0.0410156 0.0380952 0.791504
0 0.982422 0.109524 0.0351562 0.0438095 0.80127
0 0.890625 0.859048 0.0410156 0.0571429 0.825195
0 0.518066 0.746667 0.0341797 0.0304762 0.82666
0 0.575684 0.899048 0.0439453 0.0609524 0.828613
0 0.713379 0.818095 0.0419922 0.0438095 0.833984
0 0.92334 0.830476 0.0361328 0.0571429 0.835938
0 0.911621 0.224762 0.0419922 0.0609524 0.852539
0 0.0888672 0.0990476 0.0390625 0.0609524 0.858398
0 0.794434 0.81619 0.0419922 0.0438095 0.86084
0 0.895996 0.0790476 0.0439453 0.0780952 0.873535
0 0.972656 0.15619 0.0429688 0.0457143 0.876953
0 0.927734 0.177143 0.0390625 0.0571429 0.87793
0 0.95459 0.949524 0.0439453 0.0742857 0.878418
0 0.637695 0.798095 0.0410156 0.0495238 0.887695
0 0.909668 0.939048 0.0419922 0.0685714 0.891113
0 0.432617 0.750476 0.0410156 0.0380952 0.894043
0 0.830078 0.761905 0.0390625 0.0457143 0.900879
