0 0.869141 0.812381 0.0390625 0.047619 0.26416
0 0.981445 0.217143 0.0371094 0.0495238 0.462158
0 0.0424805 0.0866667 0.0439453 0.0438095 0.608887
0 0.795898 0.755238 0.0390625 0.04 0.643066
0 0.868164 0.764762 0.0410156 0.0514286 0.661621
0 0.156738 0.0266667 0.0380859 0.0533333 0.711914
0 0.408691 0.747619 0.0341797 0.032381 0.77002
0 0.677246 0.877143 0.0400391 0.0361905 0.787598
0 0.910645 0.0466667 0.0439453 0.0780952 0.797852
0 0.621582 0.881905 0.0400391 0.0419048 0.811523
0 0.0532227 0.109524 0.0439453 0.047619 0.824219
0 0.916504 0.820952 0.0361328 0.0571429 0.831055
0 0.939941 0.130476 0.0439453 0.0590476 0.837402
0 0.96875 0.901905 0.0351562 0.0666667 0.843262
0 0.878418 0.849524 0.0361328 0.0495238 0.84375
0 0.838379 0.86381 0.0400391 0.0552381 0.848633
0 0.575684 0.899048 0.0439453 0.0609524 0.857422
0 0.868164 0.0352381 0.0390625 0.0704762 0.876953
0 0.742676 0.811429 0.0400391 0.0380952 0.87793
0 0.850586 0.0742857 0.0390625 0.0761905 0.885254
0 0.338867 0.747619 0.0410156 0.0361905 0.889648
0 0.646973 0.808571 0.0419922 0.04 0.89502
0 0.575195 0.835238 0.0410156 0.0628571 0.896973
0 0.92041 0.906667 0.0439453 0.0685714 0.907227
