0 0.995117 0.227619 0.00976562 0.0552381 0.351807
0 0.877441 0.808571 0.0439453 0.0514286 0.388428
0 0.128906 0.111429 0.0390625 0.0704762 0.454834
0 0.987793 0.111429 0.0244141 0.0361905 0.750977
0 0.496094 0.747619 0.0351562 0.032381 0.780762
0 0.621582 0.882857 0.0419922 0.04 0.782715
0 0.817871 0.0485714 0.0205078 0.0438095 0.787598
0 0.697266 0.815238 0.046875 0.0457143 0.789062
0 0.882812 0.770476 0.0429688 0.0552381 0.792969
0 0.67627 0.87619 0.0400391 0.0380952 0.814941
0 0.981934 0.161905 0.0341797 0.0457143 0.825195
0 0.886719 0.856191 0.0390625 0.0552381 0.842773
0 0.104492 0.0857143 0.0371094 0.0647619 0.861328
0 0.784668 0.815238 0.0439453 0.0457143 0.862305
0 0.922852 0.827619 0.0390625 0.0590476 0.870117
0 0.413574 0.749524 0.0400391 0.0361905 0.870605
0 0.905273 0.0933333 0.0449219 0.072381 0.875977
0 0.825684 0.76 0.0400391 0.0457143 0.879395
0 0.938477 0.187619 0.0390625 0.0552381 0.880371
0 0.575684 0.899048 0.0439453 0.0609524 0.883789
0 0.933594 0.242857 0.0429688 0.0552381 0.888184
0 0.944824 0.935238 0.0439453 0.072381 0.893066
0 0.62207 0.80381 0.0410156 0.0533333 0.898438
0 0.89502 0.92 0.0419922 0.0647619 0.921387
