0 0.729492 0.888571 0.0390625 0.04 0.310303
0 0.136719 0.106667 0.0410156 0.0685714 0.429932
0 0.86084 0.0238095 0.0361328 0.047619 0.452881
0 0.888672 0.775238 0.0390625 0.0495238 0.712402
0 0.575684 0.899048 0.0439453 0.0609524 0.771484
0 0.602539 0.748571 0.0351562 0.0342857 0.799316
0 0.67627 0.87619 0.0400391 0.0380952 0.80957
0 0.62207 0.881905 0.0410156 0.0419048 0.820801
0 0.922852 0.829524 0.0390625 0.0590476 0.826172
0 0.95752 0.205714 0.0439453 0.0533333 0.828613
0 0.981934 0.15619 0.0361328 0.0457143 0.848633
0 0.897461 0.864762 0.0410156 0.0609524 0.849121
0 0.51123 0.746667 0.0400391 0.0380952 0.851562
0 0.704102 0.78 0.0390625 0.0438095 0.853516
0 0.884766 0.112381 0.0390625 0.0761905 0.862793
0 0.82666 0.82 0.0419922 0.04 0.877441
0 0.84082 0.764762 0.0410156 0.0438095 0.878418
0 0.765625 0.834286 0.0429688 0.0533333 0.880859
0 0.9375 0.0780952 0.0429688 0.0609524 0.883301
0 0.0175781 0.138095 0.0351562 0.047619 0.890137
0 0.932129 0.127619 0.0458984 0.0647619 0.890625
0 0.836914 0.0990476 0.0390625 0.08 0.900879
0 0.512207 0.92381 0.0380859 0.0838095 0.906738
