0 0.059082 0.0638095 0.0361328 0.0361905 0.322266
0 0.92334 0.833333 0.0361328 0.0590476 0.675293
0 0.888672 0.77619 0.0390625 0.0514286 0.705566
0 0.871094 0.0333333 0.0390625 0.0666667 0.739746
0 0.00976562 0.181905 0.0195312 0.0438095 0.745605
0 0.652832 0.744762 0.0419922 0.0419048 0.793945
0 0.621094 0.881905 0.0410156 0.0419048 0.800293
0 0.719238 0.744762 0.0439453 0.0419048 0.814941
0 0.141602 0.032381 0.0429688 0.0647619 0.816406
0 0.898438 0.867619 0.0371094 0.0552381 0.816895
0 0.677246 0.87619 0.0400391 0.0380952 0.834961
0 0.88623 0.195238 0.0419922 0.0628571 0.839355
0 0.851074 0.0828571 0.0419922 0.0780952 0.844727
0 0.792969 0.75619 0.0390625 0.0419048 0.854492
0 0.921875 0.0552381 0.0429688 0.0647619 0.858398
0 0.920898 0.112381 0.0410156 0.0571429 0.86084
0 0.0722656 0.168571 0.0390625 0.0552381 0.866699
0 0.853027 0.831429 0.0419922 0.0514286 0.875488
0 0.575684 0.899048 0.0439453 0.0609524 0.875488
0 0.842285 0.765714 0.0400391 0.0457143 0.878418
0 0.179688 0.0380952 0.0390625 0.0761905 0.883789
0 0.852051 0.880952 0.0439453 0.0552381 0.885742
0 0.960938 0.173333 0.046875 0.0609524 0.891113
0 0.599121 0.82381 0.0419922 0.0514286 0.899414
