0 0.915039 0.849524 0.03125 0.0533333 0.252197
0 0.730469 0.888571 0.0390625 0.04 0.355469
0 0.828125 0.917143 0.0390625 0.0438095 0.429443
0 0.888672 0.77619 0.0390625 0.0514286 0.632812
0 0.192871 0.0266667 0.0361328 0.0533333 0.678223
0 0.0195312 0.18 0.0390625 0.047619 0.724609
0 0.92334 0.831429 0.0380859 0.0590476 0.736816
0 0.710938 0.747619 0.0371094 0.0361905 0.741211
0 0.639648 0.74381 0.0410156 0.04 0.796387
0 0.898438 0.867619 0.0390625 0.0590476 0.822266
0 0.677246 0.87619 0.0400391 0.0380952 0.825195
0 0.621582 0.881905 0.0419922 0.0419048 0.845215
0 0.865723 0.108571 0.0419922 0.0761905 0.864746
0 0.790039 0.757143 0.0390625 0.0438095 0.868164
0 0.934082 0.0695238 0.0439453 0.0590476 0.868164
0 0.904785 0.21619 0.0419922 0.0590476 0.871094
0 0.846191 0.87619 0.0419922 0.0533333 0.872559
0 0.851562 0.830476 0.0429688 0.0495238 0.873535
0 0.842285 0.765714 0.0400391 0.0457143 0.875488
0 0.96875 0.179048 0.0449219 0.0571429 0.876953
0 0.575684 0.899048 0.0439453 0.0609524 0.880371
0 0.931641 0.121905 0.0390625 0.0533333 0.884277
0 0.881836 0.047619 0.0410156 0.0838095 0.897949
0 0.584473 0.832381 0.0419922 0.0571429 0.907227
0 0.0917969 0.153333 0.0390625 0.0552381 0.915039
