0 0.88916 0.775238 0.0380859 0.0495238 0.420166
0 0.639648 0.747619 0.0351562 0.0361905 0.563965
0 0.991211 0.198095 0.0175781 0.0457143 0.647949
0 0.98877 0.108571 0.0224609 0.0380952 0.730469
0 0.621582 0.881905 0.0400391 0.0419048 0.815918
0 0.676758 0.87619 0.0410156 0.0380952 0.819824
0 0.92334 0.832381 0.0400391 0.0647619 0.82373
0 0.80957 0.0304762 0.0332031 0.0609524 0.835938
0 0.897461 0.864762 0.0390625 0.0609524 0.837402
0 0.963379 0.144762 0.0400391 0.0457143 0.84082
0 0.575195 0.899048 0.0449219 0.0609524 0.845215
0 0.914062 0.0514286 0.0429688 0.0685714 0.848633
0 0.790039 0.844762 0.0449219 0.0552381 0.850586
0 0.836914 0.822857 0.0449219 0.0457143 0.862793
0 0.736816 0.771429 0.0380859 0.0419048 0.877441
0 0.865723 0.0695238 0.0361328 0.0742857 0.87793
0 0.842285 0.765714 0.0400391 0.0457143 0.879883
0 0.550293 0.745714 0.0400391 0.04 0.889648
0 0.919434 0.114286 0.0458984 0.0685714 0.891113
0 0.932617 0.188571 0.0449219 0.0609524 0.891113
0 0.179199 0.0447619 0.0361328 0.0704762 0.893555
0 0.527832 0.893333 0.0400391 0.0761905 0.908691
