0 0.827637 0.918095 0.0419922 0.0457143 0.281006
0 0.152832 0.047619 0.0361328 0.0571429 0.350098
0 0.988281 0.272381 0.0234375 0.0495238 0.700684
0 0.98584 0.195238 0.0283203 0.0514286 0.77832
0 0.924316 0.834286 0.0419922 0.0685714 0.784668
0 0.658203 0.747619 0.0351562 0.04 0.788574
0 0.677246 0.875238 0.0400391 0.04 0.795898
0 0.575195 0.9 0.0449219 0.0628571 0.797852
0 0.983398 0.105714 0.0332031 0.047619 0.825684
0 0.62207 0.881905 0.0410156 0.0419048 0.829102
0 0.902832 0.0352381 0.0419922 0.0704762 0.845215
0 0.92041 0.177143 0.0458984 0.0647619 0.849609
0 0.896973 0.86381 0.0400391 0.0666667 0.85498
0 0.856934 0.0485714 0.0380859 0.0780952 0.859375
0 0.957031 0.140952 0.0390625 0.0495238 0.860352
0 0.804199 0.853333 0.0419922 0.0533333 0.860352
0 0.751465 0.767619 0.0380859 0.0457143 0.865234
0 0.569824 0.745714 0.0419922 0.04 0.865723
0 0.163574 0.0704762 0.0380859 0.0685714 0.871094
0 0.842285 0.765714 0.0419922 0.0457143 0.878418
0 0.839844 0.824762 0.0449219 0.0495238 0.883789
0 0.913086 0.105714 0.0449219 0.0742857 0.894531
0 0.537598 0.878095 0.0419922 0.072381 0.905273
