0 0.701172 0.745714 0.0410156 0.04 0.336182
0 0.82666 0.919048 0.0400391 0.0514286 0.4375
0 0.914062 0.848571 0.03125 0.047619 0.441406
0 0.0517578 0.11619 0.0449219 0.0495238 0.524902
0 0.621582 0.881905 0.0400391 0.0419048 0.668457
0 0.85791 0.0266667 0.0341797 0.0533333 0.675293
0 0.576172 0.899048 0.0429688 0.0571429 0.702148
0 0.888184 0.777143 0.0380859 0.0495238 0.733887
0 0.745117 0.750476 0.0351562 0.0380952 0.79541
0 0.92334 0.830476 0.0361328 0.0571429 0.808594
0 0.942383 0.18 0.0371094 0.0552381 0.816895
0 0.676758 0.87619 0.0410156 0.0380952 0.816895
0 0.873535 0.897143 0.0439453 0.0571429 0.854492
0 0.898926 0.869524 0.0361328 0.0514286 0.856445
0 0.842773 0.766667 0.0410156 0.0438095 0.859375
0 0.981445 0.102857 0.0371094 0.0457143 0.869141
0 0.746094 0.798095 0.0390625 0.0419048 0.881836
0 0.855957 0.833333 0.0419922 0.0514286 0.888184
0 0.797363 0.75619 0.0400391 0.0419048 0.890137
0 0.925293 0.118095 0.0498047 0.0685714 0.902344
0 0.900879 0.202857 0.0439453 0.0666667 0.90332
0 0.138672 0.0428571 0.0390625 0.0704762 0.909668
0 0.108887 0.138095 0.0439453 0.0666667 0.918457
