0 0.856445 0.02 0.0292969 0.04 0.255127
0 0.991211 0.0533333 0.0175781 0.0419048 0.28418
0 0.82666 0.919048 0.0400391 0.0514286 0.30542
0 0.105469 0.0190476 0.0429688 0.0380952 0.377197
0 0.730469 0.887619 0.0390625 0.0419048 0.399414
0 0.0654297 0.133333 0.0429688 0.0495238 0.456787
0 0.744629 0.748571 0.0361328 0.0380952 0.538574
0 0.914062 0.847619 0.0273438 0.0457143 0.54248
0 0.888672 0.774286 0.0390625 0.0552381 0.744141
0 0.699707 0.745714 0.0400391 0.04 0.765625
0 0.805664 0.0304762 0.0332031 0.0609524 0.78418
0 0.676758 0.877143 0.0390625 0.0361905 0.802246
0 0.898438 0.868571 0.0351562 0.0533333 0.822266
0 0.922363 0.829524 0.0361328 0.0590476 0.826172
0 0.124023 0.0590476 0.0429688 0.072381 0.831543
0 0.621582 0.880952 0.0400391 0.04 0.833496
0 0.98584 0.262857 0.0283203 0.0380952 0.839355
0 0.074707 0.157143 0.0419922 0.0552381 0.842773
0 0.979004 0.202857 0.0380859 0.0438095 0.843262
0 0.575684 0.899048 0.0439453 0.0609524 0.849609
0 0.0258789 0.11619 0.0419922 0.0457143 0.852539
0 0.689453 0.80381 0.0390625 0.0380952 0.857422
0 0.842285 0.765714 0.0400391 0.0457143 0.862793
0 0.871094 0.895238 0.0429688 0.0609524 0.867676
0 0.796387 0.755238 0.0400391 0.04 0.881348
0 0.976562 0.154286 0.046875 0.0533333 0.88916
0 0.855469 0.831429 0.0429688 0.0514286 0.89502
0 0.902344 0.105714 0.0449219 0.0780952 0.899902
0 0.171875 0.052381 0.0429688 0.0819048 0.910645
