0 0.916016 0.847619 0.03125 0.0495238 0.348389
0 0.012207 0.120952 0.0244141 0.047619 0.376953
0 0.827148 0.918095 0.0410156 0.0457143 0.391846
0 0.729492 0.887619 0.0390625 0.0419048 0.499756
0 0.994629 0.207619 0.0107422 0.0457143 0.507324
0 0.888184 0.775238 0.0380859 0.0495238 0.592285
0 0.0795898 0.0619048 0.0400391 0.0590476 0.608887
0 0.741699 0.749524 0.0361328 0.0361905 0.733887
0 0.990723 0.160952 0.0185547 0.04 0.751465
0 0.62207 0.881905 0.0410156 0.0380952 0.77832
0 0.67627 0.877143 0.0400391 0.0361905 0.780762
0 0.92334 0.831429 0.0361328 0.0590476 0.786133
0 0.0180664 0.181905 0.0341797 0.04 0.819824
0 0.686035 0.74381 0.0400391 0.04 0.822754
0 0.898438 0.868571 0.0351562 0.0533333 0.830078
0 0.865723 0.891429 0.0439453 0.0571429 0.841309
0 0.842773 0.765714 0.0410156 0.0457143 0.84668
0 0.575684 0.899048 0.0439453 0.0609524 0.853516
0 0.838867 0.114286 0.0371094 0.0761905 0.855469
0 0.0908203 0.0838095 0.0429688 0.0647619 0.860352
0 0.796875 0.755238 0.0390625 0.04 0.87207
0 0.855957 0.831429 0.0419922 0.0514286 0.875977
0 0.645508 0.810476 0.0410156 0.04 0.878418
0 0.887695 0.0695238 0.0410156 0.0704762 0.881836
0 0.134766 0.10381 0.0410156 0.0666667 0.901367
0 0.935547 0.149524 0.046875 0.0704762 0.912109
