0 0.827148 0.918095 0.0410156 0.0457143 0.259521
0 0.0595703 0.0619048 0.0351562 0.0438095 0.266846
0 0.88916 0.777143 0.0361328 0.0495238 0.308838
0 0.914062 0.848571 0.03125 0.047619 0.366455
0 0.989258 0.210476 0.0214844 0.047619 0.49707
0 0.152344 0.027619 0.0371094 0.0552381 0.612793
0 0.745605 0.749524 0.0341797 0.0361905 0.627441
0 0.00878906 0.184762 0.0175781 0.0419048 0.680176
0 0.67627 0.877143 0.0400391 0.0361905 0.683105
0 0.621582 0.882857 0.0419922 0.04 0.780762
0 0.92334 0.830476 0.0361328 0.0571429 0.782227
0 0.692871 0.745714 0.0400391 0.04 0.79541
0 0.986816 0.160952 0.0263672 0.047619 0.80957
0 0.0708008 0.0971429 0.0419922 0.0571429 0.818359
0 0.867676 0.892381 0.0439453 0.0590476 0.821777
0 0.898926 0.868571 0.0361328 0.0533333 0.82373
0 0.575684 0.899048 0.0439453 0.0609524 0.848633
0 0.842773 0.765714 0.0410156 0.0457143 0.852539
0 0.115234 0.12381 0.0390625 0.0609524 0.861328
0 0.826172 0.0847619 0.0390625 0.0819048 0.862793
0 0.796875 0.755238 0.0390625 0.04 0.873535
0 0.875977 0.047619 0.0390625 0.072381 0.876953
0 0.659668 0.807619 0.0400391 0.0419048 0.888184
0 0.855469 0.832381 0.0429688 0.0495238 0.890137
0 0.923828 0.138095 0.046875 0.0704762 0.899902
