0 0.914062 0.847619 0.0292969 0.0495238 0.369873
0 0.0429688 0.0876191 0.046875 0.0457143 0.536621
0 0.88916 0.775238 0.0361328 0.0495238 0.544434
0 0.745117 0.747619 0.0371094 0.04 0.688965
0 0.050293 0.109524 0.0439453 0.047619 0.69873
0 0.697266 0.745714 0.0390625 0.04 0.738281
0 0.67627 0.878095 0.0400391 0.0342857 0.773438
0 0.985352 0.206667 0.0292969 0.047619 0.783691
0 0.922363 0.829524 0.0361328 0.0552381 0.79541
0 0.621582 0.881905 0.0400391 0.0419048 0.805664
0 0.981934 0.16 0.0361328 0.0533333 0.814453
0 0.898926 0.869524 0.0361328 0.0514286 0.833008
0 0.842773 0.765714 0.0410156 0.0457143 0.845215
0 0.870605 0.895238 0.0439453 0.0609524 0.852539
0 0.575684 0.899048 0.0439453 0.0609524 0.860352
0 0.864258 0.032381 0.0390625 0.0647619 0.868164
0 0.674316 0.806667 0.0400391 0.04 0.876953
0 0.797363 0.755238 0.0400391 0.04 0.882324
0 0.0961914 0.140952 0.0400391 0.0609524 0.882324
0 0.855957 0.831429 0.0419922 0.0514286 0.889648
0 0.140625 0.0390476 0.0429688 0.0780952 0.895508
0 0.913086 0.12381 0.0449219 0.0761905 0.898438
0 0.187012 0.0342857 0.0400391 0.0685714 0.902832
0 0.814941 0.0514286 0.0361328 0.0761905 0.904297
