0 0.827148 0.919048 0.0410156 0.0514286 0.394043
0 0.914062 0.848571 0.0292969 0.0514286 0.408936
0 0.744629 0.750476 0.0361328 0.0380952 0.685547
0 0.88916 0.775238 0.0400391 0.0533333 0.757324
0 0.92334 0.830476 0.0361328 0.0571429 0.79541
0 0.575684 0.899048 0.0439453 0.0609524 0.796387
0 0.676758 0.87619 0.0410156 0.0380952 0.805664
0 0.898438 0.868571 0.0351562 0.0533333 0.806152
0 0.0302734 0.169524 0.0390625 0.0419048 0.806641
0 0.62207 0.881905 0.0410156 0.0419048 0.817383
0 0.960449 0.193333 0.0361328 0.047619 0.822266
0 0.701172 0.744762 0.0410156 0.0419048 0.825195
0 0.842285 0.765714 0.0400391 0.0457143 0.856445
0 0.71875 0.80381 0.0390625 0.0380952 0.864746
0 0.872559 0.89619 0.0439453 0.0590476 0.870117
0 0.0913086 0.0933333 0.0458984 0.0647619 0.87207
0 0.942871 0.240952 0.0419922 0.0552381 0.885742
0 0.796875 0.755238 0.0390625 0.04 0.888184
0 0.856445 0.832381 0.0410156 0.0495238 0.890137
0 0.878906 0.0628571 0.0429688 0.0838095 0.908691
0 0.142578 0.0990476 0.0429688 0.072381 0.910645
0 0.952148 0.140952 0.0488281 0.0609524 0.918457
