0 0.745117 0.750476 0.0351562 0.0380952 0.329102
0 0.195801 0.0247619 0.0400391 0.0495238 0.340576
0 0.924805 0.0247619 0.0390625 0.0495238 0.341064
0 0.0517578 0.0419048 0.0371094 0.0342857 0.405029
0 0.104004 0.02 0.0419922 0.04 0.414062
0 0.70166 0.745714 0.0400391 0.04 0.478271
0 0.621582 0.882857 0.0400391 0.04 0.540527
0 0.0546875 0.0657143 0.0351562 0.032381 0.548828
0 0.880859 0.027619 0.0390625 0.0552381 0.599609
0 0.676758 0.87619 0.0390625 0.0380952 0.642578
0 0.576172 0.899048 0.0429688 0.0571429 0.643555
0 0.888672 0.77619 0.0390625 0.0514286 0.769043
0 0.922852 0.831429 0.0371094 0.0590476 0.796387
0 0.0610352 0.111429 0.0380859 0.047619 0.811035
0 0.0703125 0.16381 0.0371094 0.0495238 0.825195
0 0.977051 0.158095 0.0419922 0.0457143 0.830566
0 0.842773 0.765714 0.0410156 0.0457143 0.84668
0 0.898926 0.869524 0.0361328 0.0514286 0.859375
0 0.807617 0.800952 0.0390625 0.04 0.871582
0 0.872559 0.898095 0.0439453 0.0590476 0.875977
0 0.959961 0.0914286 0.0449219 0.0571429 0.87793
0 0.796387 0.755238 0.0380859 0.04 0.885742
0 0.855957 0.833333 0.0419922 0.0514286 0.88623
0 0.85498 0.140952 0.0419922 0.08 0.915527
