0 0.701172 0.745714 0.0410156 0.04 0.293945
0 0.827637 0.918095 0.0419922 0.0495238 0.364502
0 0.912109 0.847619 0.03125 0.0495238 0.406982
0 0.0585938 0.0657143 0.0292969 0.032381 0.588867
0 0.621582 0.881905 0.0400391 0.0419048 0.631348
0 0.889648 0.77619 0.0371094 0.0514286 0.693848
0 0.576172 0.898095 0.0429688 0.0590476 0.711426
0 0.677246 0.87619 0.0400391 0.0380952 0.720703
0 0.92334 0.832381 0.0380859 0.0609524 0.751465
0 0.898438 0.868571 0.0371094 0.0533333 0.811523
0 0.958008 0.205714 0.0371094 0.0457143 0.84082
0 0.980469 0.26381 0.0390625 0.04 0.844238
0 0.872559 0.898095 0.0439453 0.0590476 0.849609
0 0.790527 0.799048 0.0380859 0.0361905 0.853516
0 0.890137 0.124762 0.0361328 0.0628571 0.860352
0 0.975098 0.13619 0.0400391 0.0552381 0.861816
0 0.842773 0.765714 0.0410156 0.0457143 0.861816
0 0.0234375 0.180952 0.0410156 0.0419048 0.864258
0 0.0732422 0.109524 0.0390625 0.0514286 0.864258
0 0.796875 0.753333 0.0390625 0.04 0.865723
0 0.855957 0.831429 0.0419922 0.0514286 0.871582
0 0.926758 0.0609524 0.0410156 0.0609524 0.891602
0 0.875 0.0485714 0.0488281 0.0857143 0.913574
0 0.831055 0.0780952 0.0390625 0.08 0.931641
