0 0.729492 0.887619 0.0390625 0.0380952 0.266846
0 0.70166 0.745714 0.0400391 0.04 0.350098
0 0.104492 0.0190476 0.0410156 0.0380952 0.42749
0 0.914062 0.849524 0.03125 0.0495238 0.451172
0 0.0297852 0.13619 0.0341797 0.04 0.460693
0 0.621582 0.881905 0.0400391 0.0419048 0.51416
0 0.887695 0.778095 0.0371094 0.047619 0.569336
0 0.67627 0.87619 0.0400391 0.0380952 0.65918
0 0.576172 0.899048 0.0429688 0.0571429 0.745605
0 0.985352 0.108571 0.0292969 0.0419048 0.781738
0 0.0957031 0.0838095 0.0410156 0.0609524 0.805176
0 0.90625 0.0590476 0.0390625 0.0685714 0.82959
0 0.922852 0.830476 0.0371094 0.0571429 0.849609
0 0.842773 0.765714 0.0410156 0.0457143 0.859375
0 0.111328 0.132381 0.0390625 0.0628571 0.868164
0 0.859863 0.067619 0.0341797 0.0666667 0.874512
0 0.807617 0.8 0.0390625 0.0380952 0.877441
0 0.898926 0.869524 0.0341797 0.0514286 0.881836
0 0.872559 0.897143 0.0439453 0.0571429 0.888184
0 0.796875 0.755238 0.0390625 0.04 0.888184
0 0.855469 0.833333 0.0429688 0.0514286 0.899902
0 0.878906 0.184762 0.0429688 0.072381 0.919434
