0 0.105469 0.0180952 0.0410156 0.0361905 0.304932
0 0.729492 0.887619 0.0390625 0.0419048 0.382324
0 0.701172 0.745714 0.0410156 0.04 0.581055
0 0.888184 0.775238 0.0380859 0.0495238 0.650879
0 0.913574 0.847619 0.0283203 0.0457143 0.654297
0 0.990723 0.274286 0.0185547 0.0457143 0.722168
0 0.621582 0.880952 0.0400391 0.04 0.736328
0 0.67627 0.87619 0.0400391 0.0380952 0.762695
0 0.576172 0.899048 0.0429688 0.0571429 0.778809
0 0.972656 0.214286 0.0371094 0.04 0.800293
0 0.92334 0.830476 0.0361328 0.0571429 0.803711
0 0.898926 0.868571 0.0361328 0.0533333 0.828613
0 0.903809 0.14381 0.0361328 0.0590476 0.830566
0 0.983887 0.147619 0.0322266 0.0552381 0.835449
0 0.872559 0.897143 0.0458984 0.0609524 0.857422
0 0.0917969 0.0961905 0.0390625 0.0590476 0.868164
0 0.842773 0.765714 0.0410156 0.0457143 0.869141
0 0.940918 0.0752381 0.0419922 0.0552381 0.869141
0 0.0463867 0.175238 0.0419922 0.0495238 0.875
0 0.779785 0.798095 0.0380859 0.0380952 0.879883
0 0.796875 0.754286 0.0390625 0.0419048 0.887207
0 0.855469 0.831429 0.0429688 0.0514286 0.890137
0 0.84668 0.113333 0.0410156 0.0780952 0.90332
0 0.887207 0.0695238 0.0498047 0.0819048 0.905273
