0 0.729492 0.887619 0.0390625 0.0419048 0.256348
0 0.924805 0.0238095 0.0390625 0.047619 0.301514
0 0.82666 0.918095 0.0400391 0.0457143 0.308838
0 0.92334 0.227619 0.0263672 0.0361905 0.322266
0 0.987305 0.0542857 0.0253906 0.04 0.348633
0 0.104492 0.02 0.0410156 0.04 0.397461
0 0.0126953 0.139048 0.0253906 0.0457143 0.431641
0 0.621582 0.881905 0.0400391 0.0419048 0.482666
0 0.70166 0.745714 0.0400391 0.04 0.524902
0 0.914062 0.848571 0.0273438 0.047619 0.62207
0 0.67627 0.87619 0.0400391 0.0380952 0.624512
0 0.576172 0.899048 0.0429688 0.0571429 0.635742
0 0.888672 0.777143 0.0390625 0.0495238 0.654785
0 0.989258 0.166667 0.0214844 0.0438095 0.776367
0 0.92334 0.832381 0.0361328 0.0571429 0.787598
0 0.976074 0.100952 0.0439453 0.0495238 0.814941
0 0.846191 0.0342857 0.0341797 0.0685714 0.822754
0 0.898438 0.868571 0.0351562 0.0533333 0.827148
0 0.0786133 0.0980952 0.0380859 0.0552381 0.833008
0 0.893555 0.0419048 0.0390625 0.072381 0.835449
0 0.842773 0.765714 0.0410156 0.0457143 0.841309
0 0.0917969 0.150476 0.0390625 0.0571429 0.85791
0 0.872559 0.898095 0.0439453 0.0590476 0.87793
0 0.807617 0.800952 0.0390625 0.04 0.878418
0 0.855469 0.831429 0.0429688 0.0514286 0.882324
0 0.797363 0.75619 0.0380859 0.0419048 0.885742
0 0.867188 0.16381 0.0429688 0.0761905 0.924316
