0 0.925781 0.0228571 0.0390625 0.0457143 0.268555
0 0.915527 0.851429 0.0341797 0.0571429 0.271729
0 0.744629 0.750476 0.0361328 0.0380952 0.368164
0 0.621582 0.880952 0.0400391 0.04 0.489258
0 0.88916 0.775238 0.0380859 0.0495238 0.493896
0 0.701172 0.745714 0.0410156 0.04 0.49585
0 0.132812 0.0904762 0.0332031 0.0590476 0.557617
0 0.576172 0.899048 0.0429688 0.0571429 0.580566
0 0.67627 0.87619 0.0400391 0.0380952 0.598633
0 0.923828 0.832381 0.0390625 0.0609524 0.697266
0 0.0102539 0.180952 0.0205078 0.0495238 0.726074
0 0.898438 0.868571 0.0371094 0.0533333 0.82373
0 0.963379 0.257143 0.0439453 0.0419048 0.830566
0 0.861816 0.0342857 0.0478516 0.0685714 0.838379
0 0.872559 0.897143 0.0439453 0.0609524 0.839355
0 0.941895 0.193333 0.0361328 0.047619 0.839355
0 0.0537109 0.120952 0.0390625 0.047619 0.843262
0 0.797852 0.8 0.0390625 0.0380952 0.854492
0 0.842773 0.765714 0.0410156 0.0457143 0.867676
0 0.962891 0.126667 0.0390625 0.0552381 0.868164
0 0.796875 0.754286 0.0390625 0.0380952 0.873535
0 0.913086 0.0428571 0.0410156 0.0666667 0.881836
0 0.875488 0.104762 0.0361328 0.0647619 0.888184
0 0.855469 0.831429 0.0429688 0.0514286 0.888672
0 0.816406 0.04 0.0371094 0.08 0.913086
