0 0.819336 0.02 0.0332031 0.04 0.257812
0 0.621582 0.882857 0.0400391 0.04 0.266602
0 0.915039 0.847619 0.03125 0.0495238 0.330811
0 0.82666 0.919048 0.0419922 0.0514286 0.36084
0 0.701172 0.745714 0.0410156 0.04 0.472412
0 0.993652 0.110476 0.0126953 0.0457143 0.477783
0 0.575195 0.899048 0.0429688 0.0571429 0.483398
0 0.67627 0.87619 0.0400391 0.0380952 0.541504
0 0.104492 0.0190476 0.0390625 0.0380952 0.588379
0 0.888672 0.77619 0.0390625 0.0514286 0.786621
0 0.922363 0.831429 0.0361328 0.0590476 0.815918
0 0.898926 0.869524 0.0361328 0.0514286 0.827148
0 0.918945 0.0752381 0.0410156 0.0704762 0.839355
0 0.842773 0.766667 0.0390625 0.0438095 0.843262
0 0.876465 0.102857 0.0361328 0.0685714 0.856445
0 0.872559 0.899048 0.0439453 0.0609524 0.871094
0 0.109863 0.0704762 0.0400391 0.0609524 0.876953
0 0.808105 0.800952 0.0380859 0.04 0.878418
0 0.797363 0.755238 0.0380859 0.04 0.885742
0 0.855957 0.832381 0.0419922 0.0495238 0.887207
0 0.894043 0.204762 0.0439453 0.0704762 0.89502
0 0.130371 0.112381 0.0380859 0.0647619 0.902832
