0 0.987305 0.0533333 0.0234375 0.0419048 0.252197
0 0.70166 0.745714 0.0400391 0.04 0.28125
0 0.0805664 0.131429 0.0419922 0.0533333 0.285889
0 0.621582 0.882857 0.0400391 0.04 0.317139
0 0.745117 0.750476 0.0351562 0.0380952 0.334229
0 0.914062 0.849524 0.0292969 0.0495238 0.447266
0 0.807617 0.0238095 0.0292969 0.047619 0.487793
0 0.88916 0.77619 0.0380859 0.0514286 0.489746
0 0.102539 0.0219048 0.0429688 0.0438095 0.536621
0 0.0595703 0.953333 0.0429688 0.0780952 0.54834
0 0.67627 0.878095 0.0400391 0.0380952 0.583496
0 0.576172 0.9 0.0429688 0.0590476 0.666016
0 0.0893555 0.152381 0.0439453 0.0571429 0.685547
0 0.933594 0.180952 0.0390625 0.0571429 0.748535
0 0.961914 0.135238 0.0410156 0.0571429 0.777832
0 0.922363 0.831429 0.0361328 0.0552381 0.808594
0 0.857422 0.0809524 0.03125 0.0628571 0.8125
0 0.842773 0.765714 0.0410156 0.0457143 0.834961
0 0.898926 0.868571 0.0361328 0.0533333 0.840332
0 0.807617 0.800952 0.0390625 0.04 0.874023
0 0.896973 0.0828571 0.0400391 0.0704762 0.875977
0 0.872559 0.899048 0.0439453 0.0609524 0.881836
0 0.797363 0.755238 0.0380859 0.04 0.881836
0 0.855957 0.833333 0.0419922 0.0514286 0.890137
