0 0.916016 0.848571 0.03125 0.0514286 0.290771
0 0.70166 0.746667 0.0400391 0.0380952 0.312012
0 0.987305 0.052381 0.0234375 0.04 0.314941
0 0.82666 0.916191 0.0419922 0.0495238 0.330811
0 0.988281 0.217143 0.0234375 0.0419048 0.35376
0 0.104492 0.02 0.0429688 0.04 0.375244
0 0.888184 0.777143 0.0380859 0.0495238 0.507324
0 0.621582 0.882857 0.0400391 0.04 0.530273
0 0.67627 0.87619 0.0400391 0.0380952 0.671387
0 0.576172 0.899048 0.0429688 0.0571429 0.680176
0 0.0483398 0.174286 0.0400391 0.0438095 0.785156
0 0.043457 0.118095 0.0380859 0.0419048 0.790527
0 0.922363 0.831429 0.0361328 0.0552381 0.802734
0 0.842773 0.766667 0.0410156 0.0438095 0.834473
0 0.944336 0.08 0.0449219 0.0609524 0.859375
0 0.872559 0.897143 0.0439453 0.0609524 0.86377
0 0.95752 0.148571 0.0419922 0.0457143 0.875488
0 0.898926 0.870476 0.0361328 0.0495238 0.875977
0 0.807617 0.800952 0.0390625 0.04 0.879883
0 0.17627 0.0466667 0.0400391 0.0742857 0.879883
0 0.796875 0.755238 0.0390625 0.04 0.887695
0 0.855957 0.833333 0.0419922 0.0514286 0.888184
0 0.843262 0.117143 0.0419922 0.0819048 0.921387
