0 0.82666 0.918095 0.0400391 0.0457143 0.317139
0 0.92334 0.0219048 0.0361328 0.0438095 0.335693
0 0.914062 0.849524 0.0292969 0.0495238 0.429932
0 0.576172 0.899048 0.0429688 0.0609524 0.535645
0 0.886719 0.02 0.0273438 0.04 0.540527
0 0.67627 0.87619 0.0400391 0.0380952 0.564453
0 0.70166 0.745714 0.0400391 0.04 0.58252
0 0.888184 0.77619 0.0380859 0.0514286 0.631348
0 0.990723 0.162857 0.0185547 0.0438095 0.71582
0 0.101074 0.0238095 0.0419922 0.047619 0.718262
0 0.0556641 0.959048 0.0410156 0.0742857 0.761719
0 0.872559 0.0914286 0.0361328 0.0685714 0.776855
0 0.922363 0.830476 0.0361328 0.0571429 0.79248
0 0.119629 0.0666667 0.0419922 0.0685714 0.797852
0 0.126953 0.856191 0.0449219 0.0780952 0.805176
0 0.898926 0.868571 0.0361328 0.0533333 0.822266
0 0.842773 0.765714 0.0410156 0.0419048 0.852539
0 0.807617 0.800952 0.0390625 0.04 0.863281
0 0.873535 0.898095 0.0439453 0.0590476 0.883789
0 0.797363 0.755238 0.0380859 0.04 0.885254
0 0.855469 0.832381 0.0429688 0.0495238 0.890137
0 0.945801 0.192381 0.0419922 0.0571429 0.907715
