0 0.0976562 0.0314286 0.0410156 0.0628571 0.279541
0 0.986816 0.052381 0.0263672 0.0438095 0.352783
0 0.67627 0.87619 0.0400391 0.0380952 0.484863
0 0.913574 0.848571 0.0283203 0.047619 0.48999
0 0.70166 0.747619 0.0400391 0.04 0.49585
0 0.575195 0.899048 0.0429688 0.0609524 0.570801
0 0.0327148 0.121905 0.0361328 0.0380952 0.597656
0 0.888672 0.77619 0.0390625 0.0514286 0.771973
0 0.151855 0.888571 0.0419922 0.0704762 0.800781
0 0.922363 0.831429 0.0361328 0.0590476 0.807617
0 0.108398 0.128571 0.0429688 0.0666667 0.821777
0 0.120605 0.859048 0.0400391 0.072381 0.831055
0 0.210938 0.78381 0.0429688 0.0590476 0.833008
0 0.842773 0.765714 0.0390625 0.0457143 0.843262
0 0.875488 0.899048 0.0439453 0.0609524 0.857422
0 0.898926 0.870476 0.0361328 0.0533333 0.860352
0 0.808105 0.800952 0.0380859 0.04 0.875
0 0.796387 0.755238 0.0380859 0.04 0.883789
0 0.855957 0.833333 0.0419922 0.0514286 0.888184
0 0.147949 0.957143 0.0439453 0.0742857 0.89502
0 0.137207 0.0342857 0.0400391 0.0685714 0.907715
0 0.874512 0.107619 0.0419922 0.0780952 0.916992
0 0.921875 0.1 0.0410156 0.0666667 0.921387
