0 0.828125 0.917143 0.0410156 0.047619 0.256592
0 0.744629 0.750476 0.0361328 0.0380952 0.26709
0 0.993652 0.151429 0.0126953 0.047619 0.307373
0 0.676758 0.877143 0.0390625 0.0361905 0.369385
0 0.0527344 0.946667 0.0625 0.0914286 0.44043
0 0.576172 0.899048 0.0429688 0.0571429 0.440674
0 0.050293 0.137143 0.0517578 0.0533333 0.592285
0 0.0644531 0.162857 0.0449219 0.0552381 0.742676
0 0.189941 0.857143 0.0400391 0.0609524 0.780762
0 0.88916 0.774286 0.0400391 0.0552381 0.786621
0 0.923828 0.833333 0.0390625 0.0628571 0.800293
0 0.898438 0.868571 0.0371094 0.0533333 0.819824
0 0.097168 0.0314286 0.0400391 0.0628571 0.827148
0 0.842773 0.765714 0.0410156 0.0419048 0.839355
0 0.876465 0.902857 0.0419922 0.0609524 0.845215
0 0.253906 0.766667 0.0429688 0.047619 0.859375
0 0.155762 0.825714 0.0400391 0.0666667 0.865234
0 0.807617 0.801905 0.0390625 0.0419048 0.871582
0 0.856445 0.833333 0.0410156 0.0514286 0.878418
0 0.797363 0.75619 0.0380859 0.0419048 0.885742
0 0.147461 0.95619 0.0449219 0.0761905 0.896484
0 0.896484 0.0609524 0.0390625 0.072381 0.897461
0 0.110352 0.0685714 0.0410156 0.072381 0.908691
0 0.848145 0.0561905 0.0419922 0.0819048 0.92627
