0 0.621582 0.881905 0.0400391 0.0419048 0.293701
0 0.91748 0.849524 0.0341797 0.0533333 0.344971
0 0.151855 0.0238095 0.0400391 0.047619 0.420166
0 0.67627 0.877143 0.0400391 0.04 0.491455
0 0.0712891 0.925714 0.0527344 0.0914286 0.518555
0 0.576172 0.899048 0.0429688 0.0571429 0.557129
0 0.0834961 0.969524 0.0439453 0.0609524 0.561523
0 0.0380859 0.175238 0.0429688 0.0457143 0.584473
0 0.0966797 0.0333333 0.0410156 0.0666667 0.586426
0 0.984375 0.14381 0.03125 0.0590476 0.705566
0 0.88916 0.77619 0.0380859 0.0514286 0.718262
0 0.92334 0.834286 0.0380859 0.0609524 0.77002
0 0.898438 0.867619 0.0351562 0.0552381 0.803223
0 0.842773 0.765714 0.0410156 0.0457143 0.825195
0 0.174316 0.807619 0.0400391 0.0609524 0.828613
0 0.210938 0.844762 0.0429688 0.0590476 0.833984
0 0.877441 0.902857 0.0419922 0.0609524 0.856445
0 0.807617 0.801905 0.0390625 0.0419048 0.874023
0 0.856445 0.833333 0.0410156 0.0514286 0.884766
0 0.797363 0.755238 0.0380859 0.0438095 0.885254
0 0.277832 0.76 0.0419922 0.0419048 0.887207
0 0.0957031 0.0847619 0.0410156 0.0666667 0.890625
0 0.884766 0.0390476 0.0390625 0.0742857 0.89502
0 0.147949 0.95619 0.0439453 0.0761905 0.908203
0 0.835938 0.0361905 0.0429688 0.072381 0.911133
