0 0.0991211 0.0247619 0.0400391 0.0495238 0.258057
0 0.744141 0.750476 0.0351562 0.0380952 0.352051
0 0.70166 0.746667 0.0400391 0.0380952 0.380615
0 0.915039 0.851429 0.03125 0.0495238 0.451172
0 0.0917969 0.964762 0.0390625 0.0704762 0.453125
0 0.575684 0.9 0.0419922 0.0590476 0.506348
0 0.103027 0.0790476 0.0400391 0.0628571 0.577148
0 0.676758 0.87619 0.0390625 0.0380952 0.611816
0 0.139648 0.964762 0.0449219 0.0704762 0.65625
0 0.861816 0.067619 0.0361328 0.0742857 0.730469
0 0.887695 0.77619 0.0390625 0.0514286 0.758789
0 0.0678711 0.938095 0.0380859 0.0704762 0.765625
0 0.922852 0.831429 0.0371094 0.0590476 0.810059
0 0.899414 0.868571 0.0371094 0.0533333 0.830566
0 0.141602 0.84 0.0449219 0.072381 0.835938
0 0.842773 0.766667 0.0390625 0.0438095 0.844238
0 0.807617 0.800952 0.0390625 0.04 0.862305
0 0.873535 0.898095 0.0439453 0.0590476 0.87207
0 0.855957 0.833333 0.0419922 0.0514286 0.880859
0 0.796875 0.755238 0.0390625 0.04 0.885742
0 0.980957 0.157143 0.0361328 0.0514286 0.886719
0 0.932129 0.18 0.0439453 0.0628571 0.911133
