0 0.0517578 0.112381 0.0429688 0.0419048 0.265625
0 0.827637 0.916191 0.0419922 0.0495238 0.276367
0 0.621094 0.881905 0.0410156 0.0419048 0.335693
0 0.914062 0.851429 0.0332031 0.0533333 0.366455
0 0.116211 0.08 0.0371094 0.0647619 0.395508
0 0.744629 0.750476 0.0361328 0.0380952 0.441406
0 0.70166 0.745714 0.0400391 0.04 0.451172
0 0.576172 0.9 0.0429688 0.0590476 0.601074
0 0.67627 0.87619 0.0400391 0.0380952 0.621094
0 0.888672 0.777143 0.0390625 0.0495238 0.773438
0 0.922852 0.831429 0.0371094 0.0590476 0.793945
0 0.898926 0.868571 0.0361328 0.0533333 0.820312
0 0.842773 0.766667 0.0410156 0.0438095 0.840332
0 0.129395 0.10381 0.0419922 0.0704762 0.854492
0 0.807617 0.801905 0.0390625 0.0419048 0.862793
0 0.875 0.900952 0.0429688 0.0609524 0.867676
0 0.133789 0.909524 0.0410156 0.0704762 0.869141
0 0.856445 0.833333 0.0410156 0.0514286 0.884277
0 0.797852 0.75619 0.0390625 0.0419048 0.885254
0 0.105957 0.879048 0.0380859 0.0704762 0.886719
0 0.936523 0.11619 0.0410156 0.0647619 0.902832
0 0.192383 0.795238 0.0449219 0.0628571 0.903809
0 0.146973 0.95619 0.0439453 0.0761905 0.914062
0 0.88916 0.128571 0.0439453 0.0742857 0.915039
