0 0.704102 0.746667 0.0390625 0.0380952 0.270264
0 0.496094 0.94381 0.0429688 0.112381 0.492432
0 0.745117 0.748571 0.0351562 0.0380952 0.614746
0 0.0175781 0.142857 0.0351562 0.0495238 0.620117
0 0.0654297 0.933333 0.0625 0.106667 0.625488
0 0.621582 0.881905 0.0400391 0.0419048 0.63623
0 0.0893555 0.960952 0.0419922 0.0780952 0.640137
0 0.101562 0.0866667 0.0429688 0.0704762 0.697266
0 0.858398 0.917143 0.0410156 0.04 0.776855
0 0.67627 0.87619 0.0400391 0.0380952 0.781738
0 0.973633 0.868571 0.0390625 0.0685714 0.79541
0 0.0927734 0.0390476 0.0410156 0.0780952 0.795898
0 0.588379 0.806667 0.0400391 0.0361905 0.831543
0 0.575684 0.9 0.0439453 0.0628571 0.838379
0 0.294922 0.761905 0.046875 0.0495238 0.842285
0 0.59375 0.753333 0.0410156 0.04 0.848633
0 0.952148 0.93619 0.0371094 0.0666667 0.863281
0 0.194824 0.845714 0.0400391 0.0609524 0.875977
0 0.873535 0.84381 0.0439453 0.0571429 0.87793
0 0.819336 0.754286 0.0390625 0.0380952 0.878418
0 0.147949 0.95619 0.0439453 0.0761905 0.882324
0 0.276367 0.82381 0.0371094 0.04 0.883301
0 0.188477 0.78381 0.0390625 0.0552381 0.883301
0 0.156738 0.0771429 0.0400391 0.0742857 0.884277
0 0.894043 0.792381 0.0419922 0.0571429 0.891113
0 0.811523 0.801905 0.0410156 0.0419048 0.891113
0 0.944336 0.126667 0.0390625 0.0666667 0.89209
0 0.487305 0.761905 0.0371094 0.0342857 0.89502
