0 0.862305 0.0257143 0.0410156 0.0514286 0.314941
0 0.081543 0.118095 0.0400391 0.0495238 0.35376
0 0.745605 0.749524 0.0361328 0.04 0.449219
0 0.142578 0.0352381 0.0390625 0.0704762 0.499268
0 0.67627 0.87619 0.0400391 0.0380952 0.529785
0 0.0942383 0.0380952 0.0419922 0.0761905 0.566895
0 0.990723 0.188571 0.0185547 0.0495238 0.625977
0 0.62207 0.882857 0.0410156 0.04 0.649902
0 0.933594 0.968571 0.0449219 0.0628571 0.655762
0 0.932617 0.813333 0.0371094 0.0571429 0.702148
0 0.0112305 0.121905 0.0224609 0.0342857 0.708008
0 0.224609 0.773333 0.046875 0.0533333 0.727539
0 0.575684 0.899048 0.0439453 0.0609524 0.803711
0 0.842773 0.916191 0.0410156 0.0419048 0.847656
0 0.491699 0.806667 0.0380859 0.0361905 0.853516
0 0.947754 0.0971429 0.0380859 0.0609524 0.853516
0 0.212402 0.84381 0.0400391 0.0533333 0.856445
0 0.809082 0.800952 0.0400391 0.04 0.871094
0 0.134277 0.83619 0.0400391 0.0685714 0.877441
0 0.862793 0.774286 0.0419922 0.047619 0.87793
0 0.396973 0.762857 0.0361328 0.0361905 0.87793
0 0.524902 0.751429 0.0419922 0.04 0.881348
0 0.803223 0.754286 0.0380859 0.0380952 0.887695
0 0.147461 0.884762 0.0410156 0.0666667 0.892578
0 0.916992 0.884762 0.0390625 0.0590476 0.895508
0 0.859863 0.834286 0.0439453 0.0495238 0.898926
0 0.147949 0.957143 0.0439453 0.0742857 0.901367
