0 0.67627 0.87619 0.0400391 0.0380952 0.306396
0 0.0424805 0.117143 0.0400391 0.0438095 0.540527
0 0.181641 0.793333 0.046875 0.0628571 0.552734
0 0.835449 0.917143 0.0439453 0.0438095 0.599121
0 0.576172 0.899048 0.0429688 0.0609524 0.658691
0 0.0947266 0.0361905 0.0410156 0.072381 0.680176
0 0.911133 0.792381 0.0410156 0.0609524 0.719727
0 0.980957 0.912381 0.0341797 0.0647619 0.8125
0 0.985352 0.146667 0.0292969 0.0647619 0.833496
0 0.121094 0.0885714 0.0410156 0.0628571 0.848145
0 0.424316 0.809524 0.0380859 0.0380952 0.848633
0 0.907715 0.934286 0.0439453 0.0666667 0.858398
0 0.849121 0.766667 0.0419922 0.047619 0.859375
0 0.181152 0.86 0.0400391 0.0590476 0.867188
0 0.337891 0.764762 0.0371094 0.0361905 0.87207
0 0.807617 0.801905 0.0390625 0.0419048 0.872559
0 0.102051 0.874286 0.0400391 0.072381 0.878418
0 0.903809 0.873333 0.0361328 0.0514286 0.879883
0 0.470215 0.751429 0.0400391 0.04 0.881836
0 0.798828 0.75619 0.0390625 0.0419048 0.895996
0 0.116211 0.920952 0.0390625 0.0704762 0.898438
0 0.856934 0.834286 0.0419922 0.0495238 0.901367
0 0.147461 0.957143 0.0429688 0.0742857 0.912598
0 0.899414 0.0780952 0.0449219 0.08 0.925781
