0 0.98877 0.934286 0.0224609 0.0704762 0.252441
0 0.67627 0.877143 0.0400391 0.0361905 0.457764
0 0.0224609 0.12 0.0410156 0.0419048 0.470215
0 0.92041 0.800952 0.0400391 0.0552381 0.537598
0 0.152832 0.0266667 0.0400391 0.0533333 0.54834
0 0.0947266 0.0371429 0.0410156 0.0742857 0.587402
0 0.621582 0.882857 0.0400391 0.04 0.617188
0 0.202637 0.782857 0.0458984 0.0571429 0.64502
0 0.838379 0.916191 0.0419922 0.0419048 0.810547
0 0.92041 0.953333 0.0439453 0.0704762 0.814453
0 0.575195 0.9 0.0449219 0.0628571 0.820312
0 0.969238 0.12381 0.0361328 0.0571429 0.834961
0 0.458008 0.807619 0.0390625 0.0380952 0.844238
0 0.195801 0.851429 0.0400391 0.0571429 0.861816
0 0.808594 0.800952 0.0390625 0.04 0.867188
0 0.85498 0.769524 0.0419922 0.0495238 0.868164
0 0.858887 0.835238 0.0439453 0.0514286 0.878418
0 0.497559 0.751429 0.0419922 0.04 0.878418
0 0.131348 0.902857 0.0400391 0.0685714 0.883301
0 0.118164 0.854286 0.0390625 0.0704762 0.887695
0 0.367676 0.762857 0.0361328 0.0361905 0.888184
0 0.799316 0.75619 0.0380859 0.0419048 0.890625
0 0.90918 0.878095 0.0371094 0.0533333 0.90332
0 0.879883 0.0438095 0.0449219 0.0838095 0.905762
0 0.147461 0.957143 0.0449219 0.0742857 0.908691
