0 0.0717773 0.973333 0.0478516 0.0533333 0.273438
0 0.676758 0.87619 0.0410156 0.0380952 0.385498
0 0.576172 0.899048 0.0429688 0.0609524 0.60498
0 0.89209 0.78 0.0380859 0.0514286 0.768555
0 0.898438 0.867619 0.0371094 0.0552381 0.813965
0 0.0947266 0.0352381 0.0410156 0.0704762 0.816895
0 0.321777 0.81619 0.0400391 0.0438095 0.834473
0 0.0527344 0.949524 0.0390625 0.0742857 0.834961
0 0.946777 0.854286 0.0380859 0.0590476 0.836914
0 0.137695 0.899048 0.0410156 0.0685714 0.849121
0 0.257812 0.772381 0.0390625 0.0438095 0.85498
0 0.844727 0.766667 0.0410156 0.0438095 0.860352
0 0.882812 0.906667 0.0410156 0.0609524 0.864746
0 0.806641 0.800952 0.0390625 0.04 0.868652
0 0.855469 0.832381 0.0410156 0.0495238 0.870605
0 0.0263672 0.125714 0.0390625 0.0457143 0.871094
0 0.162598 0.0352381 0.0400391 0.0704762 0.873535
0 0.128418 0.84381 0.0498047 0.08 0.874512
0 0.92627 0.0619048 0.0439453 0.0819048 0.874512
0 0.383789 0.753333 0.0410156 0.04 0.875488
0 0.0966797 0.0847619 0.0449219 0.0704762 0.883789
0 0.797363 0.755238 0.0380859 0.04 0.891113
0 0.147461 0.957143 0.0429688 0.0742857 0.896484
0 0.971191 0.160952 0.0478516 0.0666667 0.90332
