1 0.497559 0.938095 0.0439453 0.12381 0.284424
0 0.748535 0.748571 0.0361328 0.0380952 0.308838
0 0.49707 0.938095 0.0449219 0.12381 0.376953
0 0.0664062 0.142857 0.0410156 0.0495238 0.55957
0 0.646484 0.751429 0.0410156 0.04 0.594727
0 0.621582 0.882857 0.0400391 0.04 0.636719
0 0.890625 0.927619 0.0429688 0.0495238 0.692383
0 0.0878906 0.0466667 0.0410156 0.0857143 0.71582
0 0.163086 0.875238 0.0449219 0.0704762 0.748535
0 0.706055 0.745714 0.0410156 0.04 0.768555
0 0.147461 0.95619 0.0449219 0.0761905 0.80127
0 0.67627 0.87619 0.0400391 0.0380952 0.805664
0 0.418945 0.759048 0.0449219 0.0438095 0.825684
0 0.716797 0.807619 0.0390625 0.0419048 0.834961
0 0.84375 0.813333 0.0410156 0.0495238 0.841797
0 0.164551 0.817143 0.0537109 0.08 0.84668
0 0.0761719 0.165714 0.0429688 0.0609524 0.84668
0 0.621094 0.784762 0.0371094 0.0380952 0.855469
0 0.575684 0.899048 0.0439453 0.0609524 0.86084
0 0.962402 0.867619 0.0419922 0.0704762 0.868164
0 0.412598 0.812381 0.0380859 0.0361905 0.869141
0 0.304688 0.752381 0.0371094 0.0380952 0.891113
0 0.304688 0.810476 0.0371094 0.04 0.900391
0 0.917969 0.886667 0.0429688 0.0666667 0.901855
0 0.874023 0.77619 0.0410156 0.0552381 0.905762
0 0.128418 0.0485714 0.0458984 0.0819048 0.92041
