0 0.959961 0.12381 0.046875 0.072381 0.313232
0 0.72998 0.888571 0.0400391 0.04 0.355225
1 0.498535 0.937143 0.0439453 0.125714 0.357178
0 0.923828 0.959048 0.046875 0.0742857 0.471924
0 0.0839844 0.0552381 0.0390625 0.0761905 0.512207
0 0.790039 0.902857 0.0410156 0.0495238 0.608887
0 0.236328 0.832381 0.0449219 0.0419048 0.707031
0 0.621582 0.882857 0.0400391 0.04 0.788086
0 0.79541 0.813333 0.0478516 0.0495238 0.790527
0 0.788574 0.750476 0.0380859 0.0380952 0.792969
0 0.647949 0.753333 0.0419922 0.04 0.815918
0 0.67627 0.87619 0.0400391 0.0380952 0.818848
0 0.504883 0.757143 0.046875 0.0438095 0.835449
0 0.0722656 0.119048 0.046875 0.0704762 0.852539
0 0.708008 0.802857 0.0371094 0.04 0.857422
0 0.718262 0.744762 0.0400391 0.0419048 0.862305
0 0.575684 0.899048 0.0439453 0.0609524 0.868164
0 0.418457 0.806667 0.0361328 0.0361905 0.873535
0 0.147949 0.95619 0.0439453 0.0761905 0.875488
0 0.528809 0.810476 0.0361328 0.0361905 0.87793
0 0.251465 0.772381 0.0537109 0.0590476 0.879395
0 0.405762 0.751429 0.0361328 0.0361905 0.881836
0 0.88916 0.841905 0.0400391 0.0571429 0.882812
0 0.969727 0.961905 0.0410156 0.0761905 0.89209
0 0.0581055 0.942857 0.0380859 0.0685714 0.901855
0 0.9375 0.835238 0.0410156 0.0628571 0.90918
