0 0.72998 0.888571 0.0400391 0.0438095 0.305176
0 0.746094 0.748571 0.0371094 0.0419048 0.307129
0 0.0615234 0.0952381 0.0371094 0.0419048 0.435547
0 0.98291 0.97619 0.0341797 0.047619 0.478027
0 0.705078 0.746667 0.0390625 0.0380952 0.530762
0 0.49707 0.94 0.0449219 0.12 0.556641
0 0.871094 0.92 0.0429688 0.0457143 0.702637
0 0.621582 0.882857 0.0400391 0.04 0.766602
0 0.0664062 0.119048 0.0390625 0.047619 0.778809
0 0.67627 0.877143 0.0400391 0.0361905 0.816895
0 0.0917969 0.0419048 0.0410156 0.08 0.830078
0 0.345215 0.76 0.0478516 0.0457143 0.84082
0 0.645508 0.806667 0.0390625 0.04 0.854492
0 0.90625 0.0609524 0.0390625 0.0761905 0.857422
0 0.625488 0.754286 0.0419922 0.0419048 0.860352
0 0.575684 0.899048 0.0439453 0.0609524 0.86084
0 0.328613 0.817143 0.0361328 0.0380952 0.86084
0 0.547363 0.766667 0.0361328 0.0361905 0.869141
0 0.117676 0.921905 0.0400391 0.0685714 0.885254
0 0.837402 0.757143 0.0380859 0.04 0.887207
0 0.821289 0.804762 0.0410156 0.0438095 0.890625
0 0.88916 0.857143 0.0458984 0.0609524 0.896973
0 0.921875 0.815238 0.0429688 0.0647619 0.901367
0 0.233398 0.82381 0.0390625 0.0514286 0.905273
0 0.147461 0.957143 0.0449219 0.0742857 0.908203
0 0.105957 0.877143 0.0537109 0.0895238 0.911621
0 0.231934 0.764762 0.0380859 0.0438095 0.911621
0 0.12793 0.118095 0.0429688 0.072381 0.916016
