1 0.497559 0.94 0.0458984 0.12 0.263184
0 0.729492 0.888571 0.0390625 0.04 0.274902
0 0.149902 0.027619 0.0458984 0.0552381 0.326416
0 0.0419922 0.130476 0.0371094 0.0361905 0.362793
0 0.49707 0.939048 0.046875 0.121905 0.412109
0 0.706055 0.746667 0.0390625 0.0380952 0.666504
0 0.0908203 0.0447619 0.0410156 0.0819048 0.769043
0 0.621582 0.882857 0.0400391 0.04 0.771973
0 0.746094 0.747619 0.0351562 0.04 0.779297
0 0.888672 0.0314286 0.0390625 0.0628571 0.780762
0 0.877441 0.922857 0.0400391 0.0438095 0.78418
0 0.677246 0.878095 0.0400391 0.0342857 0.800293
0 0.670898 0.808571 0.0390625 0.04 0.831543
0 0.131348 0.904762 0.0439453 0.072381 0.844727
0 0.827148 0.806667 0.0410156 0.0438095 0.853027
0 0.575684 0.899048 0.0439453 0.0609524 0.856445
0 0.370605 0.758095 0.0458984 0.0457143 0.862793
0 0.572754 0.772381 0.0361328 0.0361905 0.870117
0 0.111816 0.13619 0.0419922 0.0666667 0.871094
0 0.255859 0.758095 0.0371094 0.0419048 0.876953
0 0.355469 0.815238 0.0371094 0.0380952 0.878906
0 0.635742 0.753333 0.0410156 0.04 0.884277
0 0.255859 0.81619 0.0390625 0.047619 0.888672
0 0.896973 0.86381 0.0458984 0.0666667 0.897461
0 0.125 0.855238 0.0527344 0.0876191 0.90332
0 0.147461 0.95619 0.0449219 0.0761905 0.904785
0 0.84668 0.76 0.0410156 0.0457143 0.906738
0 0.936035 0.830476 0.0439453 0.0685714 0.910645
