1 0.498047 0.938095 0.0449219 0.12381 0.257568
0 0.895996 0.931429 0.0400391 0.0571429 0.306885
0 0.18457 0.8 0.0546875 0.072381 0.384521
0 0.498047 0.938095 0.0449219 0.12381 0.423828
0 0.147461 0.957143 0.0449219 0.0780952 0.480225
0 0.0449219 0.151429 0.0410156 0.04 0.597656
0 0.62207 0.882857 0.0410156 0.04 0.719727
0 0.755371 0.749524 0.0361328 0.04 0.745605
0 0.0908203 0.0466667 0.0488281 0.0933333 0.788574
0 0.676758 0.87619 0.0410156 0.0380952 0.818848
0 0.706543 0.747619 0.0419922 0.0438095 0.828613
0 0.737305 0.807619 0.0371094 0.0380952 0.839844
0 0.442871 0.758095 0.0458984 0.0419048 0.848633
0 0.976562 0.887619 0.0429688 0.0761905 0.857422
0 0.575684 0.9 0.0439453 0.0628571 0.869141
0 0.645508 0.791429 0.0371094 0.04 0.869629
0 0.647461 0.752381 0.0410156 0.0419048 0.87207
0 0.331543 0.807619 0.0361328 0.0380952 0.876953
0 0.0566406 0.175238 0.0410156 0.0457143 0.880371
0 0.330566 0.749524 0.0361328 0.0361905 0.884766
0 0.442383 0.812381 0.0371094 0.0361905 0.88623
0 0.853027 0.82 0.0400391 0.0514286 0.888672
0 0.930176 0.90381 0.0419922 0.0704762 0.896484
0 0.890625 0.787619 0.0390625 0.0590476 0.907715
0 0.116699 0.0657143 0.0478516 0.0819048 0.918945
