0 0.0458984 0.953333 0.0625 0.0933333 0.251953
1 0.49707 0.94 0.0429688 0.12 0.271729
0 0.49707 0.939048 0.0449219 0.121905 0.402344
0 0.019043 0.135238 0.0361328 0.0419048 0.579102
0 0.883789 0.924762 0.0410156 0.0438095 0.644531
0 0.746094 0.749524 0.0351562 0.04 0.652832
0 0.706543 0.746667 0.0400391 0.0380952 0.660645
0 0.0888672 0.0466667 0.0410156 0.0819048 0.670898
0 0.146484 0.891429 0.0429688 0.0685714 0.718262
0 0.643555 0.753333 0.0410156 0.04 0.74707
0 0.62207 0.882857 0.0410156 0.04 0.766113
0 0.0942383 0.151429 0.0419922 0.0628571 0.775391
0 0.692871 0.804762 0.0400391 0.04 0.80127
0 0.67627 0.87619 0.0400391 0.0380952 0.826172
0 0.395508 0.758095 0.0449219 0.0457143 0.842773
0 0.834473 0.809524 0.0400391 0.0457143 0.854004
0 0.575195 0.899048 0.0449219 0.0609524 0.866699
0 0.279785 0.754286 0.0361328 0.0380952 0.867188
0 0.147949 0.95619 0.0439453 0.0761905 0.877441
0 0.383789 0.814286 0.0371094 0.0361905 0.878418
0 0.858887 0.765714 0.0419922 0.0533333 0.883301
0 0.140137 0.0371429 0.0458984 0.0742857 0.887695
0 0.949219 0.849524 0.0429688 0.0685714 0.888184
0 0.59668 0.778095 0.0371094 0.04 0.895508
0 0.279297 0.813333 0.0371094 0.0419048 0.896973
0 0.907715 0.87619 0.0439453 0.0609524 0.90918
0 0.14502 0.834286 0.0556641 0.0838095 0.91748
