0 0.722656 0.77619 0.0429688 0.0552381 0.26709
1 0.498535 0.93619 0.0478516 0.127619 0.316406
0 0.0756836 0.0714286 0.0400391 0.0780952 0.70459
0 0.62207 0.882857 0.0410156 0.04 0.709473
0 0.590332 0.753333 0.0439453 0.0438095 0.76123
0 0.803223 0.912381 0.0439453 0.0571429 0.765137
0 0.72998 0.888571 0.0400391 0.0438095 0.765625
0 0.67627 0.879048 0.0400391 0.0361905 0.78418
0 0.379883 0.815238 0.0410156 0.0380952 0.796387
0 0.876465 0.779048 0.0380859 0.0495238 0.811035
0 0.660156 0.754286 0.0390625 0.0419048 0.819336
0 0.575684 0.9 0.0439453 0.0590476 0.826172
0 0.510254 0.745714 0.0361328 0.0361905 0.852051
0 0.147949 0.958095 0.0419922 0.072381 0.854492
0 0.172852 0.794286 0.0410156 0.0609524 0.858398
0 0.789062 0.747619 0.0410156 0.04 0.86084
0 0.398438 0.760952 0.0507812 0.047619 0.871094
0 0.670898 0.807619 0.0371094 0.0380952 0.87207
0 0.584961 0.806667 0.0371094 0.0361905 0.876953
0 0.833984 0.827619 0.0390625 0.047619 0.88623
0 0.160645 0.06 0.0419922 0.0780952 0.88623
0 0.970215 0.917143 0.0400391 0.0666667 0.901855
0 0.904785 0.875238 0.0400391 0.0628571 0.916016
0 0.957031 0.141905 0.0429688 0.0628571 0.916504
