0 0.0498047 0.0266667 0.0390625 0.0380952 0.268311
0 0.147461 0.0238095 0.03125 0.047619 0.357422
0 0.0424805 0.0838095 0.0458984 0.0495238 0.409424
1 0.948242 0.133333 0.0683594 0.0952381 0.458252
0 0.989258 0.229524 0.0214844 0.0438095 0.492676
0 0.135254 0.842857 0.0341797 0.0590476 0.55957
0 0.947754 0.133333 0.0673828 0.0952381 0.691406
1 0.202637 0.867619 0.106445 0.108571 0.700195
0 0.72998 0.888571 0.0400391 0.04 0.716309
0 0.621582 0.882857 0.0400391 0.04 0.731934
0 0.0498047 0.101905 0.0449219 0.0552381 0.76709
0 0.677246 0.878095 0.0400391 0.0380952 0.779297
0 0.949219 0.851429 0.0371094 0.0647619 0.794434
0 0.511719 0.811429 0.0390625 0.0342857 0.80127
0 0.482422 0.758095 0.0507812 0.0457143 0.838379
0 0.575684 0.9 0.0439453 0.0590476 0.843262
0 0.695312 0.8 0.0371094 0.0380952 0.849121
0 0.77002 0.807619 0.0361328 0.0380952 0.85498
0 0.558105 0.744762 0.0341797 0.0342857 0.862793
0 0.11084 0.930476 0.0400391 0.0742857 0.868164
0 0.865723 0.769524 0.0439453 0.0533333 0.871094
0 0.0976562 0.141905 0.0429688 0.0628571 0.884277
0 0.286133 0.752381 0.0371094 0.0380952 0.885742
0 0.724121 0.748571 0.0400391 0.0380952 0.892578
0 0.147949 0.957143 0.0439453 0.0742857 0.902832
0 0.933594 0.910476 0.0390625 0.0647619 0.909668
