0 0.811035 0.916191 0.0439453 0.0571429 0.429199
0 0.72998 0.888571 0.0400391 0.04 0.713379
0 0.621582 0.882857 0.0400391 0.04 0.725586
0 0.101562 0.940952 0.0410156 0.0761905 0.787598
0 0.676758 0.878095 0.0390625 0.0342857 0.791016
0 0.114746 0.864762 0.0341797 0.0533333 0.811035
0 0.484375 0.813333 0.0390625 0.0342857 0.814941
0 0.964844 0.154286 0.0664062 0.0876191 0.828125
0 0.708008 0.747619 0.0410156 0.04 0.835938
0 0.147461 0.958095 0.0429688 0.072381 0.840332
0 0.46875 0.758095 0.0507812 0.0457143 0.846191
0 0.548828 0.744762 0.0351562 0.0342857 0.84668
0 0.93457 0.829524 0.0371094 0.0666667 0.851562
0 0.112305 0.128571 0.0410156 0.0628571 0.852539
0 0.674805 0.802857 0.0371094 0.04 0.854492
0 0.969238 0.964762 0.0419922 0.0704762 0.864258
0 0.750488 0.805714 0.0380859 0.0380952 0.867188
0 0.263184 0.754286 0.0361328 0.0380952 0.869629
0 0.575684 0.9 0.0439453 0.0590476 0.873535
0 0.851074 0.761905 0.0439453 0.0495238 0.889648
0 0.89209 0.0457143 0.0400391 0.08 0.902344
0 0.916016 0.890476 0.0390625 0.0590476 0.904785
