0 0.729004 0.888571 0.0400391 0.04 0.353516
0 0.621582 0.882857 0.0400391 0.04 0.713379
0 0.989746 0.175238 0.0185547 0.0457143 0.759766
0 0.833008 0.758095 0.0332031 0.0380952 0.77832
0 0.676758 0.877143 0.0410156 0.04 0.79248
0 0.647949 0.753333 0.0400391 0.04 0.798828
0 0.303223 0.822857 0.0439453 0.0380952 0.813965
0 0.554688 0.755238 0.0449219 0.0438095 0.824707
0 0.796875 0.908571 0.0449219 0.0571429 0.825195
0 0.853027 0.835238 0.0419922 0.0552381 0.837402
0 0.74707 0.745714 0.0410156 0.04 0.841309
0 0.575684 0.9 0.0439453 0.0628571 0.86377
0 0.506348 0.806667 0.0361328 0.0361905 0.867676
0 0.604492 0.809524 0.0371094 0.0342857 0.870117
0 0.46582 0.749524 0.0351562 0.0361905 0.877441
0 0.903809 0.0466667 0.0439453 0.0819048 0.886719
0 0.982422 0.899048 0.0351562 0.0685714 0.891113
0 0.767578 0.810476 0.0371094 0.04 0.893555
0 0.328125 0.762857 0.0488281 0.0514286 0.896973
0 0.147949 0.957143 0.0419922 0.0704762 0.907715
0 0.111816 0.86 0.0380859 0.0704762 0.908203
0 0.929199 0.873333 0.0419922 0.0590476 0.912109
