1 0.498535 0.93619 0.0478516 0.127619 0.281738
0 0.498535 0.93619 0.0498047 0.127619 0.307617
0 0.0268555 0.144762 0.0458984 0.0457143 0.352051
0 0.0717773 0.973333 0.0458984 0.0533333 0.373047
0 0.126953 0.0485714 0.0292969 0.0552381 0.412842
0 0.993652 0.188571 0.0126953 0.0533333 0.541504
0 0.804688 0.914286 0.0429688 0.0533333 0.550781
0 0.046875 0.955238 0.0605469 0.0895238 0.580566
0 0.0429688 0.152381 0.0488281 0.0495238 0.605469
0 0.0722656 0.0780952 0.0410156 0.0761905 0.610352
0 0.72998 0.888571 0.0400391 0.04 0.692383
0 0.891113 0.788571 0.0341797 0.0533333 0.754395
0 0.67041 0.754286 0.0400391 0.0419048 0.760254
0 0.601562 0.75619 0.0449219 0.0419048 0.77832
0 0.62207 0.882857 0.0410156 0.04 0.802246
0 0.67627 0.877143 0.0400391 0.0361905 0.815918
0 0.575684 0.9 0.0439453 0.0590476 0.831543
0 0.195312 0.779048 0.0390625 0.0571429 0.840332
0 0.40625 0.813333 0.0390625 0.0380952 0.840332
0 0.148438 0.957143 0.0429688 0.0704762 0.848633
0 0.522461 0.745714 0.0351562 0.0361905 0.852051
0 0.690918 0.806667 0.0380859 0.0361905 0.854492
0 0.419922 0.760952 0.0507812 0.047619 0.866699
0 0.803711 0.750476 0.0410156 0.0380952 0.867676
0 0.608398 0.80381 0.0371094 0.0380952 0.879395
0 0.921387 0.893333 0.0439453 0.0685714 0.882324
0 0.856445 0.839048 0.0371094 0.0514286 0.885742
0 0.149414 0.08 0.0410156 0.072381 0.896973
0 0.981445 0.933333 0.0371094 0.0685714 0.897949
0 0.940918 0.12381 0.0419922 0.0685714 0.900879
