0 0.35791 0.752381 0.0283203 0.0342857 0.28125
0 0.0947266 0.889524 0.0332031 0.0571429 0.352051
0 0.692871 0.750476 0.0419922 0.0419048 0.69043
0 0.147461 0.959048 0.0429688 0.0704762 0.75
0 0.677246 0.877143 0.0400391 0.0361905 0.776367
0 0.954102 0.940952 0.0390625 0.0685714 0.77832
0 0.0927734 0.95619 0.0410156 0.072381 0.788574
0 0.62207 0.882857 0.0410156 0.04 0.791504
0 0.920898 0.815238 0.0371094 0.0609524 0.827148
0 0.459961 0.813333 0.0410156 0.0342857 0.836914
0 0.730957 0.804762 0.0361328 0.0361905 0.842285
0 0.240723 0.76 0.0380859 0.0419048 0.844238
0 0.575684 0.899048 0.0439453 0.0609524 0.86084
0 0.65332 0.80381 0.0371094 0.0380952 0.862793
0 0.541016 0.744762 0.0351562 0.0342857 0.864258
0 0.455566 0.758095 0.0478516 0.0457143 0.875977
0 0.975586 0.166667 0.0488281 0.0742857 0.878418
0 0.125977 0.111429 0.0429688 0.0704762 0.893555
0 0.897461 0.871429 0.0410156 0.0590476 0.89502
0 0.835449 0.757143 0.0419922 0.0438095 0.90332
0 0.908691 0.0761905 0.0419922 0.0761905 0.933594
