0 0.611816 0.754286 0.0439453 0.0419048 0.310303
0 0.499023 0.934286 0.0527344 0.131429 0.31543
0 0.108887 0.0714286 0.0322266 0.0552381 0.31543
1 0.498535 0.933333 0.0517578 0.133333 0.355469
0 0.729492 0.888571 0.0410156 0.04 0.659668
0 0.0834961 0.966667 0.0400391 0.0666667 0.668457
0 0.62207 0.882857 0.0410156 0.04 0.679199
0 0.808105 0.916191 0.0439453 0.0571429 0.714844
0 0.907227 0.799048 0.0371094 0.0552381 0.805664
0 0.67627 0.877143 0.0400391 0.0361905 0.806152
0 0.148438 0.958095 0.0429688 0.072381 0.807617
0 0.98877 0.952381 0.0224609 0.0761905 0.83252
0 0.433105 0.814286 0.0400391 0.0361905 0.839355
0 0.631348 0.80381 0.0361328 0.0380952 0.842285
0 0.985352 0.178095 0.0292969 0.0590476 0.844238
0 0.680176 0.752381 0.0419922 0.0457143 0.84668
0 0.438965 0.760952 0.0517578 0.047619 0.848145
0 0.818848 0.754286 0.0419922 0.0419048 0.851562
0 0.532227 0.745714 0.0351562 0.0361905 0.856934
0 0.576172 0.899048 0.0429688 0.0609524 0.861816
0 0.711426 0.807619 0.0380859 0.0380952 0.870605
0 0.936523 0.918095 0.0449219 0.0761905 0.873535
0 0.217285 0.767619 0.0380859 0.0495238 0.875488
0 0.137695 0.0952381 0.0429688 0.072381 0.889648
0 0.87793 0.853333 0.0390625 0.0533333 0.908691
0 0.924316 0.100952 0.0419922 0.0761905 0.912598
