0 0.820801 0.918095 0.0419922 0.0457143 0.325684
0 0.62207 0.881905 0.0410156 0.0419048 0.332764
0 0.576172 0.9 0.0429688 0.0590476 0.428711
0 0.677246 0.878095 0.0400391 0.0380952 0.641602
0 0.0791016 0.969524 0.0429688 0.0609524 0.669922
1 0.301758 0.854286 0.105469 0.0742857 0.669922
0 0.72998 0.887619 0.0400391 0.0419048 0.685547
0 0.29834 0.755238 0.0341797 0.0361905 0.801758
0 0.637207 0.74381 0.0361328 0.0361905 0.844238
0 0.200195 0.847619 0.0429688 0.0609524 0.860352
0 0.197266 0.781905 0.0390625 0.0590476 0.862305
0 0.560059 0.755238 0.0498047 0.047619 0.881348
0 0.842773 0.82 0.0371094 0.047619 0.888672
0 0.432129 0.748571 0.0361328 0.0342857 0.895508
0 0.980957 0.886667 0.0380859 0.0742857 0.895996
0 0.871582 0.782857 0.0439453 0.0495238 0.897949
0 0.0839844 0.899048 0.0429688 0.0761905 0.898438
0 0.913086 0.874286 0.0390625 0.0609524 0.899902
0 0.183594 0.0342857 0.0390625 0.0685714 0.905273
0 0.15332 0.947619 0.0429688 0.0742857 0.907715
0 0.129395 0.901905 0.0419922 0.0704762 0.922363
