0 0.662109 0.808571 0.0390625 0.04 0.683594
0 0.155762 0.814286 0.0419922 0.0742857 0.703613
0 0.67627 0.879048 0.0400391 0.0361905 0.730469
0 0.62207 0.882857 0.0410156 0.04 0.758301
0 0.729492 0.888571 0.0410156 0.0438095 0.810059
0 0.172852 0.866667 0.0449219 0.0685714 0.813477
0 0.54248 0.75619 0.0498047 0.0495238 0.82666
1 0.275879 0.857143 0.104492 0.08 0.841309
0 0.808105 0.806667 0.0380859 0.0438095 0.854004
0 0.613281 0.74381 0.0351562 0.0361905 0.858887
0 0.575684 0.9 0.0439453 0.0628571 0.866699
0 0.835449 0.76381 0.0419922 0.0495238 0.883789
0 0.407715 0.748571 0.0361328 0.0342857 0.889648
0 0.842773 0.0609524 0.0390625 0.0761905 0.890625
0 0.150879 0.952381 0.0419922 0.072381 0.893555
0 0.109375 0.926667 0.0429688 0.0780952 0.90918
0 0.955566 0.847619 0.0439453 0.072381 0.912109
0 0.882812 0.845714 0.0390625 0.0571429 0.916016
