0 0.814453 0.917143 0.0429688 0.0552381 0.29834
0 0.0634766 0.940952 0.0390625 0.0761905 0.376953
0 0.0839844 0.154286 0.0429688 0.0571429 0.524902
0 0.931152 0.111429 0.0673828 0.108571 0.556641
1 0.213867 0.861905 0.107422 0.112381 0.580566
0 0.72998 0.888571 0.0400391 0.04 0.729004
0 0.621582 0.881905 0.0400391 0.0419048 0.73584
0 0.676758 0.878095 0.0410156 0.0380952 0.800293
0 0.494629 0.758095 0.0498047 0.0457143 0.828125
0 0.575684 0.9 0.0439453 0.0590476 0.82959
0 0.963379 0.870476 0.0361328 0.0685714 0.830566
0 0.788574 0.808571 0.0380859 0.04 0.84375
0 0.536133 0.810476 0.0410156 0.0361905 0.845215
0 0.565918 0.744762 0.0341797 0.0342857 0.867188
0 0.30957 0.751429 0.0351562 0.0361905 0.870605
0 0.71582 0.8 0.0371094 0.0419048 0.873535
0 0.119629 0.919048 0.0400391 0.0704762 0.875488
0 0.742676 0.748571 0.0400391 0.0419048 0.884277
0 0.882324 0.779048 0.0439453 0.0571429 0.88916
0 0.147461 0.958095 0.0429688 0.072381 0.904297
0 0.947266 0.929524 0.0390625 0.0685714 0.922363
