0 0.981445 0.941905 0.0292969 0.0628571 0.27124
0 0.72998 0.809524 0.0380859 0.0419048 0.284424
0 0.787109 0.748571 0.0449219 0.0419048 0.546387
1 0.313965 0.849524 0.106445 0.0685714 0.661621
0 0.729492 0.888571 0.0410156 0.04 0.678711
0 0.621582 0.881905 0.0400391 0.0419048 0.706543
0 0.67627 0.878095 0.0400391 0.0380952 0.727051
0 0.987305 0.904762 0.0253906 0.072381 0.751953
0 0.317871 0.755238 0.0341797 0.032381 0.787598
0 0.576172 0.9 0.0429688 0.0628571 0.787598
0 0.0888672 0.962857 0.0429688 0.0742857 0.808594
0 0.569824 0.755238 0.0498047 0.047619 0.840332
0 0.651367 0.744762 0.0351562 0.0380952 0.844727
0 0.21875 0.771429 0.0390625 0.0495238 0.865234
0 0.890137 0.793333 0.0439453 0.0590476 0.867676
0 0.861816 0.830476 0.0380859 0.0495238 0.878906
0 0.441895 0.747619 0.0361328 0.0361905 0.890137
0 0.140625 0.891429 0.0429688 0.0685714 0.893066
0 0.155762 0.946667 0.0419922 0.072381 0.899902
0 0.102539 0.868571 0.0429688 0.08 0.901367
0 0.928711 0.890476 0.0390625 0.0628571 0.908691
0 0.21582 0.839048 0.0410156 0.0552381 0.912109
0 0.171387 0.0485714 0.0419922 0.0780952 0.920898
