0 0.88623 0.0428571 0.0576172 0.0857143 0.259766
0 0.820312 0.918095 0.0429688 0.0495238 0.281006
0 0.984375 0.978095 0.0292969 0.0438095 0.302002
0 0.0356445 0.174286 0.0419922 0.0438095 0.380859
0 0.216797 0.779048 0.0332031 0.0419048 0.705078
0 0.116699 0.856191 0.0400391 0.0742857 0.757324
0 0.72998 0.888571 0.0400391 0.04 0.761719
0 0.09375 0.952381 0.0429688 0.0761905 0.780762
0 0.62207 0.882857 0.0410156 0.04 0.790039
0 0.612305 0.810476 0.0410156 0.0361905 0.802734
0 0.677246 0.87619 0.0400391 0.0380952 0.819336
0 0.150391 0.884762 0.0390625 0.0628571 0.830566
0 0.594238 0.744762 0.0341797 0.0342857 0.837402
1 0.250977 0.858095 0.105469 0.0857143 0.84668
0 0.523926 0.76 0.0498047 0.0495238 0.855469
0 0.771973 0.799048 0.0361328 0.04 0.859863
0 0.575684 0.9 0.0439453 0.0628571 0.867676
0 0.84668 0.824762 0.0371094 0.0457143 0.868164
0 0.148926 0.955238 0.0439453 0.0704762 0.869141
0 0.797852 0.755238 0.0410156 0.04 0.870117
0 0.927246 0.81619 0.0439453 0.0666667 0.880371
0 0.88916 0.138095 0.0400391 0.0666667 0.881836
0 0.374512 0.749524 0.0361328 0.0361905 0.881836
