0 0.0791016 0.972381 0.0390625 0.0552381 0.29541
0 0.576172 0.901905 0.0429688 0.0590476 0.360596
0 0.62207 0.881905 0.0410156 0.0419048 0.384033
0 0.827148 0.825714 0.0410156 0.0552381 0.526855
1 0.381836 0.847619 0.0976562 0.0571429 0.54248
0 0.72998 0.888571 0.0400391 0.04 0.563477
0 0.67627 0.878095 0.0400391 0.0380952 0.645508
0 0.0180664 0.142857 0.0341797 0.0342857 0.707031
0 0.401367 0.749524 0.0351562 0.032381 0.809082
0 0.632812 0.751429 0.0507812 0.047619 0.809082
0 0.862305 0.778095 0.0527344 0.0704762 0.80957
0 0.212891 0.840952 0.0429688 0.0552381 0.82373
0 0.315918 0.747619 0.0400391 0.04 0.844727
0 0.12207 0.851429 0.0410156 0.072381 0.847168
0 0.732422 0.741905 0.0351562 0.0361905 0.85498
0 0.145996 0.0285714 0.0380859 0.0571429 0.864746
0 0.138672 0.891429 0.0429688 0.0761905 0.883301
0 0.480957 0.747619 0.0361328 0.0361905 0.884277
0 0.975098 0.881905 0.0458984 0.08 0.893555
0 0.160156 0.937143 0.0429688 0.0761905 0.899902
0 0.0952148 0.14381 0.0419922 0.0628571 0.906738
0 0.295898 0.811429 0.0390625 0.0457143 0.912598
0 0.206055 0.774286 0.0449219 0.0590476 0.912598
0 0.939941 0.904762 0.0400391 0.0685714 0.916016
