0 0.67627 0.87619 0.0400391 0.0380952 0.385742
0 0.986816 0.975238 0.0263672 0.0495238 0.540527
0 0.72998 0.888571 0.0400391 0.0438095 0.546387
0 0.575684 0.900952 0.0419922 0.0571429 0.549805
1 0.427246 0.844762 0.102539 0.0590476 0.75293
0 0.893555 0.88 0.0371094 0.0571429 0.763184
0 0.445312 0.749524 0.0332031 0.032381 0.796387
0 0.70459 0.746667 0.0498047 0.0457143 0.80127
0 0.139648 0.0295238 0.0449219 0.0590476 0.818359
0 0.375 0.747619 0.0390625 0.0361905 0.821777
0 0.51123 0.745714 0.0361328 0.0361905 0.852539
0 0.20752 0.77619 0.0400391 0.0552381 0.859375
0 0.279785 0.817143 0.0400391 0.0419048 0.867676
0 0.0263672 0.180952 0.0410156 0.0495238 0.877441
0 0.278809 0.750476 0.0419922 0.0419048 0.879883
0 0.802246 0.748571 0.0361328 0.0419048 0.884277
0 0.112793 0.860952 0.0341797 0.0609524 0.885254
0 0.354492 0.80381 0.0371094 0.0380952 0.886719
0 0.195312 0.842857 0.0429688 0.0628571 0.898926
0 0.115723 0.918095 0.0419922 0.072381 0.900391
0 0.920898 0.828571 0.0488281 0.0838095 0.902344
0 0.169922 0.925714 0.0429688 0.0761905 0.90332
0 0.0966797 0.0904762 0.0390625 0.0628571 0.90918
