0 0.72998 0.889524 0.0400391 0.0419048 0.285645
0 0.575195 0.901905 0.0449219 0.0590476 0.393311
0 0.622559 0.882857 0.0400391 0.04 0.394043
0 0.161621 0.808571 0.0478516 0.0704762 0.4646
0 0.67627 0.878095 0.0400391 0.0380952 0.538086
0 0.15625 0.834286 0.0527344 0.0838095 0.624023
1 0.405273 0.845714 0.0996094 0.0571429 0.654297
0 0.34668 0.746667 0.0390625 0.0380952 0.79248
0 0.861816 0.852381 0.0380859 0.047619 0.810547
0 0.425781 0.750476 0.03125 0.0304762 0.812988
0 0.892578 0.80381 0.0546875 0.0761905 0.814941
0 0.0703125 0.922857 0.0351562 0.0666667 0.824219
0 0.244629 0.757143 0.0439453 0.0514286 0.830566
0 0.667969 0.749524 0.0507812 0.047619 0.839355
0 0.326172 0.804762 0.0390625 0.04 0.852539
0 0.0966797 0.949524 0.0410156 0.0742857 0.85498
0 0.245605 0.826667 0.0419922 0.0495238 0.865723
0 0.765625 0.74381 0.0351562 0.0361905 0.874023
0 0.496094 0.747619 0.0351562 0.0361905 0.874023
0 0.165527 0.865714 0.0458984 0.0704762 0.898438
0 0.122559 0.0590476 0.0380859 0.0685714 0.899902
0 0.164551 0.930476 0.0439453 0.0780952 0.901367
0 0.0605469 0.166667 0.0410156 0.0552381 0.902832
0 0.966309 0.94381 0.0400391 0.0704762 0.929199
