0 0.0561523 0.945714 0.0517578 0.0819048 0.416504
0 0.62207 0.881905 0.0410156 0.0419048 0.597656
0 0.729492 0.887619 0.0410156 0.0380952 0.625488
1 0.339355 0.848571 0.106445 0.0628571 0.703613
0 0.592773 0.754286 0.0507812 0.0457143 0.745605
0 0.576172 0.900952 0.0429688 0.0609524 0.748535
0 0.819336 0.757143 0.046875 0.0514286 0.775391
0 0.770996 0.811429 0.0380859 0.0419048 0.777344
0 0.67627 0.87619 0.0400391 0.0380952 0.788086
0 0.165527 0.869524 0.0419922 0.0666667 0.813477
0 0.35498 0.752381 0.0322266 0.0342857 0.822754
0 0.681641 0.74381 0.0351562 0.0361905 0.829102
0 0.260742 0.757143 0.0390625 0.04 0.847168
0 0.458984 0.747619 0.0351562 0.0361905 0.875
0 0.144531 0.820952 0.0449219 0.072381 0.884277
0 0.105957 0.93619 0.0419922 0.0780952 0.886719
0 0.895508 0.854286 0.0410156 0.0628571 0.892578
0 0.24707 0.82381 0.0410156 0.0514286 0.89502
0 0.925781 0.822857 0.0429688 0.0647619 0.89502
0 0.158691 0.940952 0.0439453 0.08 0.90332
0 0.958984 0.930476 0.0390625 0.0666667 0.92334
0 0.144043 0.0914286 0.0419922 0.072381 0.92627
