0 0.653809 0.112381 0.0400391 0.110476 0.259521
0 0.820801 0.92 0.0419922 0.0419048 0.270264
0 0.730469 0.888571 0.0390625 0.04 0.418213
0 0.677734 0.877143 0.0390625 0.0361905 0.448486
0 0.576172 0.900952 0.0429688 0.0571429 0.450195
0 0.935059 0.846667 0.0478516 0.0857143 0.670898
0 0.0166016 0.184762 0.03125 0.0457143 0.705078
0 0.386719 0.746667 0.0390625 0.0380952 0.800293
0 0.453613 0.749524 0.0322266 0.032381 0.818848
0 0.226074 0.76381 0.0419922 0.0495238 0.830078
0 0.137207 0.834286 0.0322266 0.0571429 0.834473
1 0.436035 0.844762 0.102539 0.0590476 0.839355
0 0.296875 0.814286 0.0410156 0.0438095 0.848633
0 0.368164 0.80381 0.0371094 0.0380952 0.854492
0 0.722656 0.744762 0.0507812 0.0457143 0.86084
0 0.90918 0.899048 0.0371094 0.0571429 0.867188
0 0.519531 0.746667 0.0351562 0.0342857 0.868164
0 0.126465 0.0380952 0.0458984 0.0761905 0.880371
0 0.12793 0.902857 0.0410156 0.0685714 0.88916
0 0.210938 0.83619 0.0429688 0.0571429 0.89209
0 0.294922 0.747619 0.0429688 0.0438095 0.892578
0 0.0834961 0.10381 0.0400391 0.0590476 0.902832
0 0.171875 0.921905 0.0449219 0.072381 0.904297
0 0.821289 0.755238 0.0371094 0.04 0.907227
