0 0.576172 0.900952 0.0429688 0.0571429 0.340332
0 0.676758 0.87619 0.0390625 0.0380952 0.39917
0 0.72998 0.888571 0.0400391 0.0438095 0.425781
1 0.415039 0.844762 0.103516 0.0590476 0.773926
0 0.686035 0.748571 0.0498047 0.0495238 0.795898
0 0.436523 0.749524 0.03125 0.032381 0.808105
0 0.87793 0.864762 0.0390625 0.0571429 0.817383
0 0.362793 0.747619 0.0380859 0.0361905 0.826172
0 0.263672 0.82 0.0429688 0.0438095 0.847168
0 0.78418 0.746667 0.0351562 0.0380952 0.848145
0 0.188477 0.789524 0.0371094 0.0552381 0.857422
0 0.0917969 0.890476 0.0351562 0.0628571 0.871582
0 0.503906 0.745714 0.0351562 0.0361905 0.877441
0 0.340332 0.80381 0.0380859 0.0380952 0.87793
0 0.181152 0.853333 0.0419922 0.0647619 0.882812
0 0.105469 0.934286 0.0410156 0.0742857 0.882812
0 0.262207 0.753333 0.0419922 0.0438095 0.882812
0 0.907715 0.814286 0.0498047 0.0742857 0.885254
0 0.0439453 0.174286 0.0410156 0.0514286 0.899902
0 0.166504 0.928571 0.0439453 0.0780952 0.901367
0 0.109375 0.0761905 0.0410156 0.0685714 0.901367
0 0.979492 0.96381 0.0390625 0.072381 0.907715
