0 0.676758 0.878095 0.0390625 0.0342857 0.504395
1 0.475098 0.845714 0.100586 0.0609524 0.594238
0 0.159668 0.829524 0.0517578 0.0742857 0.606934
0 0.621582 0.882857 0.0400391 0.04 0.753418
0 0.964355 0.968571 0.0419922 0.0628571 0.765625
0 0.485352 0.747619 0.0332031 0.032381 0.811523
0 0.421387 0.745714 0.0380859 0.0361905 0.816895
0 0.212891 0.777143 0.0371094 0.0457143 0.852051
0 0.575684 0.899048 0.0439453 0.0609524 0.856445
0 0.289062 0.749524 0.0410156 0.0361905 0.859863
0 0.550781 0.744762 0.0351562 0.0342857 0.86084
0 0.175781 0.852381 0.0429688 0.0666667 0.861816
0 0.273926 0.818095 0.0400391 0.04 0.864258
0 0.796875 0.755238 0.0507812 0.0514286 0.870117
0 0.348145 0.805714 0.0419922 0.0380952 0.872559
0 0.0273438 0.130476 0.0371094 0.04 0.875977
0 0.117676 0.920952 0.0361328 0.0666667 0.882812
0 0.349609 0.742857 0.0429688 0.0380952 0.883789
0 0.190918 0.899048 0.0439453 0.0685714 0.889648
0 0.404297 0.802857 0.0371094 0.0361905 0.890625
0 0.0742188 0.0914286 0.046875 0.0647619 0.895508
0 0.0952148 0.886667 0.0439453 0.0780952 0.904785
0 0.884766 0.789524 0.0390625 0.0552381 0.912598
