0 0.476074 0.745714 0.0341797 0.032381 0.252197
0 0.750488 0.897143 0.0458984 0.0571429 0.275635
0 0.487793 0.971429 0.0263672 0.0571429 0.484131
0 0.62207 0.882857 0.0410156 0.04 0.562988
0 0.664551 0.270476 0.0439453 0.118095 0.589355
0 0.196289 0.848571 0.0371094 0.0514286 0.635254
1 0.530762 0.841905 0.102539 0.0609524 0.735352
0 0.552734 0.746667 0.03125 0.0304762 0.749023
0 0.576172 0.9 0.0429688 0.0552381 0.758301
0 0.67627 0.877143 0.0400391 0.0361905 0.76709
0 0.297852 0.760952 0.0351562 0.032381 0.813965
0 0.350586 0.742857 0.0410156 0.0342857 0.816895
0 0.263184 0.814286 0.0400391 0.04 0.853027
0 0.223633 0.765714 0.0449219 0.0533333 0.858398
0 0.277344 0.866667 0.0390625 0.0380952 0.859375
0 0.330078 0.815238 0.0390625 0.0380952 0.86084
0 0.65918 0.742857 0.0371094 0.0380952 0.861328
0 0.385742 0.805714 0.0429688 0.0380952 0.86377
0 0.405273 0.741905 0.0410156 0.0361905 0.873535
0 0.44043 0.800952 0.0371094 0.0361905 0.880371
0 0.119629 0.922857 0.0419922 0.0704762 0.888184
0 0.126953 0.842857 0.0429688 0.0742857 0.896484
0 0.983398 0.926667 0.0332031 0.0704762 0.896484
0 0.908203 0.82381 0.0546875 0.0780952 0.915039
