0 0.160156 0.847619 0.0429688 0.0609524 0.390137
0 0.62207 0.881905 0.0410156 0.0419048 0.587891
0 0.174805 0.86381 0.0371094 0.0552381 0.669922
0 0.460449 0.746667 0.0400391 0.0380952 0.708496
0 0.67627 0.877143 0.0400391 0.0361905 0.749512
0 0.527344 0.746667 0.03125 0.0304762 0.770508
1 0.507812 0.842857 0.105469 0.0628571 0.778809
0 0.575195 0.9 0.0449219 0.0590476 0.787109
0 0.337402 0.744762 0.0380859 0.0342857 0.805176
0 0.28418 0.761905 0.0351562 0.0342857 0.827637
0 0.37793 0.805714 0.0429688 0.0380952 0.842285
0 0.431152 0.800952 0.0380859 0.0361905 0.849609
0 0.241699 0.814286 0.0400391 0.0438095 0.861328
0 0.392578 0.741905 0.0410156 0.0361905 0.861816
0 0.620605 0.74381 0.0361328 0.0361905 0.866211
0 0.0874023 0.898095 0.0419922 0.0742857 0.870117
0 0.246582 0.868571 0.0419922 0.0495238 0.875
0 0.0976562 0.953333 0.0429688 0.0742857 0.875488
0 0.319824 0.815238 0.0400391 0.0380952 0.878418
0 0.191406 0.781905 0.0449219 0.0628571 0.888184
0 0.958008 0.879048 0.0390625 0.0704762 0.912109
0 0.878906 0.796191 0.0546875 0.0685714 0.918945
