0 0.00927734 0.134286 0.0185547 0.0361905 0.34668
0 0.435547 0.745714 0.0332031 0.032381 0.366455
0 0.676758 0.877143 0.0390625 0.0361905 0.541992
0 0.050293 0.106667 0.0439453 0.0533333 0.601074
1 0.486816 0.842857 0.102539 0.0628571 0.682617
0 0.246582 0.766667 0.0380859 0.04 0.713867
0 0.62207 0.882857 0.0410156 0.04 0.769043
0 0.5 0.746667 0.0351562 0.0304762 0.772949
0 0.200195 0.832381 0.0449219 0.0571429 0.815918
0 0.364746 0.806667 0.0400391 0.0361905 0.816895
0 0.141113 0.892381 0.0380859 0.0628571 0.838867
0 0.312988 0.746667 0.0380859 0.0342857 0.848633
0 0.298828 0.81619 0.0390625 0.04 0.849609
0 0.572754 0.744762 0.0361328 0.0342857 0.853027
0 0.416504 0.802857 0.0380859 0.0361905 0.864746
0 0.575684 0.899048 0.0439453 0.0609524 0.867676
0 0.371094 0.742857 0.0410156 0.0380952 0.878418
0 0.832031 0.76381 0.0527344 0.0609524 0.898438
0 0.208496 0.885714 0.0439453 0.0647619 0.899902
0 0.916016 0.82 0.0390625 0.0628571 0.912598
0 0.135254 0.83619 0.0458984 0.0761905 0.915527
