0 0.731445 0.889524 0.0410156 0.0419048 0.276367
0 0.677734 0.878095 0.0390625 0.0342857 0.339111
0 0.0957031 0.953333 0.0410156 0.0666667 0.586426
1 0.457031 0.842857 0.105469 0.0590476 0.69873
0 0.405762 0.747619 0.0400391 0.0361905 0.702148
0 0.174805 0.797143 0.0371094 0.0552381 0.726562
0 0.575684 0.900952 0.0439453 0.0609524 0.77002
0 0.325684 0.806667 0.0439453 0.04 0.806152
0 0.150879 0.871429 0.0419922 0.0742857 0.812988
0 0.966797 0.893333 0.046875 0.0914286 0.814453
0 0.651855 0.14 0.0361328 0.108571 0.831543
0 0.32373 0.74381 0.0419922 0.04 0.840332
0 0.535156 0.744762 0.0351562 0.0342857 0.842285
0 0.470215 0.747619 0.0322266 0.032381 0.845703
0 0.759766 0.747619 0.0488281 0.0438095 0.846191
0 0.059082 0.945714 0.0439453 0.0819048 0.849609
0 0.0551758 0.120952 0.0380859 0.0514286 0.861816
0 0.260254 0.753333 0.0400391 0.04 0.863281
0 0.387207 0.802857 0.0380859 0.0361905 0.872559
0 0.179199 0.912381 0.0439453 0.072381 0.880371
0 0.9375 0.932381 0.0429688 0.0704762 0.884766
0 0.0996094 0.0685714 0.046875 0.072381 0.892578
0 0.853516 0.767619 0.0390625 0.0495238 0.896484
0 0.242188 0.822857 0.0429688 0.0533333 0.905273
