0 0.481445 0.745714 0.0371094 0.032381 0.302246
0 0.488281 0.967619 0.0273438 0.0647619 0.546387
0 0.205566 0.842857 0.0341797 0.047619 0.705566
1 0.541504 0.84 0.104492 0.0609524 0.70752
0 0.62207 0.881905 0.0410156 0.0419048 0.730957
0 0.667969 0.282857 0.046875 0.11619 0.731445
0 0.566406 0.746667 0.03125 0.0304762 0.733887
0 0.576172 0.899048 0.0429688 0.0571429 0.788574
0 0.677246 0.87619 0.0400391 0.0380952 0.791016
0 0.989258 0.951429 0.0214844 0.0857143 0.808105
0 0.130859 0.908571 0.0429688 0.0685714 0.841309
0 0.389648 0.806667 0.0429688 0.0361905 0.843262
0 0.411621 0.741905 0.0419922 0.0361905 0.856445
0 0.271973 0.815238 0.0400391 0.0380952 0.859863
0 0.445312 0.800952 0.0371094 0.0361905 0.861816
0 0.292969 0.865714 0.0390625 0.0361905 0.86377
0 0.356934 0.742857 0.0400391 0.0342857 0.865723
0 0.304688 0.76 0.0351562 0.0342857 0.866211
0 0.333984 0.814286 0.0390625 0.04 0.868164
0 0.679199 0.741905 0.0361328 0.0361905 0.868164
0 0.236816 0.761905 0.0439453 0.0495238 0.883789
0 0.145996 0.821905 0.0419922 0.0742857 0.904785
0 0.921875 0.838095 0.0527344 0.0838095 0.918945
