0 0.621582 0.88381 0.0400391 0.0380952 0.336182
0 0.157227 0.841905 0.0390625 0.0609524 0.337891
0 0.050293 0.957143 0.0419922 0.0742857 0.748535
0 0.576172 0.9 0.0429688 0.0590476 0.796387
0 0.0986328 0.951429 0.0449219 0.0780952 0.798828
0 0.676758 0.877143 0.0390625 0.0361905 0.813477
1 0.591797 0.842857 0.109375 0.0742857 0.81543
0 0.327148 0.758095 0.0351562 0.0342857 0.822266
0 0.166504 0.874286 0.0439453 0.0685714 0.834961
0 0.407227 0.804762 0.0410156 0.0361905 0.841309
0 0.27002 0.755238 0.0419922 0.0438095 0.853516
0 0.234375 0.830476 0.0371094 0.0457143 0.858398
0 0.442383 0.741905 0.0410156 0.0361905 0.867676
0 0.378906 0.741905 0.0390625 0.0361905 0.868652
0 0.759277 0.740952 0.0361328 0.0342857 0.870605
0 0.492676 0.950476 0.0302734 0.08 0.874512
0 0.292969 0.812381 0.0390625 0.04 0.875977
0 0.357422 0.860952 0.0410156 0.0380952 0.881348
0 0.349121 0.813333 0.0400391 0.0380952 0.885254
0 0.479492 0.799048 0.0371094 0.0361905 0.889648
0 0.204102 0.773333 0.0429688 0.0571429 0.894531
0 0.689453 0.34 0.0527344 0.11619 0.911133
0 0.972656 0.910476 0.0527344 0.0952381 0.918945
