0 0.487305 0.744762 0.0371094 0.0342857 0.612793
1 0.553223 0.84 0.108398 0.0647619 0.683594
0 0.672363 0.298095 0.0498047 0.12 0.684082
0 0.138672 0.897143 0.0410156 0.0685714 0.707031
0 0.212891 0.838095 0.0371094 0.0495238 0.713379
0 0.489746 0.964762 0.0283203 0.0704762 0.721191
0 0.67627 0.878095 0.0400391 0.0380952 0.744141
0 0.62207 0.882857 0.0410156 0.04 0.77002
0 0.581055 0.745714 0.0332031 0.032381 0.794434
0 0.698242 0.741905 0.0351562 0.0361905 0.822266
0 0.393066 0.805714 0.0419922 0.0380952 0.827148
0 0.363281 0.742857 0.0390625 0.0342857 0.828613
0 0.310547 0.76 0.0371094 0.0342857 0.831543
0 0.575684 0.9 0.0439453 0.0590476 0.836914
0 0.246582 0.758095 0.0439453 0.0457143 0.858887
0 0.308105 0.864762 0.0400391 0.0380952 0.866699
0 0.45166 0.800952 0.0380859 0.0361905 0.875977
0 0.418945 0.741905 0.0410156 0.0361905 0.878906
0 0.338379 0.814286 0.0400391 0.04 0.880371
0 0.279297 0.812381 0.0390625 0.04 0.880859
0 0.162109 0.80381 0.0429688 0.0685714 0.881836
0 0.935547 0.855238 0.0546875 0.0876191 0.921387
