0 0.729004 0.74381 0.0302734 0.032381 0.252197
0 0.677734 0.878095 0.0390625 0.0342857 0.683105
0 0.256348 0.826667 0.0361328 0.0380952 0.763184
0 0.621582 0.88381 0.0400391 0.0380952 0.769531
0 0.416016 0.741905 0.0390625 0.032381 0.797363
0 0.353516 0.759048 0.0351562 0.032381 0.811523
0 0.575684 0.9 0.0439453 0.0590476 0.840332
0 0.448242 0.80381 0.0410156 0.0380952 0.840332
0 0.437988 0.855238 0.0400391 0.0380952 0.84668
0 0.483887 0.74381 0.0400391 0.0361905 0.851074
0 0.309082 0.811429 0.0400391 0.0380952 0.851562
0 0.199707 0.849524 0.0419922 0.0609524 0.86377
0 0.535645 0.797143 0.0380859 0.0361905 0.864746
0 0.242676 0.759048 0.0400391 0.047619 0.872559
0 0.29834 0.750476 0.0439453 0.0419048 0.87793
0 0.132324 0.841905 0.0380859 0.0685714 0.881836
0 0.371582 0.812381 0.0400391 0.04 0.884277
0 0.856445 0.768571 0.0390625 0.0514286 0.884766
0 0.506836 0.90381 0.0332031 0.0780952 0.885254
0 0.72168 0.406667 0.0546875 0.108571 0.885742
0 0.140137 0.897143 0.0458984 0.072381 0.896973
