0 0.987793 0.955238 0.0244141 0.0895238 0.323486
0 0.690918 0.74381 0.0302734 0.032381 0.447266
0 0.548828 0.745714 0.0390625 0.0361905 0.519043
1 0.629395 0.828571 0.106445 0.0647619 0.538574
0 0.676758 0.877143 0.0390625 0.0361905 0.676758
0 0.621582 0.88381 0.0400391 0.0380952 0.75
0 0.341309 0.75619 0.0361328 0.0342857 0.768555
0 0.247559 0.827619 0.0380859 0.04 0.791504
0 0.708008 0.38 0.0566406 0.112381 0.803223
0 0.575684 0.900952 0.0439453 0.0571429 0.821777
0 0.397949 0.740952 0.0400391 0.0342857 0.82373
0 0.429688 0.802857 0.0429688 0.04 0.851562
0 0.188965 0.855238 0.0419922 0.0609524 0.854004
0 0.46582 0.74381 0.0410156 0.0361905 0.860352
0 0.513184 0.797143 0.0380859 0.0361905 0.866699
0 0.360352 0.814286 0.0390625 0.04 0.869629
0 0.301758 0.811429 0.0410156 0.0380952 0.872559
0 0.287109 0.752381 0.0429688 0.0419048 0.87793
0 0.127441 0.915238 0.0419922 0.0742857 0.882812
0 0.101074 0.882857 0.0380859 0.0666667 0.883789
0 0.5 0.922857 0.03125 0.0780952 0.885742
0 0.406738 0.858095 0.0400391 0.04 0.886719
0 0.229492 0.762857 0.0410156 0.047619 0.89502
0 0.819336 0.752381 0.0371094 0.0419048 0.896484
