0 0.206543 0.818095 0.0380859 0.04 0.268799
0 0.821289 0.757143 0.0332031 0.0361905 0.357422
1 0.709961 0.829524 0.111328 0.0895238 0.399658
0 0.425293 0.780952 0.0341797 0.0304762 0.406982
0 0.15625 0.84 0.0351562 0.0533333 0.468262
0 0.678711 0.877143 0.0390625 0.0361905 0.635742
0 0.621582 0.882857 0.0400391 0.04 0.751953
0 0.405762 0.755238 0.0341797 0.032381 0.804199
0 0.27832 0.821905 0.0371094 0.0361905 0.8125
0 0.54834 0.744762 0.0400391 0.0380952 0.823242
0 0.331055 0.804762 0.0390625 0.04 0.834961
0 0.219238 0.84 0.0400391 0.0495238 0.839844
0 0.489746 0.800952 0.0419922 0.0361905 0.841309
0 0.468262 0.741905 0.0380859 0.032381 0.841309
0 0.757324 0.464762 0.0576172 0.106667 0.845215
0 0.48877 0.952381 0.0263672 0.0685714 0.848633
0 0.59082 0.796191 0.0371094 0.0342857 0.861816
0 0.334961 0.748571 0.0429688 0.0380952 0.861816
0 0.269531 0.755238 0.0390625 0.0438095 0.86377
0 0.166992 0.872381 0.0429688 0.072381 0.870117
0 0.421875 0.812381 0.0390625 0.04 0.873047
0 0.575195 0.9 0.0449219 0.0628571 0.876953
0 0.194336 0.784762 0.0371094 0.0571429 0.880859
0 0.48584 0.848571 0.0419922 0.04 0.884277
0 0.530273 0.864762 0.0371094 0.0685714 0.887695
0 0.106934 0.906667 0.0400391 0.08 0.898438
0 0.935547 0.84 0.0390625 0.0647619 0.900879
