0 0.763672 0.475238 0.0585938 0.100952 0.271484
0 0.678223 0.87619 0.0400391 0.0380952 0.66748
0 0.621094 0.882857 0.0410156 0.04 0.674805
0 0.115234 0.888571 0.0410156 0.0819048 0.791504
0 0.41748 0.75619 0.0361328 0.0342857 0.803711
0 0.836426 0.76 0.0361328 0.0419048 0.811523
0 0.480957 0.741905 0.0380859 0.032381 0.8125
0 0.283691 0.821905 0.0341797 0.0361905 0.817383
0 0.563477 0.744762 0.0410156 0.0380952 0.840332
0 0.22168 0.83619 0.0410156 0.0533333 0.848145
0 0.601562 0.795238 0.0371094 0.0361905 0.849609
0 0.498535 0.8 0.0419922 0.0380952 0.85498
0 0.335938 0.806667 0.0429688 0.04 0.86084
0 0.490234 0.944762 0.0273438 0.0685714 0.867676
0 0.345215 0.747619 0.0439453 0.04 0.868164
0 0.538574 0.857143 0.0380859 0.0647619 0.878418
0 0.20459 0.779048 0.0361328 0.0533333 0.878418
0 0.575195 0.9 0.0449219 0.0628571 0.879395
0 0.171387 0.869524 0.0458984 0.0742857 0.881348
0 0.430664 0.811429 0.0390625 0.0380952 0.883301
0 0.493164 0.848571 0.0410156 0.04 0.884277
0 0.273926 0.754286 0.0400391 0.0419048 0.884277
0 0.945312 0.854286 0.0390625 0.0666667 0.933594
