0 0.163574 0.0647619 0.0439453 0.08 0.614746
0 0.621582 0.882857 0.0400391 0.04 0.676758
0 0.679199 0.878095 0.0380859 0.0342857 0.741699
0 0.174805 0.865714 0.046875 0.0742857 0.748535
0 0.853027 0.762857 0.0400391 0.0552381 0.757324
0 0.288574 0.820952 0.0341797 0.0342857 0.789062
0 0.430664 0.755238 0.0351562 0.032381 0.79248
0 0.728516 0.742857 0.0390625 0.0419048 0.79541
0 0.226074 0.834286 0.0419922 0.0495238 0.814941
0 0.61084 0.795238 0.0400391 0.0361905 0.831543
0 0.344238 0.806667 0.0380859 0.0361905 0.841309
0 0.496094 0.741905 0.0390625 0.032381 0.842285
0 0.508301 0.799048 0.0439453 0.04 0.850586
0 0.575195 0.900952 0.0449219 0.0609524 0.866699
0 0.57959 0.742857 0.0419922 0.0380952 0.867676
0 0.357422 0.748571 0.0410156 0.0380952 0.867676
0 0.280273 0.753333 0.0390625 0.04 0.869141
0 0.212891 0.775238 0.0371094 0.0533333 0.87207
0 0.123047 0.873333 0.0410156 0.0780952 0.875977
0 0.44043 0.811429 0.0390625 0.0380952 0.878418
0 0.491699 0.938095 0.0283203 0.0704762 0.881836
0 0.499023 0.846667 0.0410156 0.04 0.882812
0 0.548828 0.848571 0.0390625 0.0590476 0.884277
0 0.955078 0.870476 0.0390625 0.0685714 0.92041
