0 0.747559 0.744762 0.0322266 0.0342857 0.303711
0 0.482422 0.975238 0.0214844 0.0495238 0.3396
0 0.0722656 0.968571 0.0449219 0.0628571 0.350342
0 0.678223 0.877143 0.0380859 0.0361905 0.682129
0 0.203613 0.846667 0.0419922 0.0552381 0.736816
0 0.260254 0.824762 0.0361328 0.0380952 0.738281
0 0.621582 0.88381 0.0400391 0.0380952 0.754395
0 0.425293 0.741905 0.0400391 0.032381 0.763672
0 0.45752 0.802857 0.0400391 0.0361905 0.826172
0 0.360352 0.75619 0.0351562 0.0342857 0.84082
0 0.146973 0.890476 0.0439453 0.0704762 0.849609
0 0.576172 0.9 0.0429688 0.0590476 0.850586
0 0.547363 0.797143 0.0380859 0.0361905 0.850586
0 0.495605 0.74381 0.0419922 0.0361905 0.852051
0 0.248535 0.758095 0.0419922 0.0457143 0.854492
0 0.451172 0.852381 0.0410156 0.04 0.858398
0 0.147949 0.822857 0.0380859 0.0647619 0.858887
0 0.312012 0.809524 0.0400391 0.0380952 0.872559
0 0.304688 0.750476 0.0429688 0.0419048 0.872559
0 0.379883 0.812381 0.0390625 0.04 0.885742
0 0.510254 0.894286 0.0341797 0.0742857 0.900879
0 0.875977 0.781905 0.0390625 0.0552381 0.901855
0 0.728516 0.419048 0.0566406 0.106667 0.947754
