0 0.996094 0.958095 0.0078125 0.0571429 0.262207
0 0.050293 0.960952 0.0478516 0.0742857 0.296875
1 0.837891 0.821905 0.103516 0.0666667 0.377197
0 0.700195 0.74 0.0390625 0.0361905 0.399658
0 0.137695 0.107619 0.0410156 0.0742857 0.405273
0 0.978516 0.897143 0.03125 0.0609524 0.414307
0 0.625 0.752381 0.0332031 0.0342857 0.77002
0 0.694824 0.880952 0.0400391 0.0361905 0.781738
0 0.14209 0.894286 0.0361328 0.0552381 0.791992
0 0.868652 0.498095 0.0595703 0.0819048 0.806152
0 0.390137 0.810476 0.0361328 0.0361905 0.810547
0 0.523438 0.742857 0.0429688 0.0342857 0.818359
0 0.621582 0.882857 0.0400391 0.04 0.831055
0 0.60791 0.796191 0.0419922 0.0380952 0.839355
0 0.575684 0.9 0.0439453 0.0590476 0.849609
0 0.491699 0.96 0.0263672 0.072381 0.851562
0 0.45459 0.80381 0.0380859 0.0380952 0.856934
0 0.580566 0.841905 0.0400391 0.0380952 0.858398
0 0.731445 0.8 0.0371094 0.0380952 0.862305
0 0.762207 0.745714 0.0419922 0.04 0.86377
0 0.67041 0.807619 0.0361328 0.0380952 0.864746
0 0.303711 0.822857 0.0449219 0.0380952 0.868652
0 0.515625 0.88381 0.0332031 0.0647619 0.873535
0 0.426758 0.748571 0.0390625 0.0380952 0.878418
0 0.240234 0.826667 0.0429688 0.0533333 0.879883
0 0.227051 0.772381 0.0419922 0.0514286 0.885742
0 0.216797 0.882857 0.0449219 0.0590476 0.888672
0 0.322266 0.758095 0.0351562 0.0380952 0.894043
0 0.102051 0.877143 0.0400391 0.0704762 0.89502
0 0.154785 0.835238 0.0439453 0.0666667 0.896973
0 0.533203 0.806667 0.0390625 0.04 0.908691
