0 0.32959 0.785714 0.0361328 0.032381 0.30542
0 0.925781 0.82 0.0351562 0.0552381 0.311523
0 0.194336 0.848571 0.0429688 0.0666667 0.371094
0 0.164551 0.817143 0.0439453 0.0761905 0.505371
0 0.816895 0.513333 0.0556641 0.0628571 0.696289
0 0.682617 0.879048 0.0390625 0.0361905 0.696289
0 0.324219 0.817143 0.0332031 0.0342857 0.703613
0 0.677246 0.744762 0.0419922 0.0419048 0.745605
0 0.258789 0.827619 0.0390625 0.0361905 0.754395
0 0.987305 0.940952 0.0253906 0.08 0.77002
0 0.493652 0.753333 0.0361328 0.032381 0.786133
0 0.244629 0.76381 0.0380859 0.0457143 0.796875
0 0.621094 0.88381 0.0410156 0.0419048 0.816895
0 0.555176 0.796191 0.0419922 0.0380952 0.819824
0 0.576172 0.740952 0.0390625 0.0342857 0.819824
0 0.42041 0.746667 0.0419922 0.0380952 0.848145
0 0.665527 0.796191 0.0380859 0.0380952 0.849609
0 0.575684 0.899048 0.0439453 0.0609524 0.856445
0 0.501465 0.910476 0.0283203 0.0685714 0.857422
0 0.534668 0.844762 0.0419922 0.04 0.868164
0 0.597656 0.820952 0.0390625 0.0495238 0.871094
0 0.384766 0.805714 0.0390625 0.0380952 0.884277
0 0.331055 0.749524 0.0390625 0.04 0.891602
0 0.481934 0.808571 0.0400391 0.04 0.902344
