0 0.246582 0.8 0.0341797 0.0380952 0.298828
0 0.0893555 0.970476 0.0361328 0.0590476 0.400879
0 0.913574 0.807619 0.0361328 0.0533333 0.47583
0 0.189941 0.852381 0.0439453 0.0666667 0.579102
0 0.681641 0.879048 0.0390625 0.0361905 0.591797
0 0.0922852 0.907619 0.0400391 0.0704762 0.630859
0 0.621582 0.882857 0.0419922 0.04 0.753906
0 0.25 0.829524 0.0410156 0.04 0.755859
0 0.157227 0.82381 0.0429688 0.0780952 0.780762
0 0.479004 0.753333 0.0341797 0.032381 0.79541
0 0.316406 0.815238 0.0351562 0.0380952 0.805664
0 0.239258 0.765714 0.0371094 0.0457143 0.824219
0 0.547852 0.799048 0.0410156 0.0361905 0.834961
0 0.658203 0.74381 0.0429688 0.04 0.834961
0 0.808105 0.512381 0.0576172 0.0761905 0.84375
0 0.557129 0.740952 0.0380859 0.0342857 0.86084
0 0.655762 0.796191 0.0380859 0.0380952 0.863281
0 0.375488 0.805714 0.0400391 0.0380952 0.864258
0 0.526855 0.845714 0.0400391 0.0380952 0.868164
0 0.499512 0.916191 0.0302734 0.0685714 0.873535
0 0.575195 0.899048 0.0449219 0.0609524 0.873535
0 0.587891 0.825714 0.0371094 0.0514286 0.874023
0 0.408203 0.746667 0.0429688 0.0380952 0.878418
0 0.983887 0.928571 0.0322266 0.0742857 0.891602
0 0.318359 0.751429 0.0390625 0.04 0.892578
0 0.474121 0.808571 0.0400391 0.04 0.906738
