0 0.104004 0.948571 0.0341797 0.0609524 0.422363
1 0.789551 0.822857 0.112305 0.0685714 0.439697
0 0.111328 0.879048 0.0429688 0.0704762 0.703613
0 0.33252 0.815238 0.0361328 0.0380952 0.730469
0 0.596191 0.740952 0.0400391 0.0342857 0.771973
0 0.989746 0.952381 0.0205078 0.0838095 0.773438
0 0.683594 0.879048 0.0410156 0.0361905 0.773438
0 0.825195 0.513333 0.0546875 0.0590476 0.777832
0 0.563477 0.799048 0.0410156 0.0361905 0.796875
0 0.621582 0.882857 0.0400391 0.04 0.80127
0 0.693848 0.745714 0.0419922 0.04 0.822754
0 0.198242 0.847619 0.0449219 0.0647619 0.824707
0 0.508789 0.753333 0.0351562 0.032381 0.826172
0 0.433105 0.748571 0.0419922 0.0380952 0.831055
0 0.251465 0.76381 0.0361328 0.0419048 0.836914
0 0.675293 0.797143 0.0380859 0.04 0.848633
0 0.265137 0.826667 0.0400391 0.0380952 0.852539
0 0.172363 0.807619 0.0439453 0.0685714 0.854492
0 0.394531 0.805714 0.0390625 0.0380952 0.857422
0 0.54248 0.844762 0.0400391 0.04 0.864746
0 0.489746 0.808571 0.0380859 0.0361905 0.867676
0 0.34375 0.749524 0.0390625 0.04 0.870117
0 0.575684 0.9 0.0439453 0.0590476 0.87207
0 0.503906 0.906667 0.03125 0.0685714 0.885742
0 0.607422 0.819048 0.0371094 0.0457143 0.885742
