0 0.137695 0.107619 0.0410156 0.0704762 0.334229
0 0.96875 0.880952 0.0332031 0.0628571 0.399658
0 0.371094 0.813333 0.0332031 0.0304762 0.779297
0 0.621582 0.88381 0.0400391 0.0419048 0.788574
0 0.583496 0.751429 0.0361328 0.032381 0.802734
0 0.490234 0.745714 0.0429688 0.04 0.811523
0 0.489746 0.965714 0.0244141 0.0685714 0.837891
0 0.575684 0.900952 0.0439453 0.0609524 0.852539
0 0.743652 0.745714 0.0419922 0.04 0.853027
0 0.69043 0.880952 0.0390625 0.0361905 0.854492
0 0.435059 0.804762 0.0380859 0.0361905 0.85498
0 0.592285 0.797143 0.0419922 0.0361905 0.855957
0 0.512207 0.889524 0.0322266 0.0647619 0.856934
0 0.568848 0.841905 0.0400391 0.0380952 0.858398
0 0.207031 0.781905 0.0429688 0.0590476 0.86084
0 0.714355 0.799048 0.0361328 0.04 0.861816
0 0.651367 0.808571 0.0371094 0.04 0.867188
0 0.129883 0.909524 0.0332031 0.0590476 0.870117
0 0.519531 0.806667 0.0390625 0.04 0.877441
0 0.291016 0.822857 0.0390625 0.0380952 0.878418
0 0.141113 0.845714 0.0419922 0.0685714 0.879883
0 0.0859375 0.906667 0.0390625 0.072381 0.881836
0 0.85498 0.506667 0.0576172 0.0609524 0.884766
0 0.176758 0.910476 0.046875 0.0685714 0.886719
0 0.223633 0.833333 0.046875 0.0590476 0.88916
0 0.398438 0.749524 0.0390625 0.0361905 0.890625
0 0.291992 0.759048 0.0351562 0.0361905 0.899902
