0 0.486328 0.978095 0.0214844 0.0438095 0.446533
0 0.615234 0.741905 0.0390625 0.0361905 0.552246
0 0.708984 0.74381 0.0429688 0.04 0.608398
0 0.993164 0.95619 0.0136719 0.0761905 0.656738
0 0.111816 0.938095 0.0341797 0.0666667 0.676758
1 0.800293 0.822857 0.108398 0.072381 0.688965
0 0.0571289 0.95619 0.0400391 0.072381 0.787598
0 0.125488 0.964762 0.0439453 0.0704762 0.791504
0 0.202637 0.844762 0.0458984 0.0628571 0.79834
0 0.525391 0.751429 0.0351562 0.032381 0.816895
0 0.685059 0.796191 0.0380859 0.0380952 0.82959
0 0.570312 0.798095 0.0429688 0.0380952 0.834961
0 0.342773 0.814286 0.0351562 0.0361905 0.839844
0 0.621582 0.882857 0.0400391 0.04 0.842285
0 0.685059 0.879048 0.0400391 0.0361905 0.842285
0 0.270996 0.825714 0.0400391 0.0361905 0.848633
0 0.549805 0.841905 0.0410156 0.0380952 0.854492
0 0.447266 0.746667 0.0429688 0.0380952 0.856934
0 0.833008 0.513333 0.0546875 0.0514286 0.857422
0 0.257324 0.760952 0.0361328 0.04 0.862305
0 0.180664 0.8 0.0449219 0.0685714 0.868164
0 0.505859 0.901905 0.03125 0.0704762 0.870117
0 0.618652 0.81619 0.0361328 0.0438095 0.875
0 0.575684 0.9 0.0439453 0.0590476 0.875977
0 0.35791 0.750476 0.0380859 0.0380952 0.876465
0 0.404297 0.804762 0.0390625 0.0361905 0.881836
0 0.498047 0.807619 0.0390625 0.0380952 0.889648
0 0.119141 0.869524 0.0429688 0.0704762 0.897461
