0 0.713379 0.88381 0.0400391 0.0380952 0.356689
0 0.983398 0.912381 0.03125 0.0647619 0.46167
0 0.059082 0.950476 0.0341797 0.0647619 0.54834
0 0.696777 0.747619 0.0400391 0.04 0.554199
0 0.941895 0.821905 0.0419922 0.0742857 0.614746
0 0.972656 0.10381 0.0546875 0.0628571 0.662109
0 0.75293 0.74 0.0390625 0.0361905 0.685547
0 0.803223 0.747619 0.0400391 0.04 0.811035
0 0.960938 0.155238 0.0449219 0.0514286 0.812012
0 0.906738 0.43619 0.0576172 0.110476 0.814941
0 0.658203 0.796191 0.0429688 0.0419048 0.821777
0 0.625488 0.840952 0.0400391 0.04 0.827148
0 0.371582 0.818095 0.0380859 0.0361905 0.827637
0 0.199219 0.850476 0.0351562 0.0514286 0.833984
0 0.634766 0.744762 0.0429688 0.0380952 0.835938
0 0.150879 0.81619 0.0419922 0.0666667 0.838379
0 0.449219 0.809524 0.0371094 0.0342857 0.838379
0 0.297363 0.815238 0.0400391 0.0419048 0.855957
0 0.621094 0.882857 0.0410156 0.04 0.856934
0 0.770508 0.819048 0.0410156 0.0571429 0.863281
0 0.500977 0.80381 0.0410156 0.0380952 0.864746
0 0.338379 0.754286 0.0400391 0.0380952 0.866699
0 0.709961 0.80381 0.0371094 0.0380952 0.868164
0 0.447266 0.752381 0.0351562 0.0380952 0.87207
0 0.575684 0.899048 0.0439453 0.0609524 0.873535
0 0.574707 0.804762 0.0400391 0.04 0.874023
0 0.533691 0.861905 0.0380859 0.0590476 0.879395
0 0.209473 0.8 0.0439453 0.0533333 0.881348
0 0.541504 0.744762 0.0380859 0.0380952 0.884277
0 0.412109 0.862857 0.0429688 0.0419048 0.888672
0 0.498047 0.932381 0.03125 0.0742857 0.890137
0 0.905762 0.138095 0.0419922 0.0666667 0.906738
0 0.133789 0.92 0.0371094 0.0647619 0.916992
