0 0.69043 0.749524 0.0332031 0.04 0.273438
0 0.796875 0.749524 0.0429688 0.047619 0.287598
0 0.495117 0.937143 0.0292969 0.0761905 0.422119
0 0.310547 0.757143 0.0429688 0.047619 0.496826
0 0.119141 0.940952 0.0390625 0.0761905 0.556152
0 0.0976562 0.895238 0.0527344 0.102857 0.575195
0 0.438965 0.808571 0.0341797 0.0361905 0.620605
0 0.364746 0.868571 0.0419922 0.0457143 0.640137
0 0.614258 0.839048 0.0410156 0.0438095 0.724609
0 0.18457 0.858095 0.0371094 0.0552381 0.735352
0 0.495605 0.80381 0.0400391 0.0419048 0.76416
0 0.194824 0.806667 0.0419922 0.0590476 0.791992
0 0.139648 0.830476 0.0410156 0.072381 0.794434
0 0.529785 0.868571 0.0380859 0.0647619 0.797852
0 0.760254 0.811429 0.0400391 0.0533333 0.805176
0 0.358887 0.821905 0.0380859 0.04 0.808105
0 0.563965 0.805714 0.0400391 0.0495238 0.828613
0 0.703613 0.804762 0.0361328 0.0438095 0.831055
0 0.280273 0.817143 0.0429688 0.0495238 0.834961
0 0.511719 0.746667 0.0390625 0.0457143 0.86084
0 0.418945 0.753333 0.0351562 0.0438095 0.861816
