0 0.718262 0.885714 0.0400391 0.0380952 0.305176
0 0.991211 0.173333 0.0175781 0.0419048 0.330811
0 0.137695 0.108571 0.0410156 0.072381 0.431885
1 0.954102 0.0838095 0.0917969 0.0990476 0.600586
0 0.0932617 0.958095 0.0419922 0.072381 0.645508
0 0.0776367 0.921905 0.0361328 0.0685714 0.65625
0 0.709473 0.747619 0.0341797 0.0361905 0.726562
0 0.668945 0.796191 0.0429688 0.0419048 0.741211
0 0.759766 0.740952 0.0390625 0.0342857 0.75
0 0.121582 0.857143 0.0458984 0.08 0.760254
0 0.461426 0.807619 0.0361328 0.0342857 0.782227
0 0.648438 0.841905 0.0410156 0.0380952 0.821777
0 0.172363 0.796191 0.0400391 0.0609524 0.825195
0 0.621094 0.882857 0.0390625 0.04 0.82666
0 0.223633 0.84 0.0332031 0.0419048 0.828613
0 0.650879 0.74381 0.0439453 0.04 0.82959
0 0.392578 0.818095 0.0371094 0.0361905 0.834961
0 0.915039 0.413333 0.0527344 0.118095 0.841309
0 0.235352 0.796191 0.0410156 0.0419048 0.849121
0 0.575684 0.9 0.0439453 0.0590476 0.858398
0 0.320801 0.814286 0.0400391 0.04 0.859375
0 0.575195 0.744762 0.0390625 0.0380952 0.86377
0 0.513672 0.801905 0.0390625 0.0380952 0.86377
0 0.791992 0.840952 0.0410156 0.0628571 0.865234
0 0.720703 0.802857 0.0351562 0.04 0.867188
0 0.153809 0.892381 0.0380859 0.0628571 0.868164
0 0.462402 0.858095 0.0439453 0.0438095 0.870117
0 0.912598 0.118095 0.0458984 0.0685714 0.875977
0 0.806152 0.749524 0.0400391 0.04 0.878418
0 0.488281 0.750476 0.0351562 0.0380952 0.880371
0 0.37793 0.750476 0.0410156 0.0380952 0.881348
0 0.498047 0.929524 0.03125 0.0761905 0.882324
0 0.964844 0.214286 0.0429688 0.047619 0.887695
0 0.545898 0.852381 0.0390625 0.0552381 0.888184
0 0.591309 0.802857 0.0400391 0.04 0.892578
0 0.849609 0.0438095 0.0390625 0.0761905 0.900879
