1 0.966309 0.1 0.0654297 0.0742857 0.273193
0 0.137695 0.107619 0.0410156 0.0742857 0.279541
0 0.941406 0.822857 0.0410156 0.072381 0.285156
0 0.984375 0.913333 0.03125 0.0628571 0.301025
0 0.0649414 0.941905 0.0361328 0.0704762 0.382812
0 0.991211 0.228571 0.015625 0.0380952 0.675293
0 0.701172 0.746667 0.0390625 0.0380952 0.711914
0 0.661621 0.798095 0.0419922 0.0419048 0.74707
0 0.945801 0.144762 0.0439453 0.0533333 0.748047
0 0.756348 0.740952 0.0380859 0.0380952 0.814941
0 0.454102 0.808571 0.0351562 0.0361905 0.820312
0 0.640137 0.744762 0.0419922 0.0419048 0.82373
0 0.15625 0.809524 0.0410156 0.0647619 0.84668
0 0.377441 0.818095 0.0380859 0.0361905 0.848145
0 0.713379 0.802857 0.0361328 0.04 0.852051
0 0.910156 0.429524 0.0566406 0.112381 0.852539
0 0.804688 0.749524 0.0410156 0.04 0.853516
0 0.20752 0.846667 0.0341797 0.047619 0.858887
0 0.140137 0.908571 0.0380859 0.0647619 0.860352
0 0.631836 0.84 0.0410156 0.0380952 0.860352
0 0.431152 0.860952 0.0439453 0.0419048 0.862305
0 0.460938 0.751429 0.0351562 0.0361905 0.864746
0 0.504395 0.80381 0.0400391 0.0380952 0.865723
0 0.352051 0.752381 0.0400391 0.0380952 0.865723
0 0.304199 0.81619 0.0419922 0.04 0.869141
0 0.621582 0.882857 0.0400391 0.04 0.871094
0 0.580078 0.80381 0.0390625 0.0380952 0.875488
0 0.775879 0.82381 0.0400391 0.0590476 0.881348
0 0.553711 0.742857 0.0371094 0.0380952 0.881836
0 0.538086 0.859048 0.0371094 0.0571429 0.883301
0 0.575684 0.899048 0.0439453 0.0609524 0.886719
0 0.497559 0.930476 0.0302734 0.0742857 0.889648
0 0.217285 0.799048 0.0419922 0.047619 0.897461
0 0.885742 0.110476 0.0410156 0.0685714 0.902832
