0 0.575195 0.741905 0.0429688 0.0438095 0.530273
0 0.0791016 0.925714 0.0527344 0.0838095 0.573242
0 0.138184 0.109524 0.0419922 0.0780952 0.606934
0 0.62207 0.885714 0.0390625 0.0419048 0.616211
0 0.666504 0.748571 0.0341797 0.0380952 0.620605
0 0.0947266 0.971429 0.0371094 0.0571429 0.661621
0 0.886719 0.479048 0.0605469 0.0971429 0.736816
0 0.575684 0.901905 0.0439453 0.0590476 0.772949
0 0.728516 0.741905 0.0390625 0.04 0.773438
0 0.164551 0.879048 0.0380859 0.0590476 0.803711
0 0.418945 0.810476 0.0371094 0.04 0.810059
0 0.634277 0.795238 0.0439453 0.0438095 0.823242
0 0.597168 0.841905 0.0419922 0.0419048 0.832031
0 0.493652 0.951429 0.0283203 0.0742857 0.83252
0 0.332031 0.820952 0.0390625 0.0419048 0.842773
0 0.479492 0.80381 0.0390625 0.0380952 0.851074
0 0.692871 0.806667 0.0361328 0.04 0.855957
0 0.174316 0.82 0.0458984 0.0628571 0.861328
0 0.522949 0.875238 0.0361328 0.0628571 0.862305
0 0.287109 0.870476 0.0429688 0.0419048 0.865723
0 0.746582 0.802857 0.0380859 0.0438095 0.868164
0 0.264648 0.76381 0.0410156 0.0457143 0.872559
0 0.12207 0.849524 0.0410156 0.0685714 0.875977
0 0.469727 0.747619 0.0390625 0.0438095 0.875977
0 0.547363 0.806667 0.0419922 0.0438095 0.885742
0 0.26123 0.821905 0.0419922 0.047619 0.888184
0 0.78418 0.748571 0.0429688 0.0457143 0.888672
0 0.372559 0.755238 0.0361328 0.04 0.896973
