0 0.13623 0.9 0.0400391 0.0666667 0.256592
0 0.99707 0.95619 0.00585938 0.0533333 0.286865
0 0.6875 0.778095 0.0371094 0.032381 0.362793
0 0.715332 0.747619 0.0341797 0.0361905 0.364502
0 0.759766 0.740952 0.0371094 0.0342857 0.40332
0 0.72168 0.888571 0.0390625 0.04 0.484863
0 0.69043 0.798095 0.0410156 0.0419048 0.513184
0 0.984375 0.913333 0.0292969 0.0590476 0.585938
0 0.190918 0.855238 0.0380859 0.0571429 0.625488
0 0.92041 0.373333 0.0400391 0.114286 0.641113
0 0.484863 0.806667 0.0341797 0.032381 0.69873
0 0.25 0.75619 0.0390625 0.0419048 0.726074
0 0.254395 0.832381 0.0322266 0.0342857 0.762207
0 0.747559 0.80381 0.0361328 0.0380952 0.800293
0 0.897461 0.0980952 0.0410156 0.0666667 0.822754
0 0.719238 0.84381 0.0400391 0.0419048 0.822754
0 0.667969 0.74381 0.0429688 0.04 0.822754
0 0.429688 0.815238 0.0390625 0.0380952 0.827148
0 0.500977 0.92 0.03125 0.072381 0.82959
0 0.289551 0.799048 0.0400391 0.04 0.840332
0 0.621582 0.882857 0.0400391 0.04 0.841797
0 0.867188 0.88 0.0390625 0.0457143 0.847656
0 0.513672 0.853333 0.0429688 0.0419048 0.848633
0 0.361816 0.814286 0.0400391 0.04 0.852539
0 0.806152 0.749524 0.0400391 0.04 0.859375
0 0.533203 0.800952 0.0390625 0.04 0.870117
0 0.45166 0.747619 0.0400391 0.04 0.872559
0 0.575684 0.9 0.0439453 0.0590476 0.875977
0 0.572754 0.837143 0.0380859 0.047619 0.88623
0 0.542969 0.747619 0.0351562 0.0361905 0.889648
0 0.62207 0.802857 0.0410156 0.04 0.898438
0 0.616211 0.742857 0.0390625 0.0380952 0.898926
0 0.848633 0.0780952 0.0390625 0.08 0.920898
