0 0.137695 0.108571 0.0410156 0.0761905 0.250732
0 0.716309 0.748571 0.0322266 0.0342857 0.260986
0 0.759766 0.740952 0.0371094 0.0342857 0.355469
0 0.678223 0.78381 0.0400391 0.04 0.357422
0 0.984375 0.912381 0.03125 0.0647619 0.400635
0 0.14502 0.833333 0.0478516 0.0780952 0.477783
0 0.681152 0.796191 0.0380859 0.0380952 0.601562
0 0.0942383 0.894286 0.0341797 0.0628571 0.632812
0 0.661621 0.744762 0.0419922 0.0419048 0.716309
0 0.412598 0.81619 0.0400391 0.0361905 0.766113
0 0.115723 0.925714 0.0400391 0.0685714 0.803711
0 0.240723 0.837143 0.0322266 0.0361905 0.805176
0 0.918945 0.392381 0.0449219 0.110476 0.809082
0 0.902344 0.167619 0.0429688 0.0647619 0.815918
0 0.172852 0.873333 0.0410156 0.0666667 0.821777
0 0.621094 0.88381 0.0410156 0.0380952 0.822754
0 0.473633 0.806667 0.0351562 0.032381 0.82373
0 0.494141 0.854286 0.0429688 0.04 0.831055
0 0.203613 0.77619 0.0400391 0.0552381 0.834961
0 0.679199 0.840952 0.0380859 0.04 0.836426
0 0.82666 0.866667 0.0400391 0.0495238 0.836914
0 0.498047 0.926667 0.03125 0.0742857 0.849121
0 0.341797 0.815238 0.0410156 0.0419048 0.849609
0 0.946777 0.146667 0.0400391 0.0533333 0.852539
0 0.806152 0.750476 0.0400391 0.0380952 0.854492
0 0.606934 0.80381 0.0400391 0.0380952 0.85498
0 0.732422 0.80381 0.0351562 0.0380952 0.858887
0 0.26416 0.796191 0.0400391 0.0380952 0.86084
0 0.413086 0.748571 0.0410156 0.0380952 0.86084
0 0.575195 0.9 0.0449219 0.0590476 0.86377
0 0.523438 0.801905 0.0390625 0.0380952 0.868164
0 0.600098 0.744762 0.0400391 0.0380952 0.879395
0 0.519531 0.749524 0.0351562 0.0361905 0.880371
0 0.558594 0.844762 0.0371094 0.0514286 0.880371
0 0.864746 0.0485714 0.0400391 0.0780952 0.881836
