0 0.996582 0.955238 0.00683594 0.0666667 0.298096
0 0.128418 0.850476 0.0400391 0.0666667 0.303711
0 0.820312 0.918095 0.0429688 0.0457143 0.388184
0 0.834961 0.0228571 0.0332031 0.0457143 0.406738
0 0.981934 0.169524 0.0341797 0.0533333 0.529785
0 0.137207 0.108571 0.0400391 0.072381 0.594238
0 0.941895 0.821905 0.0419922 0.0780952 0.646484
0 0.98291 0.908571 0.0341797 0.072381 0.733398
0 0.399414 0.81619 0.0371094 0.0361905 0.733398
0 0.943848 0.20381 0.0439453 0.0533333 0.761719
0 0.0834961 0.912381 0.0341797 0.0647619 0.765137
0 0.672363 0.798095 0.0419922 0.0419048 0.768066
0 0.101074 0.945714 0.0419922 0.0742857 0.775391
0 0.896973 0.0980952 0.0439453 0.0704762 0.798828
0 0.621094 0.882857 0.0410156 0.04 0.800293
0 0.711914 0.746667 0.0332031 0.0380952 0.80127
0 0.466797 0.807619 0.0351562 0.0342857 0.815918
0 0.759766 0.740952 0.0390625 0.0380952 0.817383
0 0.655273 0.74381 0.0429688 0.04 0.828613
0 0.390137 0.750476 0.0400391 0.0380952 0.838867
0 0.724609 0.802857 0.0351562 0.04 0.841797
0 0.574707 0.9 0.0439453 0.0590476 0.854492
0 0.181152 0.789524 0.0400391 0.0552381 0.856445
0 0.329102 0.815238 0.0390625 0.0380952 0.858398
0 0.230469 0.837143 0.03125 0.0361905 0.858887
0 0.91748 0.40381 0.0498047 0.118095 0.860352
0 0.161621 0.88381 0.0400391 0.0647619 0.860352
0 0.474609 0.855238 0.0429688 0.0419048 0.86377
0 0.549316 0.849524 0.0380859 0.0533333 0.868164
0 0.245117 0.795238 0.0410156 0.04 0.868164
0 0.657227 0.840952 0.0410156 0.04 0.869141
0 0.584473 0.742857 0.0400391 0.0380952 0.875
0 0.516602 0.800952 0.0390625 0.04 0.878418
0 0.802246 0.850476 0.0419922 0.0590476 0.879883
0 0.596191 0.802857 0.0400391 0.04 0.881348
0 0.5 0.750476 0.0351562 0.0380952 0.882812
0 0.498047 0.929524 0.03125 0.072381 0.883301
0 0.806152 0.749524 0.0400391 0.04 0.889648
