0 0.996582 0.95619 0.00683594 0.0609524 0.303223
1 0.942871 0.067619 0.112305 0.131429 0.481689
0 0.941895 0.822857 0.0419922 0.0761905 0.48291
0 0.984375 0.913333 0.03125 0.0628571 0.525879
0 0.675293 0.798095 0.0400391 0.0419048 0.569336
0 0.821289 0.919048 0.0429688 0.047619 0.617676
0 0.0883789 0.904762 0.0341797 0.0647619 0.666504
0 0.65918 0.742857 0.0429688 0.0380952 0.729492
0 0.965332 0.159048 0.0419922 0.047619 0.739746
0 0.469238 0.806667 0.0341797 0.032381 0.763184
0 0.880371 0.0752381 0.0419922 0.0780952 0.76709
0 0.135254 0.841905 0.0439453 0.0761905 0.779297
0 0.713867 0.746667 0.0351562 0.0380952 0.792969
0 0.108887 0.937143 0.0419922 0.072381 0.798828
0 0.92334 0.185714 0.0439453 0.0552381 0.803711
0 0.236328 0.837143 0.0351562 0.0361905 0.803711
0 0.759766 0.74 0.0390625 0.0361905 0.810059
0 0.334961 0.814286 0.0410156 0.04 0.821289
0 0.621094 0.882857 0.0410156 0.04 0.832031
0 0.167969 0.87619 0.0390625 0.0647619 0.841309
0 0.406738 0.815238 0.0380859 0.0380952 0.842773
0 0.401367 0.749524 0.0410156 0.0361905 0.848633
0 0.729492 0.80381 0.0351562 0.0380952 0.850098
0 0.253906 0.796191 0.0410156 0.0380952 0.855957
0 0.667969 0.840952 0.0390625 0.04 0.856445
0 0.498535 0.928571 0.0302734 0.0742857 0.86084
0 0.574707 0.9 0.0439453 0.0590476 0.86084
0 0.191406 0.78381 0.0390625 0.0514286 0.86084
0 0.484863 0.854286 0.0439453 0.04 0.867676
0 0.520508 0.800952 0.0390625 0.04 0.870117
0 0.601562 0.802857 0.0410156 0.04 0.87207
0 0.814941 0.860952 0.0419922 0.0533333 0.875488
0 0.593262 0.744762 0.0400391 0.0380952 0.881836
0 0.806152 0.751429 0.0400391 0.04 0.884277
0 0.51123 0.749524 0.0361328 0.0361905 0.885742
0 0.553711 0.846667 0.0371094 0.0514286 0.896973
0 0.917969 0.397143 0.0488281 0.11619 0.90625
