0 0.99707 0.95619 0.00585938 0.0533333 0.272949
0 0.721191 0.886667 0.0400391 0.04 0.280762
0 0.152344 0.82381 0.0449219 0.0742857 0.382568
0 0.137207 0.108571 0.0400391 0.072381 0.418457
0 0.177246 0.869524 0.0439453 0.0742857 0.458496
0 0.984375 0.912381 0.03125 0.0609524 0.566895
0 0.100586 0.884762 0.0332031 0.0590476 0.592285
0 0.759766 0.741905 0.0371094 0.0361905 0.594238
0 0.123535 0.916191 0.0400391 0.0685714 0.597656
0 0.685547 0.799048 0.0351562 0.0361905 0.620117
0 0.850586 0.0285714 0.0410156 0.0571429 0.663086
0 0.919434 0.38381 0.0458984 0.11619 0.696777
0 0.244141 0.835238 0.0332031 0.0361905 0.711914
0 0.664062 0.745714 0.0429688 0.04 0.74707
0 0.929688 0.134286 0.0390625 0.0552381 0.76709
0 0.499512 0.922857 0.0302734 0.0704762 0.77832
0 0.478027 0.806667 0.0341797 0.032381 0.806641
0 0.738281 0.804762 0.0351562 0.0361905 0.818359
0 0.217773 0.769524 0.0390625 0.0495238 0.827637
0 0.426758 0.749524 0.0410156 0.0361905 0.836426
0 0.501953 0.854286 0.0429688 0.04 0.838379
0 0.691895 0.841905 0.0400391 0.0380952 0.838379
0 0.621094 0.882857 0.0410156 0.04 0.844238
0 0.349121 0.814286 0.0400391 0.04 0.847168
0 0.418457 0.815238 0.0380859 0.0380952 0.848145
0 0.272949 0.796191 0.0400391 0.0380952 0.852539
0 0.84082 0.870476 0.0410156 0.0495238 0.853516
0 0.806152 0.750476 0.0400391 0.0380952 0.861816
0 0.526367 0.800952 0.0390625 0.04 0.874512
0 0.574707 0.9 0.0439453 0.0590476 0.875488
0 0.883301 0.140952 0.0419922 0.072381 0.875977
0 0.611328 0.802857 0.0410156 0.04 0.879395
0 0.527832 0.748571 0.0361328 0.0380952 0.888672
0 0.562988 0.841905 0.0380859 0.0495238 0.88916
0 0.606934 0.744762 0.0400391 0.0380952 0.89502
