0 0.921875 0.354286 0.0351562 0.114286 0.309814
0 0.706543 0.796191 0.0458984 0.0457143 0.369873
0 0.806641 0.749524 0.0390625 0.04 0.382568
0 0.0844727 0.165714 0.0458984 0.0609524 0.4375
0 0.25293 0.76381 0.0507812 0.0533333 0.46167
0 0.992188 0.167619 0.0136719 0.0571429 0.465576
0 0.0380859 0.972381 0.0390625 0.0552381 0.482178
0 0.986816 0.107619 0.0263672 0.0438095 0.521973
0 0.984375 0.913333 0.03125 0.0742857 0.589844
0 0.0737305 0.139048 0.0419922 0.0533333 0.618164
0 0.108398 0.872381 0.0410156 0.0761905 0.643555
0 0.761719 0.806667 0.0351562 0.0361905 0.694336
0 0.809082 0.860952 0.0419922 0.0495238 0.719727
0 0.941406 0.822857 0.0410156 0.072381 0.735352
0 0.640625 0.882857 0.0390625 0.0361905 0.787109
0 0.5 0.805714 0.0351562 0.0342857 0.808594
0 0.615234 0.837143 0.0351562 0.032381 0.812988
0 0.668945 0.744762 0.0410156 0.0419048 0.812988
0 0.222656 0.837143 0.0390625 0.047619 0.816895
0 0.16748 0.867619 0.0439453 0.0742857 0.818359
0 0.120605 0.910476 0.0400391 0.0685714 0.818359
0 0.298828 0.83619 0.0351562 0.0342857 0.831543
0 0.347168 0.750476 0.0380859 0.0380952 0.837402
0 0.544922 0.851429 0.0429688 0.0419048 0.839844
0 0.325684 0.8 0.0419922 0.0380952 0.845215
0 0.450684 0.812381 0.0380859 0.0361905 0.851562
0 0.504395 0.909524 0.0302734 0.0742857 0.852539
0 0.548828 0.8 0.0390625 0.0380952 0.857422
0 0.621094 0.74381 0.0390625 0.04 0.863281
0 0.502441 0.746667 0.0400391 0.0380952 0.868164
0 0.575684 0.900952 0.0439453 0.0609524 0.871094
0 0.56543 0.746667 0.0351562 0.0380952 0.87207
0 0.648438 0.802857 0.0410156 0.04 0.872559
0 0.39502 0.813333 0.0400391 0.0419048 0.873535
0 0.895508 0.0790476 0.0449219 0.0742857 0.882812
0 0.942871 0.941905 0.0400391 0.0666667 0.926758
