0 0.990723 0.11619 0.0185547 0.0457143 0.344482
0 0.711426 0.8 0.0400391 0.0419048 0.344971
0 0.870605 0.88381 0.0419922 0.0533333 0.376953
0 0.312012 0.752381 0.0478516 0.0457143 0.452393
0 0.76123 0.805714 0.0341797 0.0380952 0.57373
0 0.0219727 0.17619 0.0439453 0.0552381 0.581055
0 0.921387 0.355238 0.0361328 0.11619 0.62207
0 0.514648 0.804762 0.0332031 0.032381 0.652344
0 0.93457 0.047619 0.0449219 0.072381 0.714844
0 0.101074 0.958095 0.0400391 0.072381 0.722656
0 0.138184 0.886667 0.0400391 0.0666667 0.726074
0 0.950684 0.12381 0.0556641 0.0761905 0.739258
0 0.674805 0.840952 0.0351562 0.0361905 0.763672
0 0.668945 0.74381 0.0410156 0.04 0.765137
0 0.151367 0.822857 0.0410156 0.0685714 0.797852
0 0.185059 0.850476 0.0419922 0.0666667 0.820312
0 0.354492 0.850476 0.03125 0.032381 0.824219
0 0.575684 0.900952 0.0439453 0.0609524 0.840332
0 0.0644531 0.93619 0.0371094 0.0666667 0.841309
0 0.404297 0.751429 0.0390625 0.0361905 0.844238
0 0.572266 0.847619 0.0429688 0.0419048 0.854004
0 0.621094 0.745714 0.0390625 0.04 0.858887
0 0.228027 0.775238 0.0341797 0.0419048 0.863281
0 0.515137 0.746667 0.0400391 0.0380952 0.864746
0 0.335449 0.8 0.0400391 0.0380952 0.867676
0 0.657227 0.802857 0.0410156 0.04 0.868164
0 0.458008 0.812381 0.0371094 0.0361905 0.871582
0 0.505371 0.908571 0.0322266 0.0761905 0.875488
0 0.408203 0.812381 0.0410156 0.04 0.878418
0 0.661133 0.881905 0.0410156 0.0380952 0.881836
0 0.568359 0.8 0.0390625 0.0380952 0.881836
0 0.566406 0.746667 0.0351562 0.0380952 0.887207
0 0.24707 0.829524 0.0390625 0.04 0.890137
