0 0.759766 0.741905 0.0371094 0.0361905 0.358887
0 0.71582 0.749524 0.0332031 0.0361905 0.399658
0 0.806152 0.749524 0.0400391 0.04 0.405029
0 0.898438 0.904762 0.0410156 0.0571429 0.49585
0 0.711426 0.798095 0.0400391 0.0419048 0.546387
0 0.761719 0.804762 0.0351562 0.0361905 0.62207
0 0.96875 0.255238 0.0390625 0.0419048 0.631348
0 0.250488 0.769524 0.0341797 0.0380952 0.680176
0 0.721191 0.887619 0.0400391 0.0419048 0.713379
0 0.668945 0.744762 0.0410156 0.0419048 0.73877
0 0.145508 0.87619 0.0410156 0.0685714 0.739746
0 0.974609 0.102857 0.046875 0.0609524 0.741211
0 0.525879 0.80381 0.0322266 0.0304762 0.74707
0 0.921387 0.354286 0.0361328 0.114286 0.748047
0 0.59668 0.844762 0.0449219 0.0438095 0.762695
0 0.710938 0.842857 0.0332031 0.0361905 0.773438
0 0.34082 0.748571 0.0449219 0.0419048 0.791504
0 0.38916 0.855238 0.0322266 0.0342857 0.805664
0 0.575195 0.9 0.0449219 0.0590476 0.80957
0 0.669922 0.88 0.0410156 0.0380952 0.812012
0 0.339844 0.801905 0.0410156 0.0380952 0.833984
0 0.923828 0.0914286 0.0546875 0.0876191 0.840332
0 0.510254 0.89619 0.0322266 0.0742857 0.841797
0 0.10791 0.945714 0.0380859 0.0666667 0.84668
0 0.621094 0.74381 0.0390625 0.04 0.850098
0 0.192871 0.84 0.0439453 0.0647619 0.860352
0 0.462402 0.812381 0.0380859 0.0361905 0.86084
0 0.173828 0.802857 0.0429688 0.0628571 0.862793
0 0.411621 0.810476 0.0419922 0.04 0.869141
0 0.566406 0.746667 0.0351562 0.0380952 0.871582
0 0.429688 0.751429 0.0371094 0.0361905 0.87207
0 0.580078 0.798095 0.0390625 0.0380952 0.873535
0 0.515137 0.746667 0.0400391 0.0380952 0.873535
0 0.26123 0.826667 0.0380859 0.0380952 0.875
0 0.0795898 0.911429 0.0361328 0.0666667 0.87793
0 0.65918 0.801905 0.0410156 0.0419048 0.879883
