0 0.921387 0.355238 0.0361328 0.11619 0.353271
0 0.152832 0.866667 0.0419922 0.0761905 0.384766
0 0.362793 0.747619 0.0361328 0.04 0.389648
0 0.993164 0.0733333 0.0136719 0.0590476 0.429688
0 0.992188 0.168571 0.015625 0.047619 0.448975
0 0.72168 0.887619 0.0410156 0.0380952 0.481934
0 0.925781 0.232381 0.0351562 0.0457143 0.499756
0 0.760254 0.74381 0.0361328 0.0361905 0.590332
0 0.806152 0.749524 0.0400391 0.04 0.739746
0 0.62207 0.841905 0.0410156 0.0380952 0.755859
0 0.76123 0.80381 0.0341797 0.0380952 0.77002
0 0.534668 0.80381 0.0341797 0.0304762 0.77002
0 0.668945 0.744762 0.0410156 0.0419048 0.791016
0 0.925781 0.933333 0.0429688 0.0685714 0.793945
0 0.746094 0.845714 0.0351562 0.0380952 0.808105
0 0.51709 0.881905 0.0341797 0.072381 0.841309
0 0.113281 0.938095 0.0371094 0.0666667 0.848633
0 0.44873 0.752381 0.0380859 0.0342857 0.855469
0 0.196289 0.790476 0.0429688 0.0571429 0.860352
0 0.415039 0.811429 0.0410156 0.0380952 0.86084
0 0.424316 0.86 0.0322266 0.032381 0.862305
0 0.273926 0.762857 0.0341797 0.0361905 0.864258
0 0.590332 0.8 0.0380859 0.0380952 0.866699
0 0.347168 0.802857 0.0400391 0.0361905 0.867676
0 0.621094 0.744762 0.0390625 0.0380952 0.869629
0 0.674805 0.88 0.0410156 0.0380952 0.870117
0 0.515137 0.746667 0.0400391 0.0380952 0.871094
0 0.205078 0.834286 0.0410156 0.0609524 0.87207
0 0.566406 0.746667 0.0351562 0.0380952 0.875977
0 0.469727 0.811429 0.0390625 0.0342857 0.877441
0 0.273438 0.826667 0.0371094 0.0380952 0.878906
0 0.575684 0.9 0.0439453 0.0628571 0.880371
0 0.659668 0.802857 0.0419922 0.04 0.881348
0 0.949219 0.08 0.046875 0.0685714 0.897949
0 0.0966797 0.881905 0.0371094 0.0685714 0.913086
0 0.895996 0.0495238 0.0556641 0.0952381 0.926758
