1 0.969238 0.224762 0.0595703 0.08 0.277344
0 0.793945 0.859048 0.0410156 0.0457143 0.294434
0 0.76123 0.804762 0.0361328 0.04 0.503418
0 0.984375 0.915238 0.03125 0.0628571 0.532715
0 0.921387 0.35619 0.0361328 0.114286 0.534668
0 0.941406 0.822857 0.0410156 0.0761905 0.571289
0 0.70459 0.795238 0.0458984 0.047619 0.588379
0 0.160156 0.820952 0.0410156 0.0761905 0.592285
0 0.097168 0.889524 0.0419922 0.0761905 0.693848
0 0.117188 0.916191 0.0410156 0.072381 0.767578
0 0.915527 0.104762 0.0458984 0.0685714 0.77832
0 0.163574 0.870476 0.0439453 0.08 0.803711
0 0.668945 0.744762 0.0410156 0.0419048 0.80957
0 0.498047 0.805714 0.0351562 0.0342857 0.826172
0 0.291016 0.835238 0.03125 0.032381 0.82666
0 0.320801 0.8 0.0400391 0.0380952 0.834473
0 0.644043 0.801905 0.0400391 0.0419048 0.844238
0 0.447266 0.814286 0.0390625 0.0361905 0.845215
0 0.634277 0.881905 0.0419922 0.0380952 0.851074
0 0.503906 0.912381 0.0292969 0.072381 0.851562
0 0.54541 0.800952 0.0380859 0.0361905 0.857422
0 0.332031 0.750476 0.0371094 0.0342857 0.857422
0 0.539551 0.852381 0.0419922 0.04 0.85791
0 0.217285 0.84 0.0380859 0.0495238 0.858887
0 0.575195 0.900952 0.0429688 0.0609524 0.860352
0 0.390625 0.812381 0.0410156 0.04 0.861816
0 0.621094 0.745714 0.0390625 0.04 0.869629
0 0.564453 0.746667 0.0351562 0.0380952 0.870117
0 0.496094 0.745714 0.0429688 0.04 0.871582
0 0.60498 0.83619 0.0341797 0.0342857 0.874023
0 0.929688 0.928571 0.0410156 0.0628571 0.895996
