0 0.995117 0.268571 0.00976562 0.0495238 0.343262
0 0.990723 0.211429 0.0185547 0.0419048 0.380615
0 0.712891 0.8 0.0390625 0.0419048 0.401367
0 0.950684 0.962857 0.0439453 0.0704762 0.45459
0 0.781738 0.850476 0.0361328 0.04 0.509277
0 0.805176 0.750476 0.0400391 0.0419048 0.520996
0 0.761719 0.804762 0.0351562 0.04 0.526855
0 0.760254 0.740952 0.0380859 0.0342857 0.581055
0 0.529297 0.865714 0.0371094 0.0666667 0.595703
0 0.984375 0.0714286 0.0292969 0.0514286 0.694336
0 0.668457 0.74381 0.0400391 0.04 0.741211
0 0.54541 0.802857 0.0341797 0.032381 0.788086
0 0.213867 0.781905 0.0429688 0.0514286 0.788574
0 0.88916 0.197143 0.0380859 0.0590476 0.79541
0 0.92041 0.355238 0.0341797 0.112381 0.806641
0 0.650391 0.841905 0.0429688 0.0380952 0.811035
0 0.353027 0.801905 0.0400391 0.0380952 0.837402
0 0.119141 0.929524 0.0390625 0.0685714 0.847656
0 0.596191 0.797143 0.0380859 0.0361905 0.85498
0 0.220703 0.827619 0.0410156 0.0552381 0.856445
0 0.456543 0.860952 0.0322266 0.0304762 0.856934
0 0.675781 0.880952 0.0390625 0.0361905 0.858398
0 0.458008 0.751429 0.0371094 0.0361905 0.859375
0 0.479004 0.811429 0.0380859 0.0342857 0.86084
0 0.515137 0.744762 0.0400391 0.0380952 0.866211
0 0.416992 0.811429 0.0410156 0.0380952 0.866699
0 0.621094 0.744762 0.0390625 0.0380952 0.867676
0 0.295898 0.760952 0.0332031 0.0361905 0.868164
0 0.115234 0.852381 0.0371094 0.0666667 0.871094
0 0.660156 0.801905 0.0410156 0.0419048 0.872559
0 0.575684 0.9 0.0439453 0.0628571 0.874512
0 0.28418 0.826667 0.0371094 0.0380952 0.881836
0 0.970215 0.153333 0.0439453 0.047619 0.885742
0 0.566406 0.746667 0.0351562 0.0380952 0.88623
0 0.924805 0.0495238 0.046875 0.0761905 0.900879
