0 0.996094 0.273333 0.0078125 0.0514286 0.300293
0 0.404785 0.747619 0.0380859 0.04 0.313477
0 0.715332 0.748571 0.0341797 0.0380952 0.33252
0 0.722168 0.886667 0.0400391 0.04 0.36792
0 0.0908203 0.957143 0.0273438 0.047619 0.439453
0 0.993164 0.129524 0.0136719 0.0495238 0.455811
0 0.712402 0.799048 0.0400391 0.04 0.499512
0 0.825195 0.918095 0.0410156 0.0419048 0.51416
0 0.761719 0.80381 0.0351562 0.0419048 0.645996
0 0.759766 0.740952 0.0371094 0.0380952 0.683594
0 0.84082 0.119048 0.0332031 0.0704762 0.700195
0 0.955566 0.0495238 0.0439453 0.0609524 0.725586
0 0.806152 0.749524 0.0400391 0.04 0.733398
0 0.967285 0.860952 0.0439453 0.0838095 0.737793
0 0.921387 0.355238 0.0341797 0.108571 0.746094
0 0.668457 0.744762 0.0419922 0.0419048 0.76123
0 0.552246 0.802857 0.0341797 0.032381 0.77002
0 0.69873 0.840952 0.0419922 0.04 0.781738
0 0.163086 0.847619 0.046875 0.0685714 0.791504
0 0.236816 0.774286 0.0419922 0.0438095 0.800293
0 0.835938 0.869524 0.0371094 0.0438095 0.808594
0 0.546875 0.852381 0.0371094 0.0514286 0.835938
0 0.328613 0.757143 0.0322266 0.032381 0.839355
0 0.955566 0.254286 0.0400391 0.0438095 0.839355
0 0.674805 0.881905 0.0410156 0.0380952 0.845215
0 0.131836 0.910476 0.0371094 0.0647619 0.84668
0 0.23877 0.820952 0.0380859 0.0457143 0.850586
0 0.146973 0.815238 0.0400391 0.0685714 0.855469
0 0.487793 0.862857 0.0322266 0.0342857 0.858398
0 0.599121 0.796191 0.0380859 0.0380952 0.859375
0 0.575195 0.901905 0.0429688 0.0590476 0.861816
0 0.425293 0.810476 0.0400391 0.04 0.86377
0 0.461426 0.751429 0.0380859 0.0361905 0.864746
0 0.621094 0.74381 0.0390625 0.04 0.866699
0 0.515137 0.745714 0.0400391 0.04 0.867676
0 0.36084 0.800952 0.0400391 0.0361905 0.868164
0 0.492676 0.810476 0.0380859 0.0361905 0.868652
0 0.952637 0.187619 0.0439453 0.0552381 0.870117
0 0.297852 0.828571 0.0371094 0.0380952 0.880859
0 0.566406 0.746667 0.0351562 0.0380952 0.884766
0 0.916504 0.112381 0.0458984 0.0685714 0.896973
0 0.659668 0.802857 0.0419922 0.04 0.898438
