0 0.996094 0.124762 0.0078125 0.0552381 0.338867
0 0.410645 0.747619 0.0380859 0.04 0.343994
0 0.714355 0.747619 0.0341797 0.0361905 0.348389
0 0.722168 0.885714 0.0419922 0.0419048 0.36792
0 0.710938 0.800952 0.0429688 0.0438095 0.376953
0 0.774414 0.904762 0.0410156 0.0457143 0.445312
0 0.921387 0.357143 0.0361328 0.112381 0.597656
0 0.851562 0.916191 0.0390625 0.0380952 0.675293
0 0.989746 0.265714 0.0185547 0.04 0.676758
0 0.759277 0.848571 0.0400391 0.04 0.685059
0 0.592773 0.844762 0.0351562 0.032381 0.769043
0 0.668945 0.744762 0.0410156 0.0419048 0.774414
0 0.919434 0.231429 0.0380859 0.0514286 0.785156
0 0.760254 0.741905 0.0380859 0.0361905 0.798828
0 0.553223 0.802857 0.0322266 0.032381 0.805176
0 0.762207 0.804762 0.0361328 0.04 0.810059
0 0.356445 0.758095 0.03125 0.0342857 0.813477
0 0.524414 0.859048 0.0332031 0.0342857 0.841797
0 0.263672 0.818095 0.0410156 0.0438095 0.842285
0 0.339355 0.842857 0.0380859 0.0438095 0.853027
0 0.462891 0.751429 0.0351562 0.0361905 0.853516
0 0.515137 0.746667 0.0400391 0.0380952 0.855469
0 0.938965 0.0876191 0.0458984 0.0647619 0.856445
0 0.509277 0.807619 0.0380859 0.0380952 0.857422
0 0.807129 0.749524 0.0400391 0.0438095 0.860352
0 0.621094 0.745714 0.0390625 0.04 0.861816
0 0.674805 0.880952 0.0410156 0.04 0.862793
0 0.599121 0.797143 0.0380859 0.0361905 0.864746
0 0.277344 0.765714 0.0410156 0.0380952 0.867188
0 0.660156 0.801905 0.0390625 0.0419048 0.874023
0 0.373535 0.802857 0.0419922 0.0361905 0.87793
0 0.959473 0.148571 0.0439453 0.0533333 0.879883
0 0.919922 0.92381 0.0390625 0.0533333 0.880859
0 0.566895 0.746667 0.0341797 0.0380952 0.881348
0 0.875977 0.181905 0.0410156 0.0666667 0.881348
0 0.575684 0.900952 0.0439453 0.0609524 0.881836
0 0.445801 0.810476 0.0400391 0.04 0.887695
0 0.202148 0.775238 0.0390625 0.0533333 0.89209
0 0.877441 0.10381 0.0439453 0.0780952 0.910156
0 0.957031 0.20381 0.0429688 0.0495238 0.92041
