0 0.760254 0.740952 0.0361328 0.0342857 0.501465
0 0.72168 0.886667 0.0410156 0.04 0.53418
0 0.76123 0.802857 0.0361328 0.04 0.58252
0 0.807129 0.749524 0.0400391 0.04 0.58252
0 0.668945 0.74381 0.0410156 0.04 0.624023
0 0.921387 0.355238 0.0361328 0.108571 0.722656
0 0.858398 0.032381 0.0410156 0.0647619 0.76123
0 0.845215 0.916191 0.0419922 0.0419048 0.780762
0 0.974121 0.158095 0.0458984 0.0495238 0.797852
0 0.554199 0.802857 0.0341797 0.032381 0.815918
0 0.258301 0.819048 0.0400391 0.0457143 0.819824
0 0.508301 0.808571 0.0380859 0.0361905 0.824219
0 0.353516 0.758095 0.0332031 0.0342857 0.827637
0 0.580566 0.845714 0.0361328 0.0380952 0.836914
0 0.935059 0.24381 0.0380859 0.0495238 0.851074
0 0.370605 0.802857 0.0400391 0.0361905 0.853027
0 0.675293 0.88 0.0400391 0.0380952 0.854492
0 0.599609 0.798095 0.0390625 0.0380952 0.854492
0 0.514648 0.746667 0.0410156 0.0380952 0.85498
0 0.462402 0.751429 0.0361328 0.0361905 0.859375
0 0.621094 0.74381 0.0390625 0.04 0.861816
0 0.575684 0.899048 0.0439453 0.0609524 0.867676
0 0.269531 0.765714 0.0390625 0.0380952 0.868164
0 0.51709 0.859048 0.0322266 0.0342857 0.869141
0 0.890625 0.200952 0.0410156 0.0628571 0.87207
0 0.191895 0.78 0.0380859 0.0514286 0.873535
0 0.905762 0.910476 0.0361328 0.0457143 0.874023
0 0.32959 0.84 0.0380859 0.0419048 0.874512
0 0.953125 0.1 0.0429688 0.0590476 0.874512
0 0.566406 0.746667 0.0351562 0.0380952 0.881348
0 0.441895 0.810476 0.0400391 0.04 0.882812
0 0.660156 0.802857 0.0410156 0.04 0.884277
0 0.974121 0.211429 0.0419922 0.0495238 0.889648
0 0.890625 0.125714 0.0429688 0.072381 0.901367
