0 0.822754 0.918095 0.0419922 0.0457143 0.311768
0 0.714844 0.747619 0.0332031 0.0361905 0.39209
0 0.402344 0.747619 0.0429688 0.04 0.446533
0 0.712891 0.8 0.0390625 0.0419048 0.447021
0 0.72168 0.887619 0.0390625 0.0380952 0.462402
0 0.759766 0.740952 0.0371094 0.0342857 0.468262
0 0.921387 0.355238 0.0361328 0.108571 0.586914
0 0.963867 0.856191 0.0410156 0.0819048 0.64209
0 0.54248 0.857143 0.0380859 0.0609524 0.666016
0 0.761719 0.804762 0.0351562 0.04 0.668945
0 0.160645 0.851429 0.0458984 0.072381 0.67334
0 0.818848 0.861905 0.0361328 0.04 0.678711
0 0.681641 0.841905 0.0410156 0.0380952 0.716309
0 0.668457 0.744762 0.0419922 0.0419048 0.746582
0 0.806152 0.749524 0.0400391 0.04 0.75
0 0.550781 0.802857 0.0332031 0.032381 0.784668
0 0.22998 0.77619 0.0419922 0.0514286 0.828613
0 0.127441 0.917143 0.0361328 0.0628571 0.82959
0 0.487305 0.811429 0.0371094 0.0342857 0.834961
0 0.233887 0.822857 0.0400391 0.0457143 0.835938
0 0.970215 0.198095 0.0439453 0.0495238 0.838379
0 0.599121 0.797143 0.0380859 0.0361905 0.845215
0 0.421875 0.811429 0.0390625 0.0380952 0.845215
0 0.358398 0.801905 0.0410156 0.0380952 0.845215
0 0.675293 0.881905 0.0400391 0.0380952 0.851562
0 0.317383 0.758095 0.0332031 0.0342857 0.854492
0 0.974121 0.26 0.0400391 0.04 0.856934
0 0.29248 0.827619 0.0361328 0.0361905 0.85791
0 0.515137 0.746667 0.0419922 0.0380952 0.858887
0 0.575195 0.900952 0.0449219 0.0609524 0.86084
0 0.969727 0.0628571 0.0449219 0.0571429 0.861816
0 0.621094 0.74381 0.0390625 0.04 0.865723
0 0.460938 0.751429 0.0390625 0.0361905 0.866699
0 0.479004 0.861905 0.0322266 0.032381 0.867188
0 0.659668 0.802857 0.0400391 0.04 0.869141
0 0.135742 0.826667 0.0390625 0.0685714 0.880371
0 0.566406 0.746667 0.0351562 0.0380952 0.882324
0 0.933594 0.130476 0.0449219 0.0628571 0.883789
