0 0.924805 0.0228571 0.0390625 0.0457143 0.276123
0 0.773438 0.905714 0.0429688 0.0438095 0.353516
0 0.72168 0.885714 0.0410156 0.0419048 0.415283
0 0.740234 0.844762 0.0410156 0.04 0.485596
0 0.839844 0.915238 0.0429688 0.04 0.603516
0 0.806152 0.749524 0.0400391 0.04 0.647461
0 0.921387 0.355238 0.0361328 0.108571 0.650391
0 0.760254 0.740952 0.0380859 0.0342857 0.67334
0 0.809082 0.0314286 0.0322266 0.0628571 0.693848
0 0.76123 0.804762 0.0361328 0.04 0.700195
0 0.668945 0.744762 0.0410156 0.0419048 0.742676
0 0.260742 0.769524 0.0410156 0.0380952 0.753418
0 0.553711 0.80381 0.0332031 0.0304762 0.796387
0 0.253906 0.819048 0.0390625 0.0419048 0.810547
0 0.569824 0.848571 0.0361328 0.04 0.820312
0 0.350098 0.75619 0.0341797 0.0342857 0.837402
0 0.983398 0.165714 0.0332031 0.0495238 0.838379
0 0.952637 0.255238 0.0361328 0.0457143 0.848145
0 0.504395 0.810476 0.0400391 0.0361905 0.848633
0 0.575195 0.900952 0.0449219 0.0609524 0.849609
0 0.985352 0.218095 0.0292969 0.0438095 0.852539
0 0.462402 0.752381 0.0361328 0.0342857 0.852539
0 0.598633 0.798095 0.0390625 0.0342857 0.854492
0 0.509277 0.860952 0.0322266 0.0342857 0.856445
0 0.367676 0.801905 0.0400391 0.0380952 0.859375
0 0.675293 0.88 0.0419922 0.0380952 0.860352
0 0.515137 0.746667 0.0400391 0.0380952 0.860352
0 0.621582 0.74381 0.0380859 0.04 0.862793
0 0.905273 0.218095 0.0410156 0.0590476 0.86377
0 0.966309 0.111429 0.0458984 0.0552381 0.865723
0 0.437988 0.810476 0.0400391 0.04 0.867676
0 0.88916 0.898095 0.0380859 0.0514286 0.868164
0 0.566406 0.746667 0.0351562 0.0380952 0.880371
0 0.660156 0.802857 0.0410156 0.04 0.881836
0 0.90625 0.144762 0.0449219 0.0685714 0.881836
0 0.180664 0.786667 0.0390625 0.0571429 0.882324
0 0.320312 0.83619 0.0371094 0.0419048 0.889648
0 0.871094 0.047619 0.0429688 0.08 0.92041
