0 0.167969 0.820952 0.0546875 0.0685714 0.290771
0 0.410156 0.746667 0.0351562 0.0380952 0.318604
0 0.72168 0.886667 0.0410156 0.04 0.469971
0 0.774414 0.90381 0.0410156 0.047619 0.474365
0 0.768066 0.852381 0.0419922 0.0438095 0.492188
0 0.92041 0.35619 0.0341797 0.110476 0.644043
0 0.711426 0.799048 0.0419922 0.04 0.659668
0 0.989746 0.119048 0.0205078 0.0438095 0.680176
0 0.668457 0.744762 0.0419922 0.0419048 0.749512
0 0.760254 0.740952 0.0380859 0.0342857 0.793945
0 0.764648 0.804762 0.0371094 0.04 0.810059
0 0.606934 0.845714 0.0361328 0.0342857 0.811035
0 0.553711 0.802857 0.0332031 0.032381 0.82373
0 0.903809 0.21619 0.0380859 0.0552381 0.831543
0 0.980469 0.261905 0.0390625 0.0438095 0.844238
0 0.462402 0.751429 0.0361328 0.0361905 0.848633
0 0.357422 0.759048 0.0332031 0.0361905 0.850586
0 0.510254 0.807619 0.0380859 0.0380952 0.852539
0 0.514648 0.746667 0.0410156 0.0380952 0.857422
0 0.659668 0.801905 0.0400391 0.0419048 0.85791
0 0.267578 0.817143 0.0390625 0.0419048 0.858398
0 0.375977 0.800952 0.0410156 0.0361905 0.862793
0 0.621094 0.745714 0.0390625 0.04 0.86377
0 0.674805 0.88 0.0410156 0.0380952 0.865723
0 0.807617 0.750476 0.0410156 0.0419048 0.867188
0 0.532227 0.857143 0.0332031 0.0304762 0.868164
0 0.936523 0.937143 0.0410156 0.0609524 0.868164
0 0.351074 0.847619 0.0361328 0.0419048 0.868652
0 0.283203 0.765714 0.0410156 0.0380952 0.868652
0 0.213867 0.770476 0.0390625 0.0514286 0.870605
0 0.599609 0.797143 0.0390625 0.0361905 0.874512
0 0.925781 0.072381 0.0429688 0.072381 0.875977
0 0.566406 0.746667 0.0351562 0.0380952 0.884766
0 0.449219 0.810476 0.0410156 0.04 0.887695
0 0.575684 0.900952 0.0439453 0.0609524 0.888184
0 0.945312 0.139048 0.0449219 0.0571429 0.888672
0 0.863281 0.16 0.0410156 0.072381 0.88916
0 0.941895 0.192381 0.0419922 0.0571429 0.896484
0 0.863281 0.0780952 0.0429688 0.08 0.915039
