0 0.208984 0.805714 0.0371094 0.0571429 0.259521
0 0.729492 0.786667 0.0410156 0.0419048 0.462646
0 0.785645 0.90381 0.0419922 0.0438095 0.497314
0 0.574707 0.825714 0.0361328 0.047619 0.507324
0 0.769531 0.846667 0.0371094 0.0438095 0.552246
0 0.716797 0.747619 0.0332031 0.0361905 0.581055
0 0.993164 0.219048 0.0136719 0.0419048 0.626953
0 0.921387 0.355238 0.0361328 0.108571 0.654785
0 0.895996 0.0257143 0.0322266 0.0514286 0.685547
0 0.723633 0.887619 0.0410156 0.0380952 0.719727
0 0.248535 0.76 0.0380859 0.0419048 0.779297
0 0.784668 0.741905 0.0419922 0.0438095 0.795898
0 0.830566 0.81619 0.0361328 0.0438095 0.803711
0 0.834473 0.0304762 0.0380859 0.0609524 0.805176
0 0.806641 0.0304762 0.0332031 0.0609524 0.819824
0 0.679688 0.844762 0.0332031 0.032381 0.819824
0 0.902832 0.147619 0.0419922 0.0666667 0.828613
0 0.0317383 0.0914286 0.0439453 0.0419048 0.830078
0 0.671387 0.744762 0.0419922 0.0419048 0.830566
0 0.578613 0.898095 0.0439453 0.0590476 0.833984
0 0.475098 0.944762 0.0244141 0.0838095 0.835938
0 0.462891 0.752381 0.0351562 0.0342857 0.842285
0 0.975098 0.260952 0.0380859 0.0419048 0.842285
0 0.301758 0.762857 0.0410156 0.0361905 0.844238
0 0.510742 0.810476 0.0371094 0.0361905 0.848633
0 0.599121 0.796191 0.0380859 0.0380952 0.852539
0 0.675781 0.88 0.0390625 0.0380952 0.85791
0 0.303223 0.819048 0.0419922 0.0419048 0.864746
0 0.515137 0.746667 0.0400391 0.0380952 0.865723
0 0.402832 0.800952 0.0400391 0.04 0.869141
0 0.477539 0.857143 0.0371094 0.0342857 0.87207
0 0.854004 0.760952 0.0419922 0.047619 0.872559
0 0.116699 0.920952 0.0419922 0.0742857 0.872559
0 0.947754 0.08 0.0458984 0.0609524 0.873535
0 0.621094 0.74381 0.0390625 0.04 0.875
0 0.862305 0.88381 0.046875 0.0571429 0.875488
0 0.467285 0.808571 0.0380859 0.04 0.876953
0 0.660156 0.801905 0.0410156 0.0419048 0.878418
0 0.566406 0.746667 0.0351562 0.0380952 0.882324
0 0.938965 0.129524 0.0419922 0.0609524 0.887695
0 0.845703 0.12381 0.0390625 0.0761905 0.88916
0 0.36084 0.761905 0.0341797 0.0419048 0.901367
0 0.216309 0.882857 0.0439453 0.0552381 0.911133
