0 0.864258 0.0209524 0.0292969 0.0419048 0.2854
0 0.726074 0.797143 0.0419922 0.04 0.408936
0 0.714844 0.746667 0.0351562 0.0380952 0.515137
0 0.92041 0.35619 0.0341797 0.110476 0.583008
0 0.206543 0.810476 0.0400391 0.0628571 0.590332
0 0.756836 0.844762 0.0371094 0.04 0.622559
0 0.67041 0.74381 0.0419922 0.04 0.793457
0 0.568848 0.818095 0.0322266 0.0438095 0.795898
0 0.823242 0.814286 0.0371094 0.0438095 0.79834
0 0.115234 0.922857 0.0429688 0.0780952 0.798828
0 0.0522461 0.0876191 0.0439453 0.0457143 0.808105
0 0.904785 0.0352381 0.0341797 0.0628571 0.810059
0 0.988281 0.269524 0.0234375 0.04 0.811035
0 0.248047 0.76 0.0390625 0.0419048 0.811523
0 0.777344 0.740952 0.0410156 0.0419048 0.820312
0 0.65918 0.844762 0.0332031 0.032381 0.822754
0 0.91748 0.162857 0.0439453 0.0628571 0.82959
0 0.475098 0.946667 0.0244141 0.08 0.84082
0 0.462891 0.752381 0.0351562 0.0342857 0.842285
0 0.51123 0.808571 0.0380859 0.04 0.849609
0 0.300293 0.761905 0.0400391 0.0380952 0.850098
0 0.464844 0.857143 0.0371094 0.0342857 0.858398
0 0.514648 0.746667 0.0410156 0.0380952 0.859375
0 0.675293 0.880952 0.0400391 0.0361905 0.862305
0 0.599121 0.798095 0.0380859 0.0380952 0.865234
0 0.577637 0.898095 0.0439453 0.0590476 0.867188
0 0.300293 0.818095 0.0400391 0.04 0.869141
0 0.466797 0.809524 0.0390625 0.0380952 0.871094
0 0.399414 0.801905 0.0410156 0.0380952 0.872559
0 0.20166 0.891429 0.0439453 0.0609524 0.873535
0 0.849121 0.87619 0.0439453 0.0533333 0.874023
0 0.621094 0.744762 0.0390625 0.0419048 0.874023
0 0.660156 0.802857 0.0410156 0.04 0.876953
0 0.566406 0.746667 0.0351562 0.0380952 0.881836
0 0.846191 0.758095 0.0439453 0.0457143 0.890625
0 0.36084 0.760952 0.0341797 0.04 0.890625
0 0.960938 0.0914286 0.0449219 0.0571429 0.893555
0 0.857422 0.144762 0.0390625 0.072381 0.896973
0 0.84375 0.0409524 0.0371094 0.0819048 0.898438
0 0.81543 0.0485714 0.0332031 0.0704762 0.905762
0 0.952637 0.140952 0.0419922 0.0571429 0.90918
