0 0.408691 0.745714 0.0341797 0.0361905 0.285645
0 0.723633 0.887619 0.0429688 0.0457143 0.448975
0 0.15625 0.877143 0.0351562 0.0628571 0.501465
0 0.713379 0.747619 0.0361328 0.04 0.513184
0 0.92041 0.357143 0.0341797 0.108571 0.51709
0 0.11377 0.925714 0.0439453 0.08 0.540527
0 0.741211 0.84 0.0371094 0.0419048 0.616699
0 0.202148 0.814286 0.0390625 0.0628571 0.700195
0 0.720215 0.794286 0.0439453 0.0419048 0.70752
0 0.870117 0.032381 0.0410156 0.0647619 0.709961
0 0.248047 0.76 0.0390625 0.0419048 0.758789
0 0.67041 0.744762 0.0419922 0.0419048 0.783203
0 0.932129 0.177143 0.0458984 0.0609524 0.818359
0 0.638184 0.845714 0.0302734 0.0304762 0.824219
0 0.772461 0.741905 0.0410156 0.0438095 0.82666
0 0.914551 0.0495238 0.0361328 0.0647619 0.828613
0 0.462891 0.752381 0.0351562 0.0342857 0.833008
0 0.188477 0.9 0.0449219 0.0666667 0.835938
0 0.510742 0.809524 0.0371094 0.0380952 0.836914
0 0.564941 0.815238 0.0341797 0.0419048 0.84082
0 0.837402 0.869524 0.0439453 0.0514286 0.844238
0 0.451172 0.858095 0.0351562 0.0361905 0.849121
0 0.475098 0.950476 0.0244141 0.0838095 0.850098
0 0.81543 0.812381 0.0371094 0.0438095 0.855957
0 0.57666 0.899048 0.0439453 0.0609524 0.857422
0 0.675293 0.88 0.0400391 0.0380952 0.857422
0 0.297363 0.819048 0.0380859 0.0380952 0.861816
0 0.515137 0.746667 0.0400391 0.0380952 0.861816
0 0.299316 0.762857 0.0400391 0.0361905 0.862793
0 0.839844 0.75619 0.0429688 0.0457143 0.86377
0 0.599121 0.798095 0.0380859 0.0380952 0.866211
0 0.466797 0.809524 0.0390625 0.0380952 0.869141
0 0.396973 0.801905 0.0400391 0.0380952 0.872559
0 0.621094 0.744762 0.0390625 0.0419048 0.873047
0 0.0727539 0.0809524 0.0419922 0.047619 0.873047
0 0.972656 0.0990476 0.0449219 0.0533333 0.874023
0 0.659668 0.801905 0.0400391 0.0419048 0.878906
0 0.566406 0.746667 0.0351562 0.0380952 0.880859
0 0.868652 0.165714 0.0400391 0.0685714 0.884277
0 0.82373 0.0704762 0.0341797 0.0761905 0.890625
0 0.36084 0.760952 0.0341797 0.04 0.892578
0 0.965332 0.151429 0.0419922 0.0552381 0.902832
0 0.852539 0.0628571 0.0390625 0.0838095 0.904297
