0 0.723145 0.888571 0.0400391 0.0361905 0.282715
0 0.47168 0.977143 0.0195312 0.0457143 0.352051
0 0.833008 0.0228571 0.0332031 0.0457143 0.472412
0 0.658691 0.77619 0.0341797 0.032381 0.474365
0 0.98291 0.977143 0.0341797 0.0457143 0.508789
0 0.891113 0.0285714 0.0419922 0.0571429 0.51123
0 0.110352 0.929524 0.0429688 0.0838095 0.584473
0 0.138672 0.947619 0.0429688 0.0704762 0.625488
0 0.664551 0.844762 0.0341797 0.0361905 0.703613
0 0.92041 0.355238 0.0341797 0.108571 0.745117
0 0.714355 0.746667 0.0380859 0.0380952 0.747559
0 0.668457 0.74381 0.0419922 0.04 0.753906
0 0.711914 0.798095 0.0449219 0.0457143 0.782715
0 0.95752 0.0980952 0.0361328 0.0514286 0.798828
0 0.76123 0.740952 0.0419922 0.0419048 0.80127
0 0.782227 0.805714 0.0390625 0.0419048 0.804199
0 0.555176 0.80381 0.0341797 0.0304762 0.807617
0 0.567871 0.853333 0.0322266 0.0342857 0.813477
0 0.98584 0.215238 0.0283203 0.0419048 0.818848
0 0.462402 0.752381 0.0361328 0.0342857 0.838379
0 0.660156 0.802857 0.0390625 0.04 0.848145
0 0.385254 0.802857 0.0400391 0.0361905 0.849609
0 0.817383 0.751429 0.0410156 0.04 0.853516
0 0.797363 0.857143 0.0439453 0.0495238 0.855469
0 0.599121 0.797143 0.0380859 0.0361905 0.855469
0 0.927246 0.231429 0.0419922 0.0552381 0.858398
0 0.391113 0.857143 0.0361328 0.0342857 0.861816
0 0.515137 0.746667 0.0400391 0.0380952 0.861816
0 0.675293 0.880952 0.0400391 0.0361905 0.862793
0 0.240723 0.76381 0.0400391 0.0495238 0.862793
0 0.510254 0.808571 0.0380859 0.04 0.866699
0 0.281738 0.818095 0.0380859 0.04 0.869141
0 0.459473 0.809524 0.0419922 0.0419048 0.869141
0 0.292969 0.762857 0.0390625 0.04 0.872559
0 0.621094 0.745714 0.0390625 0.04 0.872559
0 0.575684 0.900952 0.0439453 0.0571429 0.875488
0 0.361816 0.761905 0.0341797 0.0380952 0.876953
0 0.566406 0.746667 0.0351562 0.0380952 0.878418
0 0.863281 0.16 0.0371094 0.0647619 0.884277
0 0.906738 0.0952381 0.0439453 0.0685714 0.887695
0 0.830566 0.0895238 0.0380859 0.08 0.908203
0 0.898926 0.147619 0.0439453 0.0704762 0.911621
