0 0.102051 0.0314286 0.0458984 0.0628571 0.293945
0 0.157227 0.880952 0.0410156 0.0628571 0.445312
0 0.980957 0.274286 0.0380859 0.0647619 0.562988
0 0.901855 0.933333 0.0439453 0.0609524 0.618164
0 0.473145 0.962857 0.0244141 0.0742857 0.703613
0 0.713867 0.747619 0.0371094 0.04 0.75
0 0.244141 0.760952 0.046875 0.0514286 0.758789
0 0.987793 0.111429 0.0244141 0.0438095 0.769531
0 0.92041 0.35619 0.0341797 0.110476 0.777344
0 0.71582 0.798095 0.0410156 0.0419048 0.78125
0 0.112305 0.927619 0.0410156 0.072381 0.781738
0 0.162109 0.922857 0.0449219 0.0666667 0.786133
0 0.559082 0.806667 0.0341797 0.032381 0.802734
0 0.599609 0.848571 0.0332031 0.0361905 0.803711
0 0.668457 0.744762 0.0419922 0.0419048 0.810547
0 0.800781 0.809524 0.0371094 0.0419048 0.833008
0 0.462402 0.752381 0.0361328 0.0342857 0.838379
0 0.81543 0.860952 0.0449219 0.0495238 0.840332
0 0.76416 0.740952 0.0419922 0.0419048 0.840332
0 0.599609 0.797143 0.0371094 0.0361905 0.849609
0 0.391113 0.801905 0.0380859 0.0380952 0.850586
0 0.675293 0.88 0.0400391 0.0380952 0.852539
0 0.935059 0.0761905 0.0361328 0.0533333 0.856934
0 0.510254 0.807619 0.0380859 0.0380952 0.858398
0 0.290039 0.818095 0.0390625 0.04 0.86084
0 0.987305 0.164762 0.0253906 0.0438095 0.861816
0 0.463867 0.810476 0.0390625 0.04 0.861816
0 0.621094 0.74381 0.0390625 0.04 0.865723
0 0.515137 0.746667 0.0419922 0.0380952 0.866699
0 0.88623 0.0609524 0.0419922 0.08 0.868164
0 0.575684 0.900952 0.0439453 0.0609524 0.868164
0 0.82666 0.752381 0.0400391 0.0419048 0.869141
0 0.296387 0.762857 0.0400391 0.0361905 0.869629
0 0.874023 0.107619 0.0410156 0.0780952 0.875977
0 0.36084 0.760952 0.0341797 0.04 0.876953
0 0.566406 0.746667 0.0351562 0.0380952 0.880859
0 0.660156 0.801905 0.0410156 0.0419048 0.882324
0 0.421875 0.857143 0.0351562 0.0342857 0.890137
0 0.842285 0.118095 0.0361328 0.0685714 0.893555
0 0.895996 0.200952 0.0400391 0.0628571 0.896484
0 0.812988 0.04 0.0361328 0.08 0.897949
0 0.960449 0.200952 0.0419922 0.0514286 0.901367
0 0.114746 0.052381 0.0419922 0.0628571 0.904785
