0 0.99707 0.226667 0.00585938 0.0533333 0.302002
0 0.178223 0.855238 0.0400391 0.0647619 0.302246
0 0.212891 0.802857 0.0371094 0.0590476 0.357422
0 0.410156 0.746667 0.0351562 0.0380952 0.434814
0 0.821289 0.749524 0.0371094 0.0438095 0.482178
0 0.73584 0.747619 0.0341797 0.032381 0.563477
0 0.980469 0.161905 0.0390625 0.0457143 0.583984
0 0.129395 0.905714 0.0361328 0.0628571 0.603516
0 0.921387 0.353333 0.0361328 0.112381 0.696777
0 0.76416 0.8 0.0400391 0.0419048 0.716309
0 0.901855 0.0304762 0.0439453 0.0609524 0.726074
0 0.248047 0.76 0.0390625 0.0419048 0.731934
0 0.850098 0.140952 0.0302734 0.0571429 0.751465
0 0.915039 0.931429 0.0449219 0.0761905 0.753906
0 0.727539 0.889524 0.0371094 0.0380952 0.760254
0 0.616211 0.84 0.0332031 0.0304762 0.775879
0 0.797363 0.910476 0.0439453 0.0533333 0.793945
0 0.901367 0.208571 0.0371094 0.0552381 0.80127
0 0.512695 0.809524 0.0390625 0.0380952 0.807617
0 0.753906 0.853333 0.03125 0.0380952 0.810547
0 0.322266 0.818095 0.0371094 0.04 0.819336
0 0.818848 0.857143 0.0361328 0.0419048 0.830566
0 0.463379 0.752381 0.0361328 0.0342857 0.84668
0 0.476074 0.940952 0.0244141 0.08 0.850586
0 0.599609 0.798095 0.0390625 0.0380952 0.852539
0 0.677246 0.744762 0.0419922 0.0419048 0.855469
0 0.675293 0.88 0.0400391 0.0380952 0.86377
0 0.278809 0.865714 0.0400391 0.04 0.864746
0 0.515625 0.746667 0.0410156 0.0380952 0.864746
0 0.410156 0.801905 0.0410156 0.0380952 0.867676
0 0.303711 0.762857 0.0390625 0.0361905 0.868164
0 0.855469 0.0666667 0.0410156 0.0838095 0.870605
0 0.62207 0.74381 0.0390625 0.04 0.870605
0 0.88916 0.775238 0.0458984 0.0571429 0.871094
0 0.678223 0.801905 0.0400391 0.0419048 0.879395
0 0.519531 0.858095 0.0371094 0.0361905 0.880859
0 0.566406 0.746667 0.0351562 0.0380952 0.882324
0 0.466797 0.809524 0.0390625 0.0419048 0.885254
0 0.361328 0.760952 0.0332031 0.04 0.887695
0 0.814941 0.047619 0.0361328 0.0761905 0.889648
0 0.585938 0.895238 0.0429688 0.0533333 0.89209
0 0.894531 0.0733333 0.0429688 0.0742857 0.89502
0 0.858398 0.831429 0.0371094 0.047619 0.896973
0 0.949219 0.195238 0.0429688 0.0552381 0.899902
