0 0.177246 0.856191 0.0458984 0.0742857 0.348389
0 0.408691 0.746667 0.0341797 0.0342857 0.448486
0 0.248047 0.760952 0.0410156 0.0438095 0.569336
0 0.856934 0.868571 0.0361328 0.0419048 0.629883
0 0.921387 0.353333 0.0361328 0.112381 0.700195
0 0.695312 0.845714 0.03125 0.0304762 0.702637
0 0.808594 0.032381 0.0253906 0.0571429 0.729004
0 0.785156 0.751429 0.0351562 0.0361905 0.730957
0 0.600098 0.889524 0.0439453 0.0533333 0.759766
0 0.736816 0.891429 0.0419922 0.0419048 0.765137
0 0.137695 0.894286 0.0390625 0.0666667 0.77832
0 0.870117 0.766667 0.0410156 0.0514286 0.784668
0 0.811035 0.914286 0.0419922 0.0495238 0.793945
0 0.807129 0.804762 0.0419922 0.0438095 0.796387
0 0.981934 0.162857 0.0361328 0.0514286 0.803711
0 0.323242 0.819048 0.0371094 0.0380952 0.810547
0 0.803223 0.864762 0.0341797 0.0457143 0.837402
0 0.96875 0.26381 0.0449219 0.0514286 0.840332
0 0.957031 0.0790476 0.0664062 0.0857143 0.84375
0 0.462402 0.751429 0.0361328 0.0361905 0.844238
0 0.610352 0.797143 0.0390625 0.0361905 0.845215
0 0.674805 0.88 0.0410156 0.0380952 0.848633
0 0.889648 0.127619 0.0410156 0.072381 0.848633
0 0.303223 0.761905 0.0400391 0.0380952 0.855957
0 0.410156 0.801905 0.0410156 0.0380952 0.858398
0 0.357422 0.860952 0.0410156 0.0380952 0.860352
0 0.712891 0.744762 0.0429688 0.0419048 0.860352
0 0.515137 0.744762 0.0419922 0.0380952 0.865723
0 0.475098 0.941905 0.0244141 0.0819048 0.867676
0 0.938477 0.82381 0.0449219 0.0742857 0.868652
0 0.522949 0.807619 0.0400391 0.0380952 0.872559
0 0.945801 0.202857 0.0419922 0.0590476 0.879883
0 0.724609 0.800952 0.0410156 0.0438095 0.881348
0 0.0634766 0.092381 0.0449219 0.0590476 0.881836
0 0.36084 0.760952 0.0341797 0.04 0.883789
0 0.466797 0.808571 0.0390625 0.04 0.883789
0 0.628418 0.744762 0.0380859 0.0419048 0.884277
0 0.566406 0.746667 0.0351562 0.0380952 0.890137
0 0.560059 0.853333 0.0361328 0.0380952 0.893066
0 0.92334 0.12 0.0458984 0.072381 0.895508
0 0.897949 0.859048 0.0419922 0.0647619 0.90918
0 0.840332 0.122857 0.0341797 0.0704762 0.910156
