0 0.24707 0.760952 0.0410156 0.0438095 0.308838
0 0.992188 0.949524 0.015625 0.0780952 0.337402
0 0.808105 0.911429 0.0439453 0.0514286 0.38623
0 0.408691 0.745714 0.0341797 0.0361905 0.582031
0 0.138184 0.893333 0.0400391 0.0685714 0.612793
0 0.850098 0.865714 0.0361328 0.04 0.616211
0 0.921387 0.355238 0.0361328 0.112381 0.637695
0 0.981445 0.269524 0.0371094 0.047619 0.665527
0 0.987305 0.165714 0.0253906 0.0495238 0.733398
0 0.773926 0.750476 0.0341797 0.0342857 0.737305
0 0.815918 0.0542857 0.0283203 0.0590476 0.79541
0 0.733887 0.889524 0.0400391 0.0419048 0.797852
0 0.323242 0.819048 0.0371094 0.0380952 0.803223
0 0.797852 0.802857 0.0410156 0.04 0.804199
0 0.795898 0.860952 0.0332031 0.0380952 0.808105
0 0.677734 0.842857 0.0351562 0.0361905 0.81543
0 0.519531 0.807619 0.0390625 0.0380952 0.830566
0 0.900879 0.144762 0.0400391 0.0685714 0.832031
0 0.967773 0.0876191 0.0605469 0.08 0.840332
0 0.93457 0.132381 0.0449219 0.0666667 0.844238
0 0.702637 0.744762 0.0419922 0.0419048 0.844727
0 0.462891 0.752381 0.0351562 0.0342857 0.845215
0 0.675781 0.88 0.0390625 0.0380952 0.847168
0 0.303223 0.762857 0.0400391 0.0361905 0.854004
0 0.410645 0.801905 0.0400391 0.0380952 0.866699
0 0.958496 0.211429 0.0419922 0.0533333 0.868652
0 0.623047 0.745714 0.0390625 0.04 0.870605
0 0.515137 0.746667 0.0419922 0.0380952 0.871094
0 0.552734 0.854286 0.0371094 0.0361905 0.871582
0 0.597656 0.891429 0.0429688 0.0533333 0.87207
0 0.605469 0.796191 0.0390625 0.0380952 0.872559
0 0.475586 0.941905 0.0253906 0.0819048 0.873047
0 0.341309 0.860952 0.0400391 0.0380952 0.873535
0 0.714844 0.801905 0.0390625 0.0419048 0.875488
0 0.466797 0.808571 0.0390625 0.04 0.882812
0 0.566406 0.746667 0.0351562 0.0380952 0.885742
0 0.852539 0.142857 0.0371094 0.0685714 0.887695
0 0.0839844 0.0771429 0.0449219 0.0666667 0.887695
0 0.888672 0.852381 0.0390625 0.0590476 0.891113
0 0.927246 0.810476 0.0458984 0.0704762 0.89209
0 0.36084 0.760952 0.0341797 0.04 0.900879
