0 0.213379 0.801905 0.0361328 0.0571429 0.300537
0 0.972656 0.908571 0.0507812 0.0876191 0.305664
0 0.895996 0.0209524 0.0361328 0.0419048 0.355469
0 0.831543 0.753333 0.0361328 0.04 0.445312
0 0.146973 0.0266667 0.0439453 0.0533333 0.468018
0 0.410156 0.746667 0.0371094 0.0380952 0.628906
0 0.921387 0.355238 0.0361328 0.108571 0.649902
0 0.247559 0.759048 0.0400391 0.0438095 0.666504
0 0.839844 0.120952 0.0273438 0.0590476 0.678711
0 0.743652 0.746667 0.0341797 0.0342857 0.731934
0 0.989258 0.227619 0.0214844 0.04 0.741211
0 0.809082 0.0352381 0.0341797 0.0704762 0.763184
0 0.135742 0.898095 0.0410156 0.0666667 0.76416
0 0.990234 0.109524 0.0195312 0.0552381 0.780273
0 0.631348 0.841905 0.0322266 0.0304762 0.785156
0 0.729004 0.888571 0.0400391 0.04 0.786621
0 0.799316 0.911429 0.0439453 0.0514286 0.787598
0 0.822754 0.855238 0.0478516 0.0571429 0.806152
0 0.772461 0.798095 0.0410156 0.0419048 0.816406
0 0.766602 0.858095 0.0332031 0.04 0.822266
0 0.322754 0.818095 0.0380859 0.04 0.825195
0 0.970703 0.15619 0.046875 0.0495238 0.825195
0 0.513672 0.809524 0.0390625 0.0380952 0.830566
0 0.303223 0.762857 0.0400391 0.0361905 0.835449
0 0.937012 0.18381 0.0419922 0.0590476 0.840332
0 0.462891 0.752381 0.0351562 0.0342857 0.841309
0 0.599121 0.796191 0.0380859 0.0380952 0.84668
0 0.294434 0.864762 0.0400391 0.0380952 0.848145
0 0.886719 0.194286 0.0371094 0.0571429 0.858887
0 0.410645 0.801905 0.0400391 0.0380952 0.862793
0 0.515137 0.746667 0.0419922 0.0380952 0.864746
0 0.528809 0.857143 0.0361328 0.0342857 0.865723
0 0.475586 0.941905 0.0253906 0.0819048 0.869141
0 0.675293 0.88 0.0400391 0.0380952 0.869141
0 0.681152 0.74381 0.0419922 0.04 0.870117
0 0.896973 0.781905 0.0458984 0.0590476 0.87207
0 0.621094 0.74381 0.0390625 0.04 0.874023
0 0.686035 0.801905 0.0400391 0.0419048 0.874512
0 0.588379 0.895238 0.0439453 0.0533333 0.875977
0 0.467285 0.809524 0.0400391 0.0419048 0.879395
0 0.847168 0.0457143 0.0419922 0.0838095 0.880371
0 0.566406 0.746667 0.0351562 0.0380952 0.883301
0 0.928711 0.951429 0.046875 0.0742857 0.89502
0 0.36084 0.761905 0.0341797 0.0380952 0.898438
0 0.884277 0.0552381 0.0400391 0.0761905 0.904297
0 0.865234 0.834286 0.0390625 0.0533333 0.916016
