0 0.863281 0.869524 0.0371094 0.047619 0.265625
0 0.0449219 0.101905 0.0488281 0.0552381 0.292236
0 0.246094 0.761905 0.0449219 0.0495238 0.313721
0 0.994629 0.12381 0.0107422 0.0571429 0.318359
0 0.40918 0.746667 0.0351562 0.0342857 0.471191
0 0.793457 0.752381 0.0400391 0.0419048 0.588379
0 0.813477 0.915238 0.0410156 0.047619 0.592285
0 0.739258 0.892381 0.0410156 0.0438095 0.601562
0 0.138672 0.894286 0.0390625 0.0666667 0.650879
0 0.712891 0.847619 0.0332031 0.0342857 0.78418
0 0.921387 0.355238 0.0341797 0.108571 0.793457
0 0.80957 0.864762 0.0332031 0.0457143 0.795898
0 0.323242 0.818095 0.0371094 0.04 0.80127
0 0.951172 0.254286 0.046875 0.0552381 0.802734
0 0.527344 0.808571 0.0371094 0.0361905 0.822754
0 0.816406 0.807619 0.0429688 0.0457143 0.828613
0 0.723633 0.744762 0.0429688 0.0419048 0.836914
0 0.97168 0.153333 0.0390625 0.0514286 0.84082
0 0.462891 0.752381 0.0351562 0.0342857 0.845215
0 0.881348 0.773333 0.0419922 0.0533333 0.853027
0 0.303711 0.761905 0.0410156 0.0380952 0.854004
0 0.603027 0.890476 0.0458984 0.0514286 0.855957
0 0.410645 0.801905 0.0400391 0.0380952 0.858398
0 0.949219 0.841905 0.0449219 0.072381 0.86084
0 0.675293 0.88 0.0400391 0.0380952 0.86084
0 0.616211 0.797143 0.0390625 0.0361905 0.862305
0 0.37207 0.858095 0.0410156 0.04 0.862793
0 0.567383 0.852381 0.0371094 0.04 0.868164
0 0.515137 0.746667 0.0419922 0.0380952 0.87207
0 0.634766 0.745714 0.0390625 0.04 0.872559
0 0.475586 0.941905 0.0253906 0.0819048 0.875
0 0.944336 0.067619 0.0625 0.0819048 0.877441
0 0.734863 0.800952 0.0400391 0.04 0.878418
0 0.467773 0.808571 0.0390625 0.04 0.884277
0 0.566406 0.747619 0.0351562 0.0361905 0.890137
0 0.912109 0.105714 0.046875 0.0780952 0.89209
0 0.361328 0.761905 0.0332031 0.0380952 0.892578
0 0.830566 0.0990476 0.0341797 0.072381 0.898438
0 0.933594 0.192381 0.0429688 0.0609524 0.899414
0 0.878418 0.110476 0.0419922 0.0761905 0.90332
0 0.910156 0.875238 0.0390625 0.0628571 0.913086
