0 0.245605 0.76381 0.0478516 0.0495238 0.312012
0 0.900391 0.160952 0.0234375 0.0438095 0.384766
0 0.240723 0.835238 0.0400391 0.0438095 0.462646
0 0.995117 0.224762 0.00976562 0.0457143 0.474854
0 0.40918 0.744762 0.0351562 0.0342857 0.484863
0 0.798828 0.859048 0.0351562 0.0419048 0.661621
0 0.144531 0.887619 0.0429688 0.0685714 0.663086
0 0.921387 0.355238 0.0361328 0.108571 0.695312
0 0.958008 0.859048 0.0390625 0.0685714 0.708496
0 0.819336 0.917143 0.0449219 0.047619 0.716309
0 0.856934 0.771429 0.0400391 0.0495238 0.724609
0 0.567383 0.805714 0.0371094 0.0342857 0.813477
0 0.323242 0.818095 0.0371094 0.04 0.818359
0 0.964844 0.150476 0.0429688 0.0533333 0.82666
0 0.675781 0.798095 0.0390625 0.0380952 0.833008
0 0.950684 0.258095 0.0361328 0.0438095 0.835449
0 0.462891 0.751429 0.0351562 0.0361905 0.835938
0 0.303223 0.761905 0.0400391 0.0380952 0.842773
0 0.523438 0.744762 0.0390625 0.0380952 0.849609
0 0.75293 0.899048 0.0429688 0.0571429 0.855957
0 0.364746 0.76381 0.0341797 0.0419048 0.856445
0 0.411621 0.801905 0.0400391 0.0380952 0.86084
0 0.601562 0.746667 0.0351562 0.0380952 0.862305
0 0.458496 0.853333 0.0400391 0.0380952 0.864258
0 0.928223 0.926667 0.0400391 0.0628571 0.864746
0 0.475586 0.941905 0.0253906 0.0819048 0.866211
0 0.867676 0.892381 0.0341797 0.0514286 0.866211
0 0.79834 0.804762 0.0419922 0.0438095 0.866211
0 0.877441 0.832381 0.0458984 0.0571429 0.868652
0 0.487793 0.809524 0.0400391 0.0380952 0.870117
0 0.788574 0.746667 0.0419922 0.0419048 0.876953
0 0.980469 0.970476 0.0371094 0.0590476 0.87793
0 0.675293 0.88 0.0400391 0.0380952 0.878418
0 0.693848 0.745714 0.0380859 0.04 0.878906
0 0.617676 0.886667 0.0419922 0.0438095 0.884277
0 0.620117 0.838095 0.0371094 0.0380952 0.890137
0 0.90625 0.092381 0.0390625 0.0704762 0.894043
0 0.864258 0.0952381 0.0410156 0.08 0.897949
0 0.858398 0.153333 0.0449219 0.0819048 0.898438
0 0.932617 0.189524 0.0390625 0.0590476 0.90918
0 0.933594 0.0714286 0.0449219 0.0704762 0.916016
