0 0.239746 0.769524 0.0556641 0.0647619 0.250488
0 0.92334 0.32381 0.0283203 0.0419048 0.270264
0 0.888672 0.138095 0.0234375 0.047619 0.273438
0 0.411133 0.746667 0.0390625 0.0380952 0.521973
0 0.92041 0.358095 0.0341797 0.106667 0.53125
0 0.146484 0.886667 0.0410156 0.0666667 0.532715
0 0.986816 0.978095 0.0263672 0.0438095 0.534668
0 0.248047 0.831429 0.0410156 0.047619 0.571289
0 0.753906 0.9 0.0429688 0.0590476 0.773926
0 0.987305 0.22 0.0253906 0.04 0.803711
0 0.574219 0.805714 0.0371094 0.0342857 0.815918
0 0.818848 0.915238 0.0439453 0.0552381 0.818848
0 0.323242 0.818095 0.0371094 0.04 0.820312
0 0.476074 0.939048 0.0244141 0.08 0.827148
0 0.812012 0.86 0.0361328 0.047619 0.834473
0 0.869141 0.781905 0.0390625 0.0514286 0.839355
0 0.462402 0.751429 0.0361328 0.0361905 0.847656
0 0.303223 0.761905 0.0400391 0.0380952 0.854004
0 0.933594 0.247619 0.0351562 0.0457143 0.855469
0 0.496094 0.809524 0.0390625 0.0380952 0.857422
0 0.47168 0.853333 0.0410156 0.0380952 0.858398
0 0.365723 0.764762 0.0341797 0.0438095 0.859375
0 0.799805 0.746667 0.0410156 0.0419048 0.86377
0 0.414551 0.801905 0.0400391 0.0380952 0.864746
0 0.67627 0.88 0.0400391 0.0380952 0.867676
0 0.632324 0.838095 0.0361328 0.0380952 0.868164
0 0.529785 0.746667 0.0380859 0.0380952 0.869141
0 0.888184 0.841905 0.0439453 0.0609524 0.869629
0 0.970215 0.878095 0.0400391 0.0761905 0.870117
0 0.613281 0.745714 0.0351562 0.0361905 0.87207
0 0.896484 0.0790476 0.0390625 0.0704762 0.874512
0 0.620117 0.886667 0.0410156 0.0438095 0.878418
0 0.919434 0.178095 0.0380859 0.0590476 0.880371
0 0.94043 0.940952 0.0410156 0.0685714 0.881348
0 0.882812 0.906667 0.0351562 0.0495238 0.881836
0 0.70459 0.745714 0.0380859 0.04 0.882324
0 0.688965 0.799048 0.0400391 0.04 0.883789
0 0.92334 0.0580952 0.0458984 0.0742857 0.889648
0 0.953613 0.142857 0.0439453 0.0571429 0.890625
0 0.811035 0.808571 0.0419922 0.0438095 0.894043
0 0.854492 0.0733333 0.0410156 0.0857143 0.90918
0 0.845215 0.126667 0.0439453 0.0857143 0.91748
