0 0.808105 0.895238 0.0419922 0.0419048 0.250732
0 0.247559 0.760952 0.0400391 0.0438095 0.259521
0 0.226074 0.841905 0.0439453 0.0457143 0.303711
0 0.993164 0.931429 0.0136719 0.072381 0.390137
0 0.408691 0.744762 0.0341797 0.0342857 0.467773
0 0.836914 0.0257143 0.0332031 0.0514286 0.534668
0 0.921387 0.354286 0.0341797 0.110476 0.555664
0 0.866699 0.027619 0.0361328 0.0552381 0.62207
0 0.141602 0.890476 0.0410156 0.0666667 0.700195
0 0.845215 0.767619 0.0400391 0.0419048 0.716797
0 0.818359 0.917143 0.0429688 0.047619 0.78125
0 0.976074 0.158095 0.0439453 0.0495238 0.814453
0 0.784668 0.802857 0.0439453 0.047619 0.821777
0 0.750488 0.897143 0.0419922 0.0533333 0.822754
0 0.916016 0.913333 0.0390625 0.0552381 0.823242
0 0.323242 0.818095 0.0371094 0.04 0.827148
0 0.559082 0.805714 0.0400391 0.0342857 0.827148
0 0.786133 0.853333 0.0371094 0.0380952 0.829102
0 0.968262 0.265714 0.0361328 0.04 0.833496
0 0.462891 0.752381 0.0351562 0.0342857 0.836914
0 0.867676 0.827619 0.0419922 0.0514286 0.838379
0 0.943848 0.837143 0.0419922 0.0704762 0.853516
0 0.411133 0.800952 0.0390625 0.0361905 0.853516
0 0.663086 0.799048 0.0390625 0.04 0.859863
0 0.303223 0.762857 0.0400391 0.0361905 0.859863
0 0.475098 0.941905 0.0244141 0.0819048 0.861328
0 0.443848 0.855238 0.0400391 0.0380952 0.864746
0 0.519043 0.744762 0.0400391 0.0380952 0.864746
0 0.591797 0.746667 0.0351562 0.0380952 0.866211
0 0.608887 0.840952 0.0380859 0.04 0.868164
0 0.947266 0.201905 0.0390625 0.0533333 0.868164
0 0.683594 0.745714 0.0390625 0.04 0.869629
0 0.674805 0.88 0.0410156 0.0380952 0.87207
0 0.777832 0.745714 0.0419922 0.04 0.872559
0 0.855469 0.884762 0.0332031 0.0438095 0.873047
0 0.615234 0.887619 0.0429688 0.0457143 0.873535
0 0.874512 0.114286 0.0419922 0.08 0.874512
0 0.916992 0.107619 0.0390625 0.0628571 0.878418
0 0.873535 0.178095 0.0458984 0.0780952 0.883789
0 0.364258 0.76381 0.0351562 0.0419048 0.884277
0 0.480469 0.809524 0.0390625 0.0380952 0.89209
0 0.944336 0.0838095 0.0449219 0.0685714 0.892578
0 0.96875 0.95619 0.0371094 0.0685714 0.892578
