0 0.594727 0.968571 0.0449219 0.0438095 0.253662
0 0.0869141 0.974286 0.0371094 0.0514286 0.296875
0 0.152832 0.880952 0.0478516 0.0742857 0.327393
0 0.758301 0.901905 0.0419922 0.0514286 0.366211
0 0.987305 0.169524 0.0234375 0.0419048 0.369873
0 0.831055 0.0238095 0.0332031 0.047619 0.451172
0 0.248047 0.760952 0.0390625 0.0438095 0.55957
0 0.899902 0.027619 0.0380859 0.0552381 0.597656
0 0.972656 0.974286 0.0351562 0.0514286 0.620117
0 0.921387 0.353333 0.0361328 0.112381 0.658203
0 0.819824 0.916191 0.0419922 0.0495238 0.711914
0 0.933105 0.969524 0.0341797 0.0571429 0.75293
0 0.867676 0.0304762 0.0361328 0.0609524 0.766602
0 0.270996 0.82 0.0361328 0.04 0.799316
0 0.683105 0.881905 0.0400391 0.0380952 0.819824
0 0.520996 0.809524 0.0400391 0.0380952 0.827148
0 0.323242 0.818095 0.0371094 0.04 0.831543
0 0.810059 0.0409524 0.0400391 0.0819048 0.833984
0 0.429688 0.801905 0.0410156 0.0380952 0.838379
0 0.899902 0.80381 0.0400391 0.0533333 0.849121
0 0.977051 0.115238 0.0439453 0.0590476 0.849121
0 0.595215 0.805714 0.0380859 0.0342857 0.853516
0 0.476562 0.933333 0.0253906 0.0838095 0.854492
0 0.671387 0.83619 0.0361328 0.0380952 0.859863
0 0.847656 0.820952 0.0429688 0.0495238 0.859863
0 0.51123 0.853333 0.0400391 0.0380952 0.86084
0 0.375488 0.772381 0.0361328 0.0514286 0.861816
0 0.887207 0.200952 0.0361328 0.0552381 0.864746
0 0.651855 0.746667 0.0341797 0.0380952 0.865234
0 0.557129 0.744762 0.0400391 0.0380952 0.866699
0 0.952637 0.20381 0.0419922 0.0495238 0.867676
0 0.303223 0.762857 0.0400391 0.0361905 0.868164
0 0.734863 0.799048 0.0400391 0.0438095 0.869629
0 0.467773 0.752381 0.0371094 0.0380952 0.869629
0 0.735352 0.746667 0.0410156 0.0419048 0.873047
0 0.886719 0.133333 0.0351562 0.0685714 0.873535
0 0.920898 0.110476 0.0449219 0.072381 0.87793
0 0.834473 0.753333 0.0419922 0.0438095 0.879395
0 0.85791 0.881905 0.0361328 0.0495238 0.883789
0 0.624512 0.885714 0.0419922 0.0419048 0.886719
0 0.978027 0.269524 0.0419922 0.0438095 0.887207
0 0.922852 0.87619 0.0449219 0.0685714 0.890137
