0 0.801758 0.0209524 0.0253906 0.0419048 0.255127
0 0.217285 0.845714 0.0380859 0.0457143 0.282715
0 0.903809 0.032381 0.0595703 0.0647619 0.306396
0 0.597168 0.967619 0.0419922 0.0457143 0.330811
0 0.855469 0.822857 0.0410156 0.0495238 0.348389
0 0.409668 0.745714 0.0341797 0.0361905 0.434082
0 0.24707 0.760952 0.0410156 0.0438095 0.486084
0 0.921387 0.355238 0.0361328 0.112381 0.617188
0 0.986328 0.913333 0.0273438 0.0780952 0.647949
0 0.140137 0.893333 0.0439453 0.0685714 0.668457
0 0.902344 0.900952 0.0390625 0.0571429 0.724609
0 0.837402 0.76381 0.0380859 0.0419048 0.729492
0 0.98291 0.161905 0.0341797 0.0457143 0.759766
0 0.98291 0.272381 0.0322266 0.0380952 0.80127
0 0.818848 0.915238 0.0419922 0.0514286 0.810547
0 0.323242 0.818095 0.0371094 0.04 0.82666
0 0.749023 0.89619 0.0429688 0.0514286 0.828125
0 0.552734 0.806667 0.0390625 0.0361905 0.828613
0 0.771484 0.852381 0.0351562 0.04 0.832031
0 0.463379 0.751429 0.0361328 0.0361905 0.836914
0 0.843262 0.878095 0.0341797 0.0419048 0.841309
0 0.410645 0.800952 0.0400391 0.0361905 0.841309
0 0.598633 0.84381 0.0390625 0.0419048 0.84375
0 0.303223 0.761905 0.0400391 0.0380952 0.845703
0 0.475586 0.940952 0.0253906 0.0838095 0.846191
0 0.871582 0.0380952 0.0419922 0.0761905 0.854492
0 0.842285 0.0380952 0.0400391 0.0761905 0.855469
0 0.67334 0.744762 0.0400391 0.0419048 0.856445
0 0.584473 0.746667 0.0361328 0.0380952 0.856934
0 0.652344 0.797143 0.0390625 0.04 0.85791
0 0.957031 0.0952381 0.0449219 0.0609524 0.858398
0 0.960938 0.211429 0.0390625 0.0495238 0.861328
0 0.931152 0.819048 0.0400391 0.0685714 0.862793
0 0.516113 0.746667 0.0400391 0.0380952 0.864746
0 0.773926 0.8 0.0419922 0.0457143 0.864746
0 0.475586 0.810476 0.0410156 0.04 0.87207
0 0.766602 0.745714 0.0410156 0.04 0.874023
0 0.612793 0.887619 0.0419922 0.0457143 0.874512
0 0.674805 0.880952 0.0410156 0.04 0.878418
0 0.958008 0.939048 0.0371094 0.0647619 0.881836
0 0.36377 0.76381 0.0341797 0.0419048 0.885254
0 0.927734 0.118095 0.0390625 0.0609524 0.885254
0 0.429199 0.856191 0.0400391 0.0361905 0.886719
0 0.888672 0.199048 0.046875 0.0742857 0.887695
0 0.884277 0.132381 0.0419922 0.0780952 0.889648
