0 0.409668 0.744762 0.0341797 0.0342857 0.275635
0 0.838867 0.810476 0.0566406 0.0590476 0.36377
0 0.245605 0.761905 0.0458984 0.0495238 0.368164
0 0.208496 0.851429 0.0380859 0.0495238 0.373535
0 0.991211 0.278095 0.0175781 0.0380952 0.592285
0 0.92041 0.35619 0.0341797 0.106667 0.628418
0 0.912109 0.0390476 0.0625 0.0780952 0.711914
0 0.825195 0.759048 0.0390625 0.04 0.721191
0 0.988281 0.165714 0.0234375 0.0419048 0.770996
0 0.819824 0.917143 0.0419922 0.0514286 0.786133
0 0.758301 0.849524 0.0322266 0.0380952 0.786621
0 0.54541 0.806667 0.0380859 0.0361905 0.803711
0 0.323242 0.818095 0.0371094 0.04 0.818848
0 0.746094 0.89619 0.0410156 0.047619 0.819336
0 0.139648 0.893333 0.0429688 0.072381 0.833496
0 0.302734 0.761905 0.0410156 0.0380952 0.836426
0 0.833008 0.874286 0.0332031 0.0419048 0.84375
0 0.889648 0.891429 0.0410156 0.0571429 0.845215
0 0.410645 0.800952 0.0400391 0.0361905 0.84668
0 0.462891 0.751429 0.0351562 0.0361905 0.849609
0 0.975586 0.219048 0.0371094 0.0419048 0.851562
0 0.61084 0.888571 0.0419922 0.047619 0.852539
0 0.917969 0.80381 0.0429688 0.0647619 0.856445
0 0.762695 0.800952 0.0410156 0.0438095 0.856445
0 0.664062 0.744762 0.0390625 0.0419048 0.86084
0 0.590332 0.846667 0.0380859 0.0438095 0.864746
0 0.415039 0.855238 0.0410156 0.0380952 0.865723
0 0.475586 0.941905 0.0253906 0.0819048 0.867188
0 0.515137 0.744762 0.0400391 0.0380952 0.867676
0 0.756348 0.744762 0.0419922 0.0419048 0.868652
0 0.674805 0.880952 0.0410156 0.04 0.870117
0 0.969727 0.104762 0.0449219 0.0571429 0.870605
0 0.641602 0.796191 0.0410156 0.0380952 0.872559
0 0.362793 0.76381 0.0341797 0.0419048 0.873535
0 0.805664 0.032381 0.0332031 0.0647619 0.874512
0 0.578125 0.746667 0.0351562 0.0380952 0.875977
0 0.849609 0.0533333 0.0390625 0.08 0.885742
0 0.472656 0.808571 0.0390625 0.04 0.887695
0 0.938477 0.129524 0.0390625 0.0609524 0.887695
0 0.980469 0.895238 0.0390625 0.08 0.891602
0 0.946289 0.922857 0.0371094 0.0628571 0.893555
0 0.904297 0.217143 0.046875 0.0685714 0.89502
0 0.89502 0.149524 0.0439453 0.0742857 0.898438
0 0.881348 0.0542857 0.0419922 0.0819048 0.90332
