0 0.245605 0.761905 0.0458984 0.0495238 0.297119
0 0.819824 0.916191 0.0439453 0.0495238 0.395508
0 0.835938 0.0247619 0.0351562 0.0495238 0.505371
0 0.177246 0.871429 0.0439453 0.0628571 0.614746
0 0.0991211 0.96381 0.0341797 0.0609524 0.618164
0 0.971191 0.212381 0.0400391 0.0438095 0.669922
0 0.869629 0.0266667 0.0361328 0.0533333 0.685547
0 0.921387 0.353333 0.0361328 0.112381 0.710938
0 0.989258 0.274286 0.0214844 0.0342857 0.722656
0 0.987305 0.972381 0.0253906 0.0552381 0.724609
0 0.897461 0.0733333 0.0234375 0.047619 0.737305
0 0.988281 0.109524 0.0234375 0.047619 0.76123
0 0.668457 0.805714 0.0380859 0.0380952 0.786133
0 0.57959 0.851429 0.0400391 0.0380952 0.80957
0 0.63623 0.746667 0.0400391 0.0380952 0.812988
0 0.636719 0.882857 0.0429688 0.0438095 0.815918
0 0.280273 0.819048 0.0371094 0.0419048 0.820801
0 0.424805 0.795238 0.0351562 0.0361905 0.821777
0 0.766113 0.905714 0.0400391 0.047619 0.822754
0 0.806641 0.0304762 0.03125 0.0609524 0.82373
0 0.959473 0.880952 0.0400391 0.0742857 0.835938
0 0.527344 0.751429 0.0371094 0.0361905 0.849121
0 0.76123 0.841905 0.0380859 0.0419048 0.851074
0 0.720215 0.742857 0.0361328 0.0380952 0.85498
0 0.34082 0.818095 0.0390625 0.04 0.857422
0 0.700195 0.881905 0.0410156 0.0419048 0.85791
0 0.303223 0.761905 0.0400391 0.0380952 0.872559
0 0.481445 0.9 0.0292969 0.0819048 0.874023
0 0.568359 0.810476 0.0410156 0.04 0.878418
0 0.810547 0.752381 0.0390625 0.0419048 0.878906
0 0.486328 0.80381 0.0390625 0.0380952 0.880371
0 0.907227 0.795238 0.0449219 0.0628571 0.890625
0 0.91748 0.0504762 0.0439453 0.0780952 0.891113
0 0.882812 0.134286 0.0429688 0.0704762 0.896484
0 0.834961 0.828571 0.0449219 0.0571429 0.896484
0 0.880371 0.191429 0.0458984 0.0704762 0.905273
0 0.918457 0.88 0.0439453 0.072381 0.932129
