0 0.963379 0.0647619 0.0263672 0.0419048 0.357422
0 0.928223 0.834286 0.0361328 0.0533333 0.488037
0 0.819336 0.916191 0.0429688 0.0495238 0.546387
0 0.24707 0.76 0.0410156 0.0457143 0.594238
0 0.0917969 0.972381 0.0351562 0.0552381 0.603516
0 0.628418 0.882857 0.0419922 0.0438095 0.634766
0 0.904785 0.927619 0.0341797 0.0571429 0.751953
0 0.762695 0.901905 0.0410156 0.0514286 0.763184
0 0.163086 0.878095 0.046875 0.0647619 0.77832
0 0.27832 0.819048 0.0371094 0.0419048 0.791992
0 0.626953 0.805714 0.0390625 0.0342857 0.796875
0 0.596191 0.745714 0.0400391 0.0361905 0.803711
0 0.546875 0.852381 0.0390625 0.0361905 0.82373
0 0.690918 0.880952 0.0400391 0.0361905 0.826172
0 0.323242 0.818095 0.0371094 0.04 0.827637
0 0.685547 0.746667 0.0351562 0.0380952 0.832031
0 0.92041 0.355238 0.0341797 0.108571 0.84375
0 0.455566 0.80381 0.0400391 0.0380952 0.844238
0 0.395996 0.785714 0.0361328 0.047619 0.849609
0 0.713379 0.837143 0.0380859 0.04 0.850098
0 0.488281 0.751429 0.0390625 0.0361905 0.858398
0 0.78418 0.810476 0.0449219 0.0514286 0.860352
0 0.867188 0.765714 0.0449219 0.0533333 0.863281
0 0.54541 0.809524 0.0400391 0.0380952 0.866699
0 0.843262 0.12381 0.0341797 0.0685714 0.87207
0 0.303223 0.762857 0.0400391 0.0361905 0.873047
0 0.479004 0.915238 0.0263672 0.0819048 0.879395
0 0.960938 0.928571 0.0429688 0.0742857 0.881836
0 0.770508 0.747619 0.0390625 0.04 0.882324
0 0.942383 0.0847619 0.0449219 0.0704762 0.884277
0 0.916504 0.178095 0.0419922 0.0590476 0.898438
0 0.885254 0.844762 0.0419922 0.0590476 0.901855
0 0.85791 0.0733333 0.0361328 0.0780952 0.90332
0 0.928223 0.242857 0.0458984 0.0590476 0.904785
0 0.891113 0.0657143 0.0419922 0.0819048 0.917969
