0 0.862793 0.02 0.0205078 0.04 0.256592
0 0.245605 0.761905 0.0439453 0.0457143 0.390137
0 0.465332 0.747619 0.0341797 0.0361905 0.506836
0 0.898438 0.0295238 0.0429688 0.0590476 0.56543
0 0.921387 0.35619 0.0341797 0.106667 0.604004
0 0.710449 0.804762 0.0380859 0.04 0.645508
0 0.299316 0.81619 0.0419922 0.04 0.657715
0 0.818848 0.915238 0.0458984 0.0514286 0.657715
0 0.647461 0.881905 0.0410156 0.0419048 0.727051
0 0.708008 0.882857 0.0410156 0.0438095 0.733398
0 0.208008 0.855238 0.0410156 0.0533333 0.818359
0 0.458496 0.8 0.0341797 0.0342857 0.82373
0 0.952148 0.255238 0.0371094 0.0495238 0.825684
0 0.806152 0.852381 0.0400391 0.047619 0.833008
0 0.927734 0.185714 0.0390625 0.0552381 0.838867
0 0.37207 0.81619 0.0390625 0.04 0.847168
0 0.760742 0.742857 0.0351562 0.0380952 0.848145
0 0.57373 0.750476 0.0380859 0.0342857 0.850586
0 0.674316 0.745714 0.0400391 0.04 0.853516
0 0.516113 0.801905 0.0400391 0.0380952 0.870117
0 0.317871 0.761905 0.0400391 0.0380952 0.870605
0 0.610352 0.849524 0.0410156 0.0380952 0.872559
0 0.166992 0.0266667 0.0410156 0.0533333 0.87793
0 0.481934 0.895238 0.0302734 0.0838095 0.880371
0 0.116211 0.94 0.0332031 0.0590476 0.881836
0 0.959961 0.0876191 0.0390625 0.0533333 0.884277
0 0.952148 0.84381 0.0449219 0.072381 0.889648
0 0.869629 0.847619 0.0419922 0.0571429 0.897461
0 0.834473 0.108571 0.0419922 0.0838095 0.901367
0 0.953125 0.93619 0.0429688 0.0780952 0.901855
0 0.59668 0.808571 0.0410156 0.04 0.902832
0 0.850098 0.76381 0.0400391 0.0495238 0.909668
0 0.853516 0.0733333 0.0390625 0.0819048 0.936523
