0 0.943848 0.975238 0.0341797 0.0495238 0.270264
0 0.994629 0.112381 0.0107422 0.0457143 0.512207
0 0.819824 0.916191 0.0439453 0.0495238 0.612793
0 0.98291 0.217143 0.0341797 0.0457143 0.667969
0 0.170898 0.875238 0.0410156 0.0628571 0.67334
0 0.910156 0.0876191 0.0253906 0.0495238 0.693848
0 0.921387 0.355238 0.0341797 0.112381 0.720703
0 0.632812 0.882857 0.0429688 0.0438095 0.727051
0 0.332031 0.818095 0.0371094 0.0438095 0.751465
0 0.0957031 0.968571 0.0332031 0.0590476 0.75293
0 0.765137 0.905714 0.0400391 0.047619 0.773438
0 0.415039 0.793333 0.0351562 0.04 0.807617
0 0.279785 0.819048 0.0361328 0.0419048 0.808105
0 0.949219 0.86381 0.0371094 0.0704762 0.811035
0 0.568848 0.852381 0.0400391 0.0361905 0.811035
0 0.655762 0.80381 0.0400391 0.0380952 0.815918
0 0.622559 0.745714 0.0400391 0.04 0.825195
0 0.745117 0.839048 0.0371094 0.0438095 0.839844
0 0.708984 0.74381 0.0351562 0.0361905 0.84082
0 0.511719 0.752381 0.0371094 0.0342857 0.843262
0 0.981934 0.962857 0.0361328 0.0742857 0.853516
0 0.925781 0.0628571 0.0429688 0.0761905 0.855957
0 0.561035 0.809524 0.0400391 0.0380952 0.868164
0 0.476074 0.80381 0.0400391 0.0380952 0.869141
0 0.303223 0.761905 0.0400391 0.0380952 0.874023
0 0.796875 0.748571 0.0390625 0.0419048 0.876465
0 0.697266 0.880952 0.0410156 0.04 0.87793
0 0.843262 0.0342857 0.0361328 0.0685714 0.882812
0 0.818848 0.820952 0.0419922 0.0533333 0.884766
0 0.480469 0.902857 0.0292969 0.0838095 0.88623
0 0.893066 0.781905 0.0439453 0.0590476 0.888184
0 0.874023 0.0361905 0.0410156 0.072381 0.890625
0 0.817871 0.0571429 0.0322266 0.0685714 0.895996
0 0.907715 0.867619 0.0419922 0.0666667 0.898438
0 0.895996 0.211429 0.0458984 0.0647619 0.900879
0 0.894531 0.150476 0.0429688 0.0647619 0.90918
