0 0.474121 0.97619 0.0185547 0.047619 0.323975
0 0.212402 0.8 0.0361328 0.0571429 0.327393
0 0.819824 0.918095 0.0439453 0.0457143 0.429932
0 0.441895 0.745714 0.0322266 0.032381 0.479736
0 0.92041 0.357143 0.0341797 0.108571 0.668945
0 0.247559 0.760952 0.0400391 0.0438095 0.721191
0 0.683105 0.804762 0.0380859 0.04 0.726074
0 0.285156 0.818095 0.0371094 0.04 0.759277
0 0.639648 0.882857 0.0410156 0.04 0.76416
0 0.187988 0.862857 0.0419922 0.0571429 0.780762
0 0.981445 0.268571 0.0371094 0.0419048 0.79248
0 0.957031 0.20381 0.0390625 0.0495238 0.797852
0 0.703125 0.881905 0.0429688 0.0419048 0.803711
0 0.590332 0.850476 0.0380859 0.0361905 0.808594
0 0.970703 0.901905 0.0390625 0.0704762 0.813477
0 0.437012 0.798095 0.0322266 0.0342857 0.815918
0 0.981445 0.10381 0.0371094 0.0552381 0.822266
0 0.349609 0.81619 0.0410156 0.04 0.827148
0 0.648926 0.747619 0.0400391 0.04 0.835938
0 0.577637 0.809524 0.0400391 0.0380952 0.841309
0 0.766113 0.904762 0.0419922 0.0495238 0.850098
0 0.104492 0.957143 0.0332031 0.0552381 0.855957
0 0.733398 0.744762 0.0351562 0.0380952 0.859863
0 0.776367 0.845714 0.0371094 0.0457143 0.863281
0 0.496582 0.802857 0.0400391 0.0361905 0.872559
0 0.305176 0.762857 0.0400391 0.04 0.876465
0 0.87207 0.114286 0.0410156 0.072381 0.879883
0 0.910645 0.04 0.0439453 0.0761905 0.883789
0 0.481934 0.898095 0.0302734 0.0819048 0.885742
0 0.54248 0.751429 0.0380859 0.0361905 0.885742
0 0.86377 0.167619 0.0439453 0.0761905 0.88916
0 0.850098 0.83619 0.0419922 0.0533333 0.893066
0 0.824219 0.755238 0.0410156 0.0438095 0.895508
0 0.929688 0.895238 0.0429688 0.072381 0.922363
0 0.921875 0.807619 0.046875 0.0685714 0.930664
