0 0.993164 0.918095 0.0136719 0.0761905 0.27832
0 0.819336 0.915238 0.0410156 0.047619 0.290771
0 0.474609 0.971429 0.0195312 0.0571429 0.337891
0 0.246094 0.761905 0.0449219 0.0495238 0.412842
0 0.712891 0.88381 0.0410156 0.0457143 0.468018
0 0.921387 0.355238 0.0341797 0.108571 0.500977
0 0.147461 0.901905 0.0332031 0.0552381 0.733398
0 0.760742 0.80381 0.0371094 0.0419048 0.769043
0 0.635742 0.847619 0.0390625 0.0380952 0.791992
0 0.350098 0.807619 0.0419922 0.0380952 0.80127
0 0.723145 0.741905 0.0400391 0.04 0.819824
0 0.643555 0.804762 0.0410156 0.04 0.826172
0 0.98291 0.102857 0.0341797 0.0533333 0.829102
0 0.259766 0.832381 0.0449219 0.0457143 0.831055
0 0.958496 0.195238 0.0361328 0.0438095 0.833008
0 0.633789 0.751429 0.0371094 0.04 0.847168
0 0.163086 0.0247619 0.0371094 0.0495238 0.851562
0 0.919922 0.0466667 0.0390625 0.0590476 0.852539
0 0.810059 0.746667 0.0341797 0.0380952 0.854004
0 0.978516 0.150476 0.0390625 0.0457143 0.855469
0 0.406738 0.81619 0.0380859 0.04 0.856934
0 0.898438 0.207619 0.0371094 0.0571429 0.858398
0 0.881836 0.126667 0.0371094 0.0666667 0.860352
0 0.661133 0.880952 0.0410156 0.04 0.861816
0 0.552246 0.801905 0.0400391 0.0380952 0.874512
0 0.367676 0.761905 0.0400391 0.0380952 0.875977
0 0.483887 0.884762 0.0302734 0.0857143 0.876953
0 0.970215 0.255238 0.0419922 0.0495238 0.880859
0 0.498047 0.807619 0.0351562 0.0380952 0.881348
0 0.88916 0.789524 0.0439453 0.0590476 0.898438
0 0.0546875 0.129524 0.0410156 0.0495238 0.904785
0 0.84375 0.872381 0.0390625 0.0533333 0.915039
0 0.881836 0.857143 0.0410156 0.0609524 0.921387
