0 0.00488281 0.159048 0.00976562 0.04 0.285645
0 0.475586 0.970476 0.0195312 0.0590476 0.441406
0 0.819824 0.915238 0.0419922 0.0514286 0.449219
0 0.25293 0.759048 0.0390625 0.0438095 0.532715
0 0.903809 0.0285714 0.0400391 0.0571429 0.703613
0 0.921387 0.355238 0.0361328 0.108571 0.708008
0 0.370117 0.805714 0.0351562 0.0380952 0.719727
0 0.666016 0.882857 0.0390625 0.0361905 0.768555
0 0.781738 0.804762 0.0400391 0.04 0.805664
0 0.51709 0.814286 0.0341797 0.0361905 0.830566
0 0.646973 0.845714 0.0400391 0.0380952 0.830566
0 0.668457 0.804762 0.0400391 0.04 0.831543
0 0.288574 0.825714 0.0419922 0.0438095 0.833496
0 0.928223 0.173333 0.0341797 0.0495238 0.836914
0 0.664062 0.750476 0.0371094 0.0380952 0.836914
0 0.169434 0.88381 0.0341797 0.0533333 0.840332
0 0.746582 0.742857 0.0400391 0.0380952 0.84375
0 0.396484 0.761905 0.0390625 0.0342857 0.849121
0 0.861816 0.092381 0.0341797 0.0666667 0.853516
0 0.945312 0.127619 0.0390625 0.0533333 0.857422
0 0.416504 0.81619 0.0380859 0.04 0.864258
0 0.57666 0.8 0.0400391 0.0380952 0.869141
0 0.82666 0.751429 0.0361328 0.04 0.878906
0 0.484863 0.877143 0.0302734 0.0857143 0.885254
0 0.967773 0.0876191 0.0449219 0.0609524 0.889648
0 0.873535 0.173333 0.0380859 0.0609524 0.893555
0 0.851562 0.879048 0.0390625 0.0514286 0.895508
0 0.899902 0.8 0.0419922 0.0609524 0.902344
0 0.942871 0.239048 0.0419922 0.0590476 0.914551
0 0.10791 0.0790476 0.0380859 0.0590476 0.918457
0 0.881836 0.857143 0.0410156 0.0609524 0.924805
