0 0.819824 0.915238 0.0439453 0.0514286 0.406982
0 0.619141 0.747619 0.046875 0.04 0.522461
0 0.994629 0.114286 0.0107422 0.0457143 0.59375
0 0.828125 0.814286 0.0390625 0.04 0.671875
0 0.242676 0.772381 0.0400391 0.0552381 0.709961
0 0.668945 0.881905 0.0410156 0.0380952 0.767578
0 0.924805 0.168571 0.0410156 0.0590476 0.807617
0 0.386719 0.805714 0.0371094 0.0380952 0.811035
0 0.330078 0.819048 0.0390625 0.0419048 0.825684
0 0.652344 0.799048 0.0410156 0.04 0.836914
0 0.92041 0.355238 0.0341797 0.112381 0.839355
0 0.722656 0.746667 0.0390625 0.0419048 0.840332
0 0.690918 0.842857 0.0400391 0.04 0.847656
0 0.578613 0.828571 0.0341797 0.0342857 0.850586
0 0.431152 0.81619 0.0380859 0.04 0.852051
0 0.222656 0.852381 0.0351562 0.0438095 0.85498
0 0.941895 0.240952 0.0419922 0.0552381 0.859375
0 0.924316 0.0371429 0.0439453 0.0742857 0.860352
0 0.789062 0.740952 0.0410156 0.0380952 0.862305
0 0.727539 0.800952 0.0410156 0.0438095 0.868164
0 0.296387 0.750476 0.0380859 0.0380952 0.868652
0 0.482422 0.940952 0.0273438 0.0685714 0.869629
0 0.859863 0.885714 0.0419922 0.0609524 0.876465
0 0.481934 0.761905 0.0400391 0.0342857 0.876465
0 0.950195 0.127619 0.0449219 0.0609524 0.879395
0 0.873535 0.0333333 0.0380859 0.0666667 0.880371
0 0.491211 0.854286 0.0332031 0.0857143 0.891602
0 0.867188 0.0933333 0.0351562 0.0647619 0.902832
0 0.850586 0.760952 0.0371094 0.047619 0.903809
0 0.882324 0.857143 0.0419922 0.0609524 0.912598
0 0.817871 0.0552381 0.0322266 0.072381 0.914551
0 0.878906 0.173333 0.0429688 0.072381 0.92041
0 0.904785 0.804762 0.0419922 0.0666667 0.932617
