0 0.475586 0.971429 0.0195312 0.0571429 0.320557
0 0.712891 0.884762 0.0410156 0.0438095 0.335938
0 0.818848 0.914286 0.0419922 0.0495238 0.443359
0 0.533691 0.747619 0.0458984 0.04 0.497559
0 0.364258 0.806667 0.0371094 0.0361905 0.645508
0 0.249512 0.76 0.0400391 0.0419048 0.666504
0 0.921387 0.355238 0.0341797 0.108571 0.691895
0 0.15918 0.892381 0.0351562 0.0552381 0.695312
0 0.771484 0.806667 0.0390625 0.04 0.773438
0 0.912109 0.0352381 0.0390625 0.0666667 0.791992
0 0.640625 0.845714 0.0410156 0.0380952 0.803711
0 0.649902 0.751429 0.0361328 0.04 0.821777
0 0.871582 0.112381 0.0361328 0.0685714 0.828613
0 0.943848 0.187619 0.0361328 0.047619 0.828613
0 0.655762 0.80381 0.0419922 0.0419048 0.830566
0 0.410645 0.817143 0.0380859 0.0380952 0.833496
0 0.734863 0.741905 0.0400391 0.04 0.835449
0 0.507324 0.809524 0.0341797 0.0419048 0.836914
0 0.273438 0.830476 0.0410156 0.0457143 0.838867
0 0.664062 0.881905 0.0410156 0.0380952 0.865234
0 0.962402 0.140952 0.0400391 0.0495238 0.869629
0 0.136719 0.0514286 0.0371094 0.0609524 0.877441
0 0.5625 0.800952 0.0410156 0.04 0.878418
0 0.885742 0.191429 0.0390625 0.0590476 0.878418
0 0.381836 0.761905 0.0410156 0.0380952 0.884277
0 0.977051 0.0952381 0.0439453 0.0571429 0.886719
0 0.483887 0.880952 0.0302734 0.0857143 0.893555
0 0.819824 0.749524 0.0361328 0.04 0.898926
0 0.0224609 0.150476 0.0410156 0.0533333 0.898926
0 0.847656 0.87619 0.0390625 0.0533333 0.903809
0 0.895508 0.794286 0.0410156 0.0609524 0.904785
0 0.95752 0.248571 0.0439453 0.0552381 0.907715
0 0.882324 0.857143 0.0419922 0.0609524 0.915039
