0 0.996094 0.224762 0.0078125 0.0533333 0.351318
0 0.729492 0.798095 0.0390625 0.0419048 0.372314
0 0.768066 0.904762 0.0419922 0.0457143 0.391602
0 0.819824 0.916191 0.0439453 0.0495238 0.486084
0 0.696777 0.744762 0.0478516 0.0419048 0.49585
0 0.84668 0.82381 0.0410156 0.047619 0.501465
0 0.715332 0.885714 0.0400391 0.0419048 0.541992
0 0.759766 0.850476 0.0390625 0.0438095 0.619629
0 0.416992 0.805714 0.0351562 0.0342857 0.625488
0 0.842773 0.0352381 0.0332031 0.0704762 0.700195
0 0.975098 0.268571 0.0380859 0.0419048 0.714844
0 0.788086 0.804762 0.0410156 0.0438095 0.718262
0 0.921387 0.355238 0.0341797 0.108571 0.741211
0 0.988281 0.164762 0.0234375 0.047619 0.74707
0 0.671387 0.880952 0.0400391 0.04 0.774902
0 0.805664 0.742857 0.0410156 0.0380952 0.777832
0 0.755371 0.747619 0.0380859 0.0438095 0.790527
0 0.902344 0.212381 0.0429688 0.0590476 0.815918
0 0.518555 0.858095 0.0371094 0.0666667 0.826172
0 0.460449 0.81619 0.0380859 0.04 0.831543
0 0.286133 0.837143 0.03125 0.0361905 0.831543
0 0.883789 0.86 0.0390625 0.0552381 0.84082
0 0.681152 0.840952 0.0341797 0.04 0.845703
0 0.436523 0.746667 0.0371094 0.0342857 0.853027
0 0.864258 0.887619 0.0390625 0.0571429 0.855469
0 0.341309 0.818095 0.0400391 0.04 0.856445
0 0.912109 0.0447619 0.0390625 0.0628571 0.865723
0 0.611816 0.76381 0.0458984 0.0419048 0.866699
0 0.912598 0.101905 0.0458984 0.0704762 0.872559
0 0.530762 0.784762 0.0419922 0.0685714 0.872559
0 0.356445 0.749524 0.0390625 0.0361905 0.872559
0 0.926758 0.180952 0.0390625 0.0571429 0.875977
0 0.970215 0.0771429 0.0498047 0.0666667 0.881836
0 0.139648 0.067619 0.0371094 0.0628571 0.885742
0 0.844727 0.114286 0.0410156 0.0761905 0.890625
0 0.854492 0.761905 0.0410156 0.0495238 0.901367
0 0.904785 0.805714 0.0419922 0.0647619 0.919922
