0 0.819824 0.916191 0.0439453 0.0495238 0.401367
0 0.71582 0.886667 0.0390625 0.04 0.416016
0 0.671387 0.879048 0.0419922 0.04 0.461182
0 0.842285 0.82 0.0400391 0.047619 0.536621
0 0.656738 0.744762 0.0478516 0.0419048 0.540527
0 0.391113 0.804762 0.0341797 0.0361905 0.571289
0 0.337891 0.81619 0.0390625 0.04 0.708496
0 0.739258 0.745714 0.0410156 0.0438095 0.709961
0 0.92041 0.357143 0.0341797 0.108571 0.717285
0 0.492188 0.912381 0.03125 0.072381 0.736816
0 0.688477 0.797143 0.0410156 0.0438095 0.75293
0 0.621582 0.832381 0.0341797 0.0342857 0.763184
0 0.718262 0.844762 0.0400391 0.04 0.782227
0 0.984375 0.158095 0.03125 0.0419048 0.784668
0 0.255859 0.841905 0.0351562 0.0380952 0.819824
0 0.756836 0.800952 0.0410156 0.04 0.828613
0 0.540527 0.761905 0.0400391 0.0342857 0.828613
0 0.438477 0.817143 0.0390625 0.0380952 0.836914
0 0.273438 0.757143 0.0410156 0.04 0.84082
0 0.978516 0.262857 0.0390625 0.0419048 0.850586
0 0.344727 0.744762 0.0371094 0.0342857 0.852051
0 0.800781 0.741905 0.0410156 0.04 0.86084
0 0.880859 0.114286 0.0390625 0.0685714 0.861328
0 0.497559 0.830476 0.0361328 0.0838095 0.862793
0 0.966797 0.0990476 0.0390625 0.0457143 0.865723
0 0.98584 0.217143 0.0283203 0.0380952 0.866699
0 0.863281 0.888571 0.0390625 0.0552381 0.869141
0 0.882812 0.859048 0.0410156 0.0571429 0.877441
0 0.902832 0.20381 0.0419922 0.0647619 0.878418
0 0.907715 0.0809524 0.0439453 0.0742857 0.894531
0 0.844727 0.111429 0.0410156 0.0819048 0.89502
0 0.842773 0.0342857 0.0332031 0.0685714 0.898926
0 0.853516 0.760952 0.0390625 0.047619 0.899902
0 0.904785 0.805714 0.0419922 0.0647619 0.933594
