0 0.84668 0.0704762 0.0253906 0.0533333 0.329102
0 0.768066 0.90381 0.0400391 0.0438095 0.384521
0 0.427246 0.804762 0.0361328 0.0361905 0.448975
0 0.845215 0.822857 0.0400391 0.0457143 0.460693
0 0.671387 0.881905 0.0400391 0.0380952 0.503906
0 0.757324 0.747619 0.0361328 0.04 0.51123
0 0.0605469 0.1 0.0371094 0.0438095 0.522949
0 0.715332 0.885714 0.0400391 0.0419048 0.540527
0 0.805664 0.74381 0.0410156 0.0361905 0.624512
0 0.819824 0.916191 0.0439453 0.0495238 0.650879
0 0.700684 0.844762 0.0341797 0.04 0.672852
0 0.794922 0.804762 0.0410156 0.0438095 0.693359
0 0.736816 0.8 0.0400391 0.0419048 0.693848
0 0.92041 0.35619 0.0341797 0.106667 0.745605
0 0.990723 0.110476 0.0185547 0.0419048 0.745605
0 0.837402 0.0285714 0.0361328 0.0571429 0.79248
0 0.897949 0.0295238 0.0419922 0.0590476 0.796387
0 0.394043 0.748571 0.0380859 0.0342857 0.797852
0 0.777344 0.854286 0.0429688 0.047619 0.798828
0 0.474609 0.815238 0.0390625 0.0380952 0.826172
0 0.34375 0.817143 0.0390625 0.0419048 0.827148
0 0.629395 0.76381 0.0400391 0.0380952 0.842773
0 0.288574 0.83619 0.0322266 0.0342857 0.845703
0 0.864258 0.887619 0.0390625 0.0571429 0.853516
0 0.0712891 0.125714 0.0371094 0.0457143 0.854004
0 0.883789 0.86 0.0390625 0.0552381 0.856934
0 0.471191 0.747619 0.0361328 0.0361905 0.858887
0 0.943848 0.251429 0.0361328 0.0457143 0.859863
0 0.969727 0.153333 0.0449219 0.0514286 0.866211
0 0.874023 0.179048 0.0390625 0.0647619 0.869141
0 0.537598 0.838095 0.0380859 0.0609524 0.878418
0 0.822266 0.0666667 0.0390625 0.08 0.886719
0 0.983398 0.219048 0.0332031 0.0457143 0.887695
0 0.890137 0.0714286 0.0419922 0.0780952 0.889648
0 0.943359 0.0533333 0.046875 0.0685714 0.891113
0 0.902344 0.155238 0.0410156 0.0666667 0.900879
0 0.554199 0.768571 0.0419922 0.0590476 0.901367
0 0.854492 0.761905 0.0390625 0.0495238 0.901855
0 0.904785 0.805714 0.0419922 0.0647619 0.926758
