0 0.666992 0.744762 0.0488281 0.0419048 0.254883
0 0.715332 0.887619 0.0380859 0.0380952 0.298584
0 0.844727 0.822857 0.0410156 0.0457143 0.298828
0 0.635742 0.834286 0.0332031 0.0342857 0.335205
0 0.700195 0.8 0.0390625 0.0380952 0.414307
0 0.819824 0.916191 0.0439453 0.0495238 0.497803
0 0.835938 0.0257143 0.0332031 0.0514286 0.687012
0 0.726562 0.84381 0.0390625 0.0419048 0.729004
0 0.393066 0.804762 0.0361328 0.0361905 0.76416
0 0.803711 0.74 0.0390625 0.04 0.768555
0 0.92041 0.355238 0.0361328 0.108571 0.78125
0 0.496582 0.9 0.0322266 0.0704762 0.793945
0 0.745605 0.746667 0.0380859 0.0419048 0.829102
0 0.26709 0.84 0.0322266 0.0342857 0.832031
0 0.339844 0.818095 0.0390625 0.04 0.835938
0 0.868652 0.0904762 0.0380859 0.0742857 0.849121
0 0.558594 0.762857 0.0390625 0.0361905 0.851562
0 0.286621 0.755238 0.0400391 0.04 0.853027
0 0.961914 0.254286 0.0410156 0.0438095 0.853516
0 0.442871 0.81619 0.0380859 0.04 0.854492
0 0.882812 0.86 0.0410156 0.0552381 0.85498
0 0.36377 0.744762 0.0361328 0.0342857 0.856934
0 0.864258 0.887619 0.0390625 0.0571429 0.862793
0 0.765137 0.801905 0.0400391 0.0419048 0.862793
0 0.952148 0.0885714 0.0390625 0.0514286 0.882812
0 0.972656 0.151429 0.0429688 0.047619 0.886719
0 0.891113 0.187619 0.0419922 0.0666667 0.887207
0 0.977539 0.213333 0.0390625 0.0457143 0.887695
0 0.501465 0.822857 0.0380859 0.0838095 0.890625
0 0.833984 0.0857143 0.0390625 0.0838095 0.892578
0 0.895996 0.0628571 0.0458984 0.08 0.900879
0 0.854492 0.761905 0.0410156 0.0495238 0.903809
0 0.904785 0.805714 0.0419922 0.0647619 0.932617
