0 0.632324 0.746667 0.0458984 0.0419048 0.267578
0 0.994629 0.271429 0.0107422 0.047619 0.457764
0 0.249512 0.765714 0.0439453 0.0533333 0.581055
0 0.714844 0.885714 0.0410156 0.0419048 0.647461
0 0.669922 0.880952 0.0390625 0.04 0.729004
0 0.38916 0.80381 0.0361328 0.0380952 0.731934
0 0.333008 0.818095 0.0390625 0.04 0.766113
0 0.98877 0.112381 0.0224609 0.0380952 0.776855
0 0.834473 0.815238 0.0400391 0.0457143 0.78418
0 0.593262 0.829524 0.0341797 0.0361905 0.793945
0 0.92041 0.355238 0.0341797 0.112381 0.802246
0 0.235352 0.846667 0.0332031 0.04 0.820312
0 0.794434 0.740952 0.0400391 0.0380952 0.830566
0 0.91748 0.032381 0.0439453 0.0647619 0.833496
0 0.730469 0.747619 0.0371094 0.04 0.84082
0 0.90918 0.152381 0.0371094 0.0609524 0.844238
0 0.501953 0.761905 0.0410156 0.0342857 0.845215
0 0.3125 0.747619 0.0371094 0.0361905 0.847168
0 0.739258 0.801905 0.0410156 0.0419048 0.850586
0 0.861816 0.887619 0.0400391 0.0609524 0.853516
0 0.700684 0.842857 0.0400391 0.04 0.854004
0 0.433105 0.815238 0.0380859 0.0380952 0.854004
0 0.665527 0.799048 0.0400391 0.04 0.85791
0 0.929199 0.229524 0.0419922 0.0590476 0.860352
0 0.485352 0.931429 0.0292969 0.0761905 0.867676
0 0.85791 0.072381 0.0322266 0.0647619 0.870117
0 0.493164 0.845714 0.0351562 0.0838095 0.875977
0 0.809082 0.032381 0.0341797 0.0647619 0.886719
0 0.852539 0.760952 0.0371094 0.047619 0.891113
0 0.935547 0.114286 0.046875 0.0685714 0.893555
0 0.867188 0.155238 0.0429688 0.0742857 0.902832
0 0.881836 0.857143 0.0410156 0.0609524 0.904785
0 0.904785 0.805714 0.0419922 0.0647619 0.935547
