0 0.804688 0.0209524 0.0292969 0.0419048 0.313477
0 0.995117 0.177143 0.00976562 0.0647619 0.39624
0 0.847656 0.824762 0.0429688 0.0495238 0.439209
0 0.723633 0.8 0.0390625 0.0419048 0.446045
0 0.768066 0.904762 0.0419922 0.0419048 0.525879
0 0.819824 0.916191 0.0439453 0.0495238 0.552246
0 0.671387 0.881905 0.0400391 0.0380952 0.569824
0 0.691406 0.744762 0.046875 0.0419048 0.597656
0 0.751465 0.849524 0.0400391 0.0457143 0.602051
0 0.870605 0.0266667 0.0361328 0.0533333 0.624023
0 0.407715 0.806667 0.0322266 0.032381 0.650879
0 0.715332 0.885714 0.0400391 0.0419048 0.650879
0 0.92041 0.355238 0.0341797 0.108571 0.712891
0 0.805664 0.742857 0.0410156 0.0380952 0.760254
0 0.783203 0.802857 0.0429688 0.0438095 0.768555
0 0.752441 0.747619 0.0380859 0.0438095 0.778809
0 0.669922 0.840952 0.0351562 0.04 0.782227
0 0.916504 0.225714 0.0400391 0.0552381 0.806152
0 0.845215 0.04 0.0341797 0.0761905 0.818359
0 0.337402 0.749524 0.0400391 0.0361905 0.833008
0 0.883789 0.86 0.0390625 0.0552381 0.836426
0 0.98584 0.274286 0.0283203 0.0419048 0.836914
0 0.919434 0.0542857 0.0400391 0.0628571 0.838379
0 0.511719 0.866667 0.0351562 0.072381 0.84668
0 0.34082 0.81619 0.0390625 0.04 0.84668
0 0.283691 0.838095 0.0322266 0.0342857 0.850586
0 0.455566 0.81619 0.0380859 0.04 0.852539
0 0.603027 0.762857 0.0419922 0.04 0.858398
0 0.924805 0.117143 0.0449219 0.0628571 0.859375
0 0.418457 0.745714 0.0361328 0.032381 0.86377
0 0.979492 0.0895238 0.0410156 0.0647619 0.866211
0 0.863281 0.887619 0.0390625 0.0571429 0.866699
0 0.52002 0.793333 0.0419922 0.0742857 0.868164
0 0.854492 0.134286 0.0410156 0.0742857 0.876465
0 0.938477 0.189524 0.0390625 0.0552381 0.892578
0 0.854492 0.761905 0.0390625 0.0495238 0.897461
0 0.169922 0.0295238 0.0371094 0.0590476 0.897949
0 0.904785 0.805714 0.0419922 0.0647619 0.92334
