0 0.421875 0.802857 0.0351562 0.0361905 0.260742
0 0.700684 0.744762 0.0439453 0.0419048 0.410889
0 0.670898 0.881905 0.0410156 0.0380952 0.45752
0 0.840332 0.032381 0.0361328 0.0647619 0.472412
0 0.847168 0.82381 0.0419922 0.0514286 0.503418
0 0.819824 0.915238 0.0439453 0.0514286 0.618164
0 0.690918 0.842857 0.0341797 0.04 0.624023
0 0.97998 0.16 0.0400391 0.0533333 0.74707
0 0.768555 0.851429 0.0410156 0.0457143 0.755859
0 0.92041 0.35619 0.0341797 0.110476 0.765137
0 0.756348 0.747619 0.0380859 0.0438095 0.766113
0 0.791504 0.80381 0.0400391 0.0457143 0.772461
0 0.960449 0.259048 0.0361328 0.0419048 0.773926
0 0.989746 0.226667 0.0205078 0.0457143 0.77832
0 0.805664 0.742857 0.0410156 0.0380952 0.79834
0 0.375488 0.748571 0.0400391 0.0342857 0.833496
0 0.883789 0.86 0.0390625 0.0552381 0.834473
0 0.904297 0.0342857 0.0390625 0.0685714 0.840332
0 0.62207 0.76381 0.0410156 0.0419048 0.841797
0 0.527344 0.846667 0.0390625 0.0628571 0.844238
0 0.287598 0.83619 0.0322266 0.0342857 0.847168
0 0.341797 0.818095 0.0390625 0.04 0.850586
0 0.887695 0.19619 0.0390625 0.0609524 0.855469
0 0.864258 0.887619 0.0390625 0.0571429 0.860352
0 0.900879 0.0866667 0.0439453 0.0704762 0.871094
0 0.467285 0.81619 0.0380859 0.04 0.872559
0 0.45459 0.747619 0.0361328 0.0361905 0.875977
0 0.833496 0.0914286 0.0400391 0.08 0.885742
0 0.955566 0.0638095 0.0478516 0.0666667 0.89209
0 0.541504 0.775238 0.0419922 0.0609524 0.894531
0 0.854492 0.761905 0.0390625 0.0495238 0.898438
0 0.915039 0.167619 0.0390625 0.0609524 0.899414
0 0.105957 0.101905 0.0361328 0.0552381 0.911133
0 0.904785 0.805714 0.0419922 0.0647619 0.921875
