0 0.995117 0.100952 0.00976562 0.0609524 0.320068
0 0.735352 0.846667 0.0390625 0.04 0.328857
0 0.677734 0.744762 0.0449219 0.0419048 0.33252
0 0.895508 0.140952 0.0234375 0.0457143 0.388428
0 0.708008 0.796191 0.0410156 0.0380952 0.540527
0 0.84668 0.82381 0.0410156 0.047619 0.594727
0 0.646973 0.83619 0.0341797 0.0342857 0.647461
0 0.819824 0.917143 0.0439453 0.047619 0.668457
0 0.921387 0.355238 0.0341797 0.108571 0.748047
0 0.748535 0.747619 0.0400391 0.0438095 0.75
0 0.396973 0.805714 0.0361328 0.0342857 0.783691
0 0.302246 0.753333 0.0400391 0.0361905 0.798828
0 0.273926 0.839048 0.0322266 0.0361905 0.807617
0 0.804688 0.741905 0.0390625 0.0361905 0.807617
0 0.501953 0.888571 0.0332031 0.0666667 0.8125
0 0.34082 0.818095 0.0390625 0.04 0.830566
0 0.446777 0.817143 0.0380859 0.0380952 0.842285
0 0.882812 0.859048 0.0390625 0.0533333 0.84375
0 0.771973 0.800952 0.0400391 0.04 0.845215
0 0.575195 0.761905 0.0410156 0.0380952 0.850586
0 0.505859 0.813333 0.0390625 0.0838095 0.861816
0 0.946777 0.247619 0.0380859 0.0457143 0.862305
0 0.85791 0.0685714 0.0380859 0.0761905 0.862305
0 0.863281 0.887619 0.0390625 0.0571429 0.865723
0 0.382324 0.744762 0.0361328 0.0342857 0.865723
0 0.94043 0.0780952 0.0410156 0.0571429 0.874512
0 0.963867 0.206667 0.0390625 0.047619 0.878418
0 0.955566 0.140952 0.0439453 0.0571429 0.884277
0 0.823242 0.0590476 0.0390625 0.0838095 0.890137
0 0.878906 0.171429 0.0429688 0.0685714 0.901367
0 0.854492 0.760952 0.0410156 0.0514286 0.90332
0 0.884277 0.0457143 0.0439453 0.08 0.918945
0 0.904785 0.805714 0.0419922 0.0647619 0.93457
