0 0.708008 0.742857 0.0449219 0.0419048 0.454834
0 0.993164 0.166667 0.0136719 0.0514286 0.51123
0 0.921387 0.353333 0.0341797 0.108571 0.536133
0 0.846191 0.821905 0.0419922 0.0514286 0.563477
0 0.744629 0.799048 0.0400391 0.04 0.57959
0 0.644531 0.761905 0.0410156 0.0380952 0.758789
0 0.819336 0.915238 0.0449219 0.0514286 0.760254
0 0.759277 0.747619 0.0380859 0.04 0.763184
0 0.805176 0.742857 0.0400391 0.0380952 0.770996
0 0.797363 0.806667 0.0419922 0.0438095 0.776855
0 0.449219 0.806667 0.0371094 0.0361905 0.819336
0 0.447754 0.748571 0.0400391 0.0342857 0.833984
0 0.501953 0.815238 0.0390625 0.0380952 0.844238
0 0.288086 0.83619 0.0332031 0.0342857 0.850098
0 0.368164 0.814286 0.0390625 0.04 0.851562
0 0.794922 0.859048 0.0410156 0.0457143 0.855469
0 0.883789 0.86 0.0390625 0.0552381 0.85791
0 0.901367 0.212381 0.0371094 0.0552381 0.86084
0 0.960938 0.0857143 0.0351562 0.0495238 0.871094
0 0.516113 0.746667 0.0361328 0.0342857 0.871582
0 0.574707 0.818095 0.0361328 0.04 0.872559
0 0.863281 0.887619 0.0410156 0.0571429 0.876953
0 0.580078 0.757143 0.0410156 0.047619 0.881836
0 0.933105 0.122857 0.0439453 0.0590476 0.884277
0 0.920898 0.032381 0.0488281 0.0647619 0.885254
0 0.837891 0.115238 0.0390625 0.0780952 0.890625
0 0.854492 0.761905 0.0390625 0.0495238 0.896973
0 0.868164 0.0352381 0.0410156 0.0704762 0.897949
0 0.949707 0.200952 0.0439453 0.0552381 0.898926
0 0.876953 0.117143 0.0390625 0.0704762 0.913574
0 0.904785 0.805714 0.0419922 0.0647619 0.926758
