0 0.71582 0.886667 0.0390625 0.04 0.310303
0 0.847168 0.824762 0.0419922 0.0495238 0.355225
0 0.769043 0.90381 0.0419922 0.0438095 0.421631
0 0.749512 0.853333 0.0361328 0.0419048 0.443115
0 0.990723 0.277143 0.0185547 0.04 0.512695
0 0.921387 0.354286 0.0361328 0.114286 0.593262
0 0.493652 0.745714 0.0380859 0.032381 0.722656
0 0.805176 0.74381 0.0400391 0.0361905 0.74707
0 0.759277 0.747619 0.0361328 0.04 0.759277
0 0.745605 0.8 0.0400391 0.0380952 0.773926
0 0.797363 0.806667 0.0419922 0.0438095 0.791992
0 0.810059 0.862857 0.0419922 0.0495238 0.80127
0 0.976074 0.214286 0.0341797 0.0361905 0.8125
0 0.819824 0.916191 0.0439453 0.0495238 0.816895
0 0.646973 0.760952 0.0400391 0.04 0.833496
0 0.48877 0.807619 0.0361328 0.0342857 0.834961
0 0.883789 0.86 0.0390625 0.0552381 0.842773
0 0.404297 0.811429 0.0390625 0.0380952 0.852539
0 0.501465 0.925714 0.0537109 0.125714 0.854492
0 0.544434 0.745714 0.0361328 0.0361905 0.86084
0 0.294922 0.837143 0.03125 0.032381 0.864258
0 0.807129 0.0352381 0.0341797 0.0704762 0.865723
0 0.966309 0.144762 0.0458984 0.0571429 0.868164
0 0.050293 0.10381 0.0498047 0.0590476 0.868652
0 0.863281 0.887619 0.0390625 0.0571429 0.872559
0 0.541016 0.813333 0.0390625 0.0380952 0.881836
0 0.848145 0.133333 0.0341797 0.0647619 0.884277
0 0.597168 0.754286 0.0419922 0.0457143 0.885254
0 0.933105 0.0590476 0.0341797 0.0571429 0.885742
0 0.630371 0.808571 0.0361328 0.032381 0.88916
0 0.894043 0.072381 0.0419922 0.0761905 0.88916
0 0.855957 0.0752381 0.0361328 0.0742857 0.88916
0 0.910645 0.164762 0.0439453 0.0666667 0.899414
0 0.854492 0.761905 0.0390625 0.0495238 0.906738
0 0.904785 0.804762 0.0419922 0.0666667 0.928711
