0 0.706055 0.744762 0.0410156 0.0419048 0.282715
0 0.671875 0.880952 0.0429688 0.04 0.411621
0 0.768555 0.905714 0.0410156 0.047619 0.472656
0 0.710938 0.84 0.0390625 0.0380952 0.556152
0 0.715332 0.886667 0.0400391 0.04 0.590332
0 0.507324 0.745714 0.0361328 0.032381 0.632812
0 0.759277 0.748571 0.0361328 0.0380952 0.69043
0 0.746582 0.801905 0.0380859 0.0419048 0.702637
0 0.764648 0.855238 0.0371094 0.0419048 0.706543
0 0.92041 0.35619 0.0341797 0.106667 0.738281
0 0.805664 0.74381 0.0390625 0.0361905 0.783691
0 0.819824 0.917143 0.0439453 0.047619 0.786133
0 0.566895 0.801905 0.0380859 0.0342857 0.79541
0 0.812012 0.862857 0.0439453 0.0533333 0.800293
0 0.797852 0.808571 0.0410156 0.0438095 0.80127
0 0.987305 0.266667 0.0253906 0.0380952 0.803711
0 0.70166 0.793333 0.0361328 0.0361905 0.809082
0 0.90918 0.0295238 0.0390625 0.0590476 0.813477
0 0.550781 0.744762 0.0351562 0.0342857 0.82373
0 0.978027 0.158095 0.0419922 0.0533333 0.824707
0 0.647949 0.761905 0.0400391 0.0419048 0.829102
0 0.521973 0.881905 0.0576172 0.125714 0.839355
0 0.486816 0.806667 0.0380859 0.0361905 0.839355
0 0.408691 0.839048 0.0322266 0.032381 0.851562
0 0.908691 0.168571 0.0361328 0.0514286 0.856934
0 0.883789 0.859048 0.0410156 0.0571429 0.85791
0 0.618652 0.810476 0.0380859 0.0361905 0.861816
0 0.598145 0.753333 0.0419922 0.0438095 0.871094
0 0.95459 0.206667 0.0419922 0.047619 0.873047
0 0.0791016 0.0866667 0.0449219 0.0590476 0.878418
0 0.942383 0.249524 0.046875 0.0571429 0.881348
0 0.863281 0.887619 0.0390625 0.0571429 0.883789
0 0.845215 0.047619 0.0361328 0.0761905 0.897949
0 0.854004 0.151429 0.0419922 0.0780952 0.904297
0 0.880371 0.120952 0.0400391 0.0742857 0.904785
0 0.854492 0.761905 0.0390625 0.0495238 0.906738
0 0.883301 0.047619 0.0419922 0.08 0.910156
0 0.904785 0.804762 0.0419922 0.0666667 0.928223
