0 0.846191 0.82381 0.0419922 0.0514286 0.313477
0 0.70752 0.74381 0.0419922 0.04 0.382568
0 0.672363 0.880952 0.0419922 0.04 0.442383
0 0.708008 0.845714 0.0410156 0.0380952 0.515137
0 0.508301 0.745714 0.0361328 0.032381 0.522949
0 0.768555 0.905714 0.0410156 0.0438095 0.598633
0 0.746094 0.801905 0.0390625 0.0419048 0.648438
0 0.71582 0.886667 0.0410156 0.04 0.652832
0 0.765137 0.855238 0.0361328 0.0419048 0.671875
0 0.759766 0.747619 0.0351562 0.04 0.69873
0 0.989258 0.167619 0.0214844 0.0380952 0.724609
0 0.805176 0.742857 0.0400391 0.0380952 0.729004
0 0.921387 0.355238 0.0341797 0.104762 0.76416
0 0.819824 0.917143 0.0439453 0.047619 0.768555
0 0.647949 0.762857 0.0419922 0.0438095 0.775391
0 0.520508 0.88381 0.0566406 0.121905 0.79248
0 0.797363 0.806667 0.0419922 0.0438095 0.797852
0 0.486816 0.805714 0.0380859 0.0342857 0.803711
0 0.550781 0.744762 0.0351562 0.0342857 0.807617
0 0.561523 0.802857 0.0371094 0.0361905 0.814941
0 0.701172 0.794286 0.0371094 0.0342857 0.817383
0 0.8125 0.862857 0.0429688 0.0533333 0.825195
0 0.390625 0.83619 0.03125 0.0342857 0.835938
0 0.883789 0.859048 0.0371094 0.0533333 0.842285
0 0.924805 0.0457143 0.0390625 0.0609524 0.850586
0 0.598145 0.753333 0.0419922 0.0438095 0.854492
0 0.908691 0.168571 0.0341797 0.0514286 0.864258
0 0.863281 0.887619 0.0390625 0.0571429 0.874512
0 0.963379 0.26 0.0458984 0.0514286 0.883789
0 0.611328 0.811429 0.0390625 0.0380952 0.888184
0 0.962402 0.211429 0.0419922 0.0457143 0.888672
0 0.874512 0.187619 0.0439453 0.0742857 0.894531
0 0.879395 0.121905 0.0419922 0.0761905 0.896484
0 0.854492 0.761905 0.0390625 0.0495238 0.900391
0 0.140625 0.0333333 0.0429688 0.0666667 0.901367
0 0.896973 0.0704762 0.0439453 0.0761905 0.910645
0 0.847168 0.052381 0.0361328 0.0780952 0.924316
0 0.904785 0.804762 0.0419922 0.0666667 0.92627
