0 0.816406 0.0447619 0.0195312 0.0438095 0.284424
0 0.71582 0.886667 0.0390625 0.04 0.330566
0 0.769043 0.904762 0.0400391 0.0457143 0.59375
0 0.759766 0.746667 0.0351562 0.0380952 0.603516
0 0.746094 0.802857 0.0390625 0.0438095 0.688965
0 0.764648 0.855238 0.0371094 0.0419048 0.707031
0 0.805176 0.744762 0.0400391 0.0380952 0.74707
0 0.92041 0.355238 0.0341797 0.108571 0.75293
0 0.647461 0.762857 0.0410156 0.0438095 0.757324
0 0.698242 0.795238 0.0351562 0.0361905 0.774414
0 0.812012 0.862857 0.0439453 0.0533333 0.77832
0 0.554199 0.801905 0.0361328 0.0342857 0.780762
0 0.797852 0.807619 0.0410156 0.0457143 0.79248
0 0.819824 0.917143 0.0439453 0.047619 0.805176
0 0.0263672 0.164762 0.0332031 0.0361905 0.821777
0 0.98291 0.269524 0.0341797 0.047619 0.824707
0 0.550781 0.745714 0.0351562 0.032381 0.826172
0 0.370117 0.833333 0.0332031 0.032381 0.835938
0 0.603516 0.812381 0.0371094 0.04 0.839355
0 0.883789 0.859048 0.0390625 0.0571429 0.850098
0 0.598633 0.752381 0.0410156 0.0419048 0.854492
0 0.976074 0.215238 0.0419922 0.0419048 0.856445
0 0.911621 0.170476 0.0361328 0.0514286 0.859375
0 0.47998 0.807619 0.0380859 0.0380952 0.859375
0 0.939941 0.0619048 0.0400391 0.0628571 0.873535
0 0.519531 0.888571 0.0546875 0.11619 0.876953
0 0.863281 0.887619 0.0390625 0.0571429 0.87793
0 0.910156 0.0885714 0.0449219 0.0742857 0.889648
0 0.847656 0.0533333 0.0371094 0.0761905 0.896973
0 0.854492 0.761905 0.0390625 0.0495238 0.903809
0 0.897949 0.21619 0.0439453 0.0666667 0.906738
0 0.879883 0.122857 0.0410156 0.0742857 0.907227
0 0.904785 0.806667 0.0419922 0.0666667 0.92334
