0 0.833984 0.0247619 0.03125 0.0495238 0.327393
0 0.483887 0.969524 0.0244141 0.0533333 0.412598
0 0.711426 0.841905 0.0380859 0.0380952 0.472412
0 0.996094 0.171429 0.0078125 0.0495238 0.473389
0 0.671875 0.880952 0.0429688 0.04 0.484375
0 0.507324 0.744762 0.0361328 0.0342857 0.493652
0 0.92041 0.357143 0.0341797 0.108571 0.550293
0 0.759766 0.748571 0.0351562 0.0380952 0.612793
0 0.768555 0.904762 0.0410156 0.0457143 0.628418
0 0.764648 0.855238 0.0371094 0.0419048 0.666016
0 0.71582 0.886667 0.0390625 0.04 0.668457
0 0.575195 0.804762 0.0371094 0.032381 0.719727
0 0.819824 0.917143 0.0439453 0.047619 0.726074
0 0.746094 0.801905 0.0390625 0.0419048 0.741211
0 0.805664 0.74381 0.0390625 0.04 0.758301
0 0.550781 0.744762 0.0371094 0.0342857 0.771973
0 0.797363 0.806667 0.0419922 0.0438095 0.773926
0 0.812012 0.862857 0.0439453 0.0533333 0.779297
0 0.433105 0.840952 0.0322266 0.032381 0.806152
0 0.701172 0.793333 0.0371094 0.0361905 0.811523
0 0.647461 0.760952 0.0410156 0.0438095 0.837402
0 0.486816 0.805714 0.0380859 0.0342857 0.841309
0 0.883789 0.86 0.0390625 0.0552381 0.855957
0 0.95752 0.0819048 0.0341797 0.0495238 0.856934
0 0.598145 0.753333 0.0419922 0.0438095 0.867676
0 0.952148 0.205714 0.0410156 0.0457143 0.869629
0 0.631836 0.809524 0.0390625 0.0380952 0.870117
0 0.908691 0.167619 0.0341797 0.0495238 0.876465
0 0.95166 0.251429 0.0361328 0.0419048 0.878418
0 0.863281 0.888571 0.0410156 0.0590476 0.881836
0 0.873535 0.110476 0.0400391 0.0761905 0.888184
0 0.945312 0.134286 0.0429688 0.0552381 0.891113
0 0.899414 0.214286 0.046875 0.0704762 0.895996
0 0.854492 0.761905 0.0390625 0.0495238 0.903809
0 0.523438 0.879048 0.0566406 0.11619 0.904297
0 0.81543 0.0552381 0.0371094 0.0838095 0.910156
0 0.904785 0.805714 0.0419922 0.0647619 0.920898
