0 0.707031 0.744762 0.0410156 0.0419048 0.368164
0 0.505859 0.744762 0.0371094 0.0342857 0.373535
0 0.713867 0.842857 0.0371094 0.0361905 0.377197
0 0.768555 0.905714 0.0410156 0.047619 0.432129
0 0.486328 0.96381 0.0273438 0.0685714 0.446777
0 0.765625 0.855238 0.0351562 0.0419048 0.504883
0 0.126953 0.853333 0.0429688 0.072381 0.608887
0 0.715332 0.885714 0.0400391 0.0419048 0.625488
0 0.583496 0.801905 0.0380859 0.0342857 0.647461
0 0.746582 0.801905 0.0380859 0.0419048 0.679199
0 0.810547 0.861905 0.046875 0.0514286 0.687012
0 0.759766 0.748571 0.0351562 0.0380952 0.688965
0 0.297852 0.813333 0.0371094 0.0380952 0.695312
0 0.92041 0.355238 0.0341797 0.108571 0.708496
0 0.805176 0.742857 0.0400391 0.0380952 0.714844
0 0.550781 0.744762 0.0371094 0.0342857 0.719727
0 0.819824 0.917143 0.0439453 0.047619 0.76416
0 0.797852 0.806667 0.0410156 0.0438095 0.768555
0 0.647949 0.76381 0.0400391 0.0419048 0.803223
0 0.459473 0.844762 0.0322266 0.032381 0.820801
0 0.70166 0.795238 0.0361328 0.0361905 0.82666
0 0.486328 0.805714 0.0390625 0.0342857 0.840332
0 0.883789 0.86 0.0390625 0.0552381 0.85791
0 0.952148 0.206667 0.0410156 0.0438095 0.861816
0 0.642578 0.807619 0.0390625 0.0380952 0.871094
0 0.598633 0.753333 0.0410156 0.0438095 0.871094
0 0.884766 0.192381 0.0390625 0.0609524 0.874023
0 0.863281 0.887619 0.0390625 0.0571429 0.880371
0 0.955566 0.14381 0.0361328 0.047619 0.881348
0 0.967285 0.260952 0.0419922 0.0457143 0.885742
0 0.870117 0.114286 0.0332031 0.0609524 0.887207
0 0.120117 0.0971429 0.0527344 0.08 0.887695
0 0.898926 0.0780952 0.0419922 0.0685714 0.895996
0 0.854492 0.761905 0.0390625 0.0495238 0.898438
0 0.828613 0.092381 0.0419922 0.0895238 0.912598
0 0.841797 0.04 0.0390625 0.08 0.916504
0 0.53125 0.86381 0.0605469 0.11619 0.924805
0 0.904785 0.805714 0.0419922 0.0647619 0.929688
