0 0.710938 0.84 0.0390625 0.0380952 0.312012
0 0.506836 0.744762 0.0371094 0.0342857 0.34082
0 0.670898 0.881905 0.0410156 0.0380952 0.350586
0 0.715332 0.886667 0.0400391 0.04 0.427734
0 0.768555 0.904762 0.0410156 0.0457143 0.572266
0 0.759766 0.748571 0.0351562 0.0380952 0.588379
0 0.764648 0.855238 0.0371094 0.0419048 0.635742
0 0.0166016 0.124762 0.0332031 0.0552381 0.669434
0 0.868164 0.0285714 0.0371094 0.0571429 0.683594
0 0.746094 0.801905 0.0390625 0.0419048 0.70166
0 0.919434 0.358095 0.0341797 0.106667 0.70459
0 0.13916 0.900952 0.0361328 0.0571429 0.730469
0 0.797363 0.806667 0.0400391 0.0438095 0.74707
0 0.805176 0.742857 0.0400391 0.0380952 0.753906
0 0.571289 0.802857 0.0351562 0.032381 0.77002
0 0.812012 0.862857 0.0439453 0.0533333 0.776855
0 0.819824 0.918095 0.0419922 0.0457143 0.793945
0 0.701172 0.794286 0.0351562 0.0342857 0.809082
0 0.550781 0.744762 0.0351562 0.0342857 0.811523
0 0.647461 0.760952 0.0410156 0.04 0.827637
0 0.422363 0.840952 0.0322266 0.032381 0.834961
0 0.98291 0.1 0.0341797 0.047619 0.835449
0 0.486328 0.805714 0.0390625 0.0342857 0.841309
0 0.883789 0.86 0.0390625 0.0552381 0.848145
0 0.971191 0.26 0.0361328 0.04 0.851074
0 0.625 0.809524 0.0390625 0.0380952 0.854492
0 0.598145 0.753333 0.0419922 0.0438095 0.868164
0 0.864258 0.887619 0.0390625 0.0571429 0.870117
0 0.961426 0.147619 0.0439453 0.0514286 0.872559
0 0.521484 0.882857 0.0546875 0.11619 0.873047
0 0.838867 0.0361905 0.0371094 0.072381 0.881836
0 0.953125 0.206667 0.0429688 0.047619 0.882324
0 0.908691 0.167619 0.0341797 0.0533333 0.889648
0 0.920898 0.235238 0.0488281 0.0628571 0.892578
0 0.854492 0.761905 0.0390625 0.0457143 0.902832
0 0.833496 0.107619 0.0400391 0.0857143 0.907715
0 0.878906 0.119048 0.0410156 0.0742857 0.910645
0 0.904785 0.805714 0.0419922 0.0647619 0.928711
