0 0.706055 0.744762 0.0390625 0.0419048 0.262695
0 0.672363 0.881905 0.0419922 0.0380952 0.346436
0 0.48291 0.972381 0.0224609 0.047619 0.399414
0 0.711426 0.841905 0.0400391 0.0380952 0.408936
0 0.508301 0.744762 0.0361328 0.0342857 0.478027
0 0.769043 0.905714 0.0419922 0.047619 0.599121
0 0.715332 0.885714 0.0400391 0.0419048 0.601562
0 0.573242 0.80381 0.0371094 0.0304762 0.632812
0 0.760254 0.748571 0.0361328 0.0380952 0.647461
0 0.765625 0.855238 0.0351562 0.0419048 0.696777
0 0.921387 0.355238 0.0361328 0.108571 0.696777
0 0.797852 0.806667 0.0410156 0.0438095 0.757324
0 0.74707 0.801905 0.0390625 0.0419048 0.760254
0 0.806152 0.742857 0.0400391 0.0380952 0.770996
0 0.819824 0.917143 0.0439453 0.047619 0.79248
0 0.835938 0.0304762 0.0351562 0.0609524 0.813477
0 0.55127 0.744762 0.0361328 0.0342857 0.813965
0 0.8125 0.862857 0.0429688 0.0533333 0.815918
0 0.428223 0.84 0.0341797 0.0342857 0.815918
0 0.70166 0.795238 0.0361328 0.0361905 0.818848
0 0.486816 0.805714 0.0380859 0.0342857 0.833984
0 0.647461 0.760952 0.0410156 0.04 0.839844
0 0.628906 0.809524 0.0371094 0.0380952 0.844238
0 0.883789 0.86 0.0390625 0.0552381 0.848145
0 0.970215 0.0914286 0.0361328 0.0495238 0.850098
0 0.961426 0.255238 0.0361328 0.0380952 0.852539
0 0.953125 0.141905 0.0429688 0.0514286 0.862793
0 0.598145 0.753333 0.0419922 0.0438095 0.869141
0 0.864258 0.887619 0.0390625 0.0571429 0.871094
0 0.521973 0.880952 0.0576172 0.11619 0.871094
0 0.953613 0.207619 0.0419922 0.0457143 0.873047
0 0.909668 0.166667 0.0341797 0.0514286 0.890137
0 0.855469 0.761905 0.0390625 0.0495238 0.90332
0 0.825195 0.08 0.0410156 0.0876191 0.904785
0 0.910156 0.225714 0.0488281 0.0666667 0.90625
0 0.904785 0.804762 0.0419922 0.0666667 0.907715
0 0.876465 0.115238 0.0400391 0.0742857 0.907715
