0 0.769043 0.904762 0.0419922 0.0495238 0.299561
0 0.507812 0.744762 0.0390625 0.0342857 0.384521
0 0.710938 0.841905 0.0390625 0.0380952 0.450928
0 0.921387 0.35619 0.0361328 0.114286 0.468506
0 0.48584 0.964762 0.0263672 0.0666667 0.522461
0 0.583008 0.80381 0.0351562 0.0342857 0.557617
0 0.847168 0.822857 0.0419922 0.0495238 0.567383
0 0.764648 0.855238 0.0351562 0.0419048 0.632324
0 0.715332 0.885714 0.0400391 0.0419048 0.685547
0 0.904785 0.0219048 0.0341797 0.0438095 0.711914
0 0.805176 0.742857 0.0400391 0.0380952 0.721191
0 0.759766 0.748571 0.0351562 0.0380952 0.72168
0 0.55127 0.74381 0.0361328 0.032381 0.744141
0 0.819824 0.917143 0.0439453 0.047619 0.75293
0 0.277344 0.814286 0.0371094 0.04 0.756348
0 0.746094 0.801905 0.0390625 0.0419048 0.76123
0 0.812012 0.861905 0.0439453 0.0514286 0.765625
0 0.797363 0.806667 0.0419922 0.0438095 0.779297
0 0.647949 0.76381 0.0400391 0.0419048 0.811523
0 0.897461 0.208571 0.0371094 0.0590476 0.820312
0 0.486816 0.806667 0.0380859 0.0361905 0.826172
0 0.455566 0.84381 0.0322266 0.0342857 0.831055
0 0.70166 0.793333 0.0361328 0.0361905 0.834473
0 0.884766 0.86 0.0390625 0.0552381 0.854004
0 0.642578 0.808571 0.0390625 0.04 0.865723
0 0.953125 0.205714 0.0429688 0.0457143 0.869141
0 0.880371 0.131429 0.0341797 0.0609524 0.870605
0 0.598633 0.753333 0.0410156 0.0438095 0.871094
0 0.864258 0.887619 0.0410156 0.0571429 0.876953
0 0.979492 0.26381 0.0390625 0.0438095 0.885742
0 0.138672 0.0761905 0.0507812 0.0876191 0.888672
0 0.965332 0.149524 0.0361328 0.0438095 0.88916
0 0.855469 0.761905 0.0390625 0.0495238 0.898438
0 0.908691 0.0904762 0.0439453 0.0704762 0.905273
0 0.53125 0.86381 0.0585938 0.11619 0.914551
0 0.839844 0.118095 0.0429688 0.0876191 0.91748
0 0.904785 0.806667 0.0419922 0.0666667 0.92041
0 0.84668 0.0504762 0.0390625 0.0819048 0.924316
