0 0.484375 0.969524 0.0234375 0.0571429 0.382568
0 0.711914 0.84 0.0390625 0.0380952 0.437256
0 0.768555 0.904762 0.0410156 0.0457143 0.475586
0 0.507812 0.744762 0.0351562 0.0342857 0.488037
0 0.57666 0.80381 0.0322266 0.0304762 0.49585
0 0.715332 0.886667 0.0400391 0.04 0.605469
0 0.765137 0.855238 0.0361328 0.0419048 0.675293
0 0.759766 0.748571 0.0351562 0.0380952 0.692383
0 0.991211 0.167619 0.0175781 0.0419048 0.719727
0 0.746094 0.801905 0.0390625 0.0419048 0.725098
0 0.797363 0.806667 0.0419922 0.0438095 0.745605
0 0.437012 0.841905 0.0341797 0.0304762 0.754395
0 0.92041 0.35619 0.0341797 0.110476 0.757324
0 0.805664 0.742857 0.0390625 0.0380952 0.763184
0 0.818848 0.916191 0.0458984 0.0495238 0.77002
0 0.807129 0.0342857 0.0341797 0.0685714 0.781738
0 0.811523 0.861905 0.0449219 0.0552381 0.786133
0 0.550781 0.744762 0.0351562 0.0342857 0.812988
0 0.70166 0.793333 0.0361328 0.0361905 0.816406
0 0.647461 0.760952 0.0410156 0.0438095 0.82666
0 0.942871 0.245714 0.0361328 0.0419048 0.831543
0 0.907715 0.166667 0.0361328 0.0514286 0.844238
0 0.486328 0.806667 0.0390625 0.0361905 0.850586
0 0.525391 0.875238 0.0566406 0.11619 0.856445
0 0.883789 0.859048 0.0390625 0.0571429 0.859863
0 0.634277 0.809524 0.0400391 0.0380952 0.865723
0 0.952637 0.205714 0.0419922 0.0457143 0.868164
0 0.598145 0.752381 0.0400391 0.0419048 0.87207
0 0.945801 0.0704762 0.0361328 0.0533333 0.874512
0 0.937988 0.126667 0.0439453 0.0590476 0.883789
0 0.864258 0.888571 0.0410156 0.0590476 0.886719
0 0.886719 0.2 0.0449219 0.072381 0.88916
0 0.854492 0.761905 0.0390625 0.0495238 0.896484
0 0.904785 0.806667 0.0419922 0.0666667 0.92041
0 0.868164 0.100952 0.0390625 0.0761905 0.932617
