0 0.706055 0.74381 0.0390625 0.04 0.298828
0 0.671875 0.881905 0.0429688 0.0380952 0.31958
0 0.846191 0.82381 0.0419922 0.0514286 0.410645
0 0.769043 0.905714 0.0419922 0.047619 0.481445
0 0.92041 0.358095 0.0341797 0.102857 0.487549
0 0.485352 0.965714 0.0253906 0.0647619 0.495605
0 0.711914 0.84 0.0390625 0.0380952 0.507324
0 0.716309 0.886667 0.0400391 0.04 0.592285
0 0.759766 0.748571 0.0351562 0.0380952 0.632812
0 0.765625 0.855238 0.0371094 0.0419048 0.647461
0 0.58252 0.800952 0.0361328 0.0361905 0.652832
0 0.256348 0.819048 0.0361328 0.0380952 0.685547
0 0.74707 0.801905 0.0390625 0.0419048 0.714844
0 0.819824 0.917143 0.0439453 0.047619 0.742676
0 0.550781 0.744762 0.0351562 0.0342857 0.74707
0 0.806152 0.742857 0.0400391 0.0380952 0.755371
0 0.812012 0.861905 0.0439453 0.0552381 0.773926
0 0.647949 0.76381 0.0400391 0.0419048 0.794434
0 0.702148 0.795238 0.0371094 0.0361905 0.809082
0 0.797852 0.806667 0.0410156 0.0438095 0.8125
0 0.450684 0.842857 0.0322266 0.032381 0.82373
0 0.486328 0.806667 0.0371094 0.0361905 0.827148
0 0.915527 0.0295238 0.0361328 0.0590476 0.831543
0 0.98584 0.267619 0.0283203 0.04 0.835449
0 0.64209 0.807619 0.0380859 0.0380952 0.849609
0 0.155762 0.0533333 0.0517578 0.0876191 0.853027
0 0.884277 0.86 0.0380859 0.0552381 0.858887
0 0.953125 0.205714 0.0429688 0.0457143 0.859375
0 0.910156 0.221905 0.0390625 0.0552381 0.866699
0 0.975098 0.155238 0.0380859 0.0438095 0.867676
0 0.598633 0.753333 0.0410156 0.0438095 0.871094
0 0.890137 0.14381 0.0361328 0.0590476 0.872559
0 0.863281 0.888571 0.0390625 0.0590476 0.880371
0 0.916504 0.100952 0.0419922 0.0647619 0.894531
0 0.851562 0.0638095 0.0390625 0.0819048 0.902832
0 0.850586 0.142857 0.0449219 0.0838095 0.902832
0 0.854492 0.761905 0.0410156 0.0495238 0.90332
0 0.530273 0.864762 0.0585938 0.114286 0.904785
0 0.905762 0.805714 0.0419922 0.0647619 0.907715
