0 0.768555 0.904762 0.0429688 0.0457143 0.269775
0 0.710938 0.84 0.0410156 0.0380952 0.30542
0 0.765625 0.856191 0.0332031 0.04 0.31665
0 0.176758 0.879048 0.0410156 0.0666667 0.329102
0 0.715332 0.886667 0.0400391 0.04 0.334229
0 0.595703 0.802857 0.0351562 0.032381 0.357422
0 0.0537109 0.0847619 0.0429688 0.0514286 0.513184
0 0.746582 0.802857 0.0380859 0.04 0.530762
0 0.84668 0.82381 0.0390625 0.0438095 0.567383
0 0.820312 0.916191 0.0410156 0.0495238 0.614746
0 0.760254 0.748571 0.0361328 0.0380952 0.638184
0 0.507812 0.744762 0.0371094 0.0342857 0.652832
0 0.867188 0.0257143 0.0351562 0.0514286 0.695312
0 0.805664 0.74381 0.0390625 0.0361905 0.697266
0 0.365234 0.759048 0.0390625 0.0361905 0.707031
0 0.646973 0.76381 0.0419922 0.0419048 0.747559
0 0.921387 0.355238 0.0361328 0.11619 0.750488
0 0.0629883 0.108571 0.0419922 0.0533333 0.75293
0 0.797852 0.806667 0.0410156 0.04 0.780273
0 0.48584 0.806667 0.0380859 0.032381 0.78418
0 0.550781 0.744762 0.0351562 0.0342857 0.804199
0 0.70166 0.795238 0.0361328 0.0361905 0.808105
0 0.475586 0.849524 0.03125 0.0342857 0.833496
0 0.598633 0.754286 0.0429688 0.0457143 0.836426
0 0.643066 0.808571 0.0380859 0.04 0.847656
0 0.984375 0.227619 0.03125 0.0361905 0.853516
0 0.535156 0.857143 0.0585938 0.110476 0.864258
0 0.48877 0.95619 0.0322266 0.08 0.869141
0 0.83252 0.870476 0.0419922 0.0495238 0.877441
0 0.100098 0.88381 0.0380859 0.0685714 0.890625
0 0.868652 0.769524 0.0380859 0.0495238 0.893066
0 0.933594 0.840952 0.0429688 0.0704762 0.897461
0 0.9375 0.913333 0.0429688 0.0704762 0.900879
0 0.870117 0.114286 0.0410156 0.072381 0.90918
0 0.898438 0.931429 0.0410156 0.0647619 0.913574
0 0.822266 0.0752381 0.0390625 0.0819048 0.933594
