0 0.334473 0.805714 0.0283203 0.0304762 0.259277
0 0.672363 0.88 0.0419922 0.0380952 0.275635
0 0.174805 0.86 0.0390625 0.0628571 0.336182
0 0.994629 0.228571 0.0107422 0.0457143 0.356201
0 0.712402 0.835238 0.0380859 0.04 0.371826
0 0.0161133 0.131429 0.0322266 0.0495238 0.39209
0 0.59375 0.802857 0.0351562 0.032381 0.430176
0 0.134766 0.928571 0.0390625 0.0628571 0.55957
0 0.845703 0.820952 0.0390625 0.0419048 0.561523
0 0.768555 0.905714 0.0410156 0.047619 0.562012
0 0.715332 0.885714 0.0400391 0.0419048 0.586426
0 0.746582 0.801905 0.0380859 0.0419048 0.650391
0 0.765137 0.855238 0.0361328 0.0419048 0.655273
0 0.921387 0.355238 0.0361328 0.112381 0.685547
0 0.760254 0.747619 0.0361328 0.04 0.700684
0 0.507812 0.744762 0.0371094 0.0342857 0.736816
0 0.797852 0.806667 0.0410156 0.0438095 0.754395
0 0.805664 0.742857 0.0410156 0.0380952 0.766602
0 0.819336 0.915238 0.0449219 0.0514286 0.76709
0 0.647949 0.762857 0.0400391 0.0438095 0.770508
0 0.70166 0.793333 0.0361328 0.0361905 0.778809
0 0.550781 0.744762 0.0371094 0.0342857 0.789062
0 0.598145 0.75619 0.0439453 0.0495238 0.809082
0 0.814453 0.86381 0.0429688 0.0514286 0.810059
0 0.486816 0.805714 0.0380859 0.0342857 0.810059
0 0.313965 0.761905 0.0400391 0.0380952 0.821289
0 0.476074 0.849524 0.0322266 0.0342857 0.831055
0 0.406738 0.807619 0.0361328 0.0380952 0.836426
0 0.129395 0.0533333 0.0419922 0.0685714 0.857422
0 0.488281 0.955238 0.03125 0.0780952 0.870117
0 0.875977 0.902857 0.0390625 0.0609524 0.874023
0 0.643066 0.807619 0.0380859 0.0380952 0.878418
0 0.834961 0.0304762 0.03125 0.0609524 0.883789
0 0.855469 0.761905 0.0410156 0.0495238 0.898438
0 0.90625 0.878095 0.0410156 0.0609524 0.899414
0 0.533691 0.86 0.0576172 0.112381 0.899414
0 0.85791 0.154286 0.0419922 0.08 0.908691
0 0.894531 0.151429 0.0410156 0.0666667 0.911621
0 0.885254 0.0533333 0.0341797 0.0647619 0.916992
0 0.916992 0.82 0.0410156 0.0666667 0.918945
