0 0.70752 0.742857 0.0419922 0.0419048 0.274902
0 0.715332 0.884762 0.0400391 0.04 0.318848
0 0.802734 0.0209524 0.0292969 0.0419048 0.349609
0 0.847168 0.82381 0.0419922 0.0514286 0.369629
0 0.588379 0.80381 0.0341797 0.0304762 0.389893
0 0.833008 0.0228571 0.03125 0.0457143 0.418213
0 0.768066 0.905714 0.0419922 0.047619 0.434326
0 0.765137 0.855238 0.0361328 0.0419048 0.526367
0 0.059082 0.149524 0.0517578 0.0666667 0.665039
0 0.92041 0.358095 0.0341797 0.102857 0.70166
0 0.797852 0.806667 0.0410156 0.0438095 0.703613
0 0.352051 0.807619 0.0400391 0.0380952 0.726074
0 0.550781 0.744762 0.0351562 0.0342857 0.751465
0 0.199219 0.794286 0.0429688 0.0571429 0.755859
0 0.805176 0.742857 0.0400391 0.0380952 0.76123
0 0.759277 0.746667 0.0380859 0.0380952 0.771484
0 0.487793 0.960952 0.0302734 0.0780952 0.777832
0 0.819824 0.916191 0.0439453 0.0495238 0.77832
0 0.48584 0.806667 0.0380859 0.032381 0.796387
0 0.647949 0.762857 0.0419922 0.0438095 0.797852
0 0.812012 0.862857 0.0419922 0.0533333 0.819336
0 0.70166 0.795238 0.0361328 0.0361905 0.825684
0 0.643066 0.807619 0.0380859 0.0380952 0.826172
0 0.47168 0.848571 0.0332031 0.0361905 0.844727
0 0.598145 0.754286 0.0419922 0.0457143 0.850586
0 0.883789 0.86 0.0390625 0.0552381 0.856934
0 0.864258 0.887619 0.0390625 0.0571429 0.875488
0 0.927246 0.119048 0.0361328 0.0514286 0.875488
0 0.853027 0.0761905 0.0322266 0.0609524 0.879883
0 0.876465 0.0390476 0.0400391 0.0780952 0.888184
0 0.938965 0.197143 0.0419922 0.0514286 0.892578
0 0.12793 0.0647619 0.0449219 0.0685714 0.896973
0 0.925781 0.23619 0.0429688 0.0609524 0.900879
0 0.855469 0.761905 0.0390625 0.0495238 0.901855
0 0.904785 0.806667 0.0419922 0.0666667 0.907715
0 0.848145 0.126667 0.0341797 0.0666667 0.912109
0 0.531738 0.862857 0.0595703 0.114286 0.915039
