0 0.71582 0.885714 0.0390625 0.0419048 0.462646
0 0.507324 0.745714 0.0361328 0.032381 0.468262
0 0.119141 0.949524 0.0390625 0.0628571 0.483887
0 0.768066 0.905714 0.0419922 0.047619 0.501953
0 0.671875 0.88 0.0429688 0.0380952 0.553711
0 0.845215 0.821905 0.0400391 0.04 0.563477
0 0.806152 0.0238095 0.0283203 0.047619 0.614746
0 0.765137 0.855238 0.0361328 0.0419048 0.615234
0 0.592285 0.80381 0.0341797 0.0304762 0.625
0 0.759766 0.746667 0.0351562 0.0380952 0.69873
0 0.293457 0.76381 0.0400391 0.0419048 0.70166
0 0.746094 0.801905 0.0390625 0.0419048 0.717773
0 0.819336 0.916191 0.0449219 0.0495238 0.748535
0 0.92041 0.35619 0.0341797 0.110476 0.756348
0 0.797363 0.806667 0.0419922 0.0438095 0.757324
0 0.805176 0.742857 0.0400391 0.0380952 0.766602
0 0.647461 0.76381 0.0410156 0.0419048 0.78125
0 0.550781 0.744762 0.0371094 0.0342857 0.791992
0 0.812988 0.860952 0.0419922 0.0533333 0.798828
0 0.702148 0.795238 0.0351562 0.0361905 0.805664
0 0.400391 0.809524 0.0351562 0.0342857 0.811035
0 0.598633 0.752381 0.0410156 0.0419048 0.81543
0 0.486328 0.805714 0.0390625 0.0342857 0.818359
0 0.475586 0.849524 0.03125 0.0342857 0.833496
0 0.0351562 0.122857 0.0429688 0.0514286 0.861816
0 0.642578 0.808571 0.0390625 0.04 0.870117
0 0.838867 0.0390476 0.0292969 0.0628571 0.872559
0 0.48877 0.95619 0.0322266 0.08 0.873535
0 0.897949 0.871429 0.0439453 0.0628571 0.878418
0 0.150391 0.032381 0.0429688 0.0647619 0.882812
0 0.870117 0.894286 0.0410156 0.0628571 0.889648
0 0.913574 0.814286 0.0419922 0.0666667 0.900879
0 0.902344 0.161905 0.0429688 0.0647619 0.90332
0 0.854492 0.761905 0.0410156 0.0495238 0.905273
0 0.871094 0.17619 0.0429688 0.0742857 0.912109
0 0.891113 0.067619 0.0341797 0.0628571 0.918457
0 0.533203 0.860952 0.0585938 0.114286 0.918945
