0 0.17334 0.0209524 0.0439453 0.0419048 0.277588
0 0.671387 0.88 0.0400391 0.0380952 0.307617
0 0.921387 0.35619 0.0341797 0.110476 0.380859
0 0.239746 0.76 0.0380859 0.0495238 0.507324
0 0.507812 0.745714 0.0371094 0.032381 0.594238
0 0.987305 0.208571 0.0253906 0.04 0.621094
0 0.320312 0.778095 0.0390625 0.0361905 0.688965
0 0.388672 0.804762 0.0273438 0.032381 0.708496
0 0.792969 0.860952 0.0351562 0.0380952 0.742676
0 0.550781 0.744762 0.0351562 0.0342857 0.75
0 0.26416 0.818095 0.0400391 0.047619 0.755859
0 0.651855 0.762857 0.0400391 0.04 0.773438
0 0.489258 0.805714 0.0371094 0.0342857 0.797852
0 0.435059 0.808571 0.0341797 0.032381 0.80127
0 0.598633 0.753333 0.0410156 0.0438095 0.805664
0 0.476562 0.848571 0.03125 0.032381 0.816895
0 0.763184 0.747619 0.0400391 0.04 0.816895
0 0.643555 0.807619 0.0371094 0.0380952 0.821777
0 0.441406 0.757143 0.0390625 0.0361905 0.821777
0 0.702637 0.792381 0.0361328 0.0380952 0.838867
0 0.760254 0.8 0.0400391 0.0419048 0.839355
0 0.488281 0.955238 0.0332031 0.0780952 0.869141
0 0.14502 0.941905 0.0439453 0.0704762 0.884277
0 0.817383 0.810476 0.0410156 0.04 0.88916
0 0.899902 0.862857 0.0458984 0.072381 0.88916
0 0.839844 0.0438095 0.0351562 0.0761905 0.891113
0 0.14209 0.833333 0.0439453 0.0742857 0.897949
0 0.921875 0.192381 0.0410156 0.0571429 0.898438
0 0.939453 0.838095 0.0390625 0.0647619 0.899902
0 0.85498 0.761905 0.0439453 0.0533333 0.90625
0 0.54248 0.845714 0.0595703 0.110476 0.910645
0 0.0927734 0.0542857 0.0410156 0.0628571 0.918945
