0 0.671387 0.880952 0.0419922 0.04 0.383789
0 0.921387 0.35619 0.0341797 0.110476 0.560547
0 0.596191 0.802857 0.0361328 0.0361905 0.640625
0 0.32959 0.777143 0.0419922 0.0380952 0.654297
0 0.387695 0.804762 0.0273438 0.032381 0.65625
0 0.251465 0.755238 0.0400391 0.0438095 0.668457
0 0.506348 0.745714 0.0361328 0.032381 0.680176
0 0.98291 0.206667 0.0341797 0.0438095 0.714844
0 0.162109 0.812381 0.0449219 0.0704762 0.748535
0 0.275391 0.813333 0.0390625 0.0419048 0.765625
0 0.803711 0.865714 0.0371094 0.0438095 0.778809
0 0.550781 0.744762 0.0351562 0.0342857 0.778809
0 0.435547 0.808571 0.0351562 0.0361905 0.788574
0 0.446777 0.757143 0.0400391 0.0361905 0.79541
0 0.651855 0.764762 0.0419922 0.04 0.795898
0 0.705566 0.793333 0.0361328 0.0361905 0.799316
0 0.477539 0.851429 0.03125 0.0342857 0.816895
0 0.768066 0.748571 0.0400391 0.0419048 0.819336
0 0.491699 0.805714 0.0361328 0.0342857 0.850098
0 0.765625 0.8 0.0390625 0.0419048 0.856934
0 0.643066 0.807619 0.0380859 0.0380952 0.85791
0 0.914062 0.879048 0.0410156 0.0666667 0.867188
0 0.598633 0.753333 0.0410156 0.0438095 0.870605
0 0.488281 0.95619 0.03125 0.0761905 0.872559
0 0.867188 0.771429 0.0429688 0.0571429 0.880859
0 0.911133 0.18381 0.0410156 0.0590476 0.882812
0 0.837402 0.0380952 0.0361328 0.0761905 0.885254
0 0.824707 0.812381 0.0419922 0.0438095 0.891113
0 0.151855 0.0361905 0.0419922 0.072381 0.894531
0 0.156738 0.930476 0.0458984 0.0704762 0.896484
0 0.0771484 0.0666667 0.0429688 0.0609524 0.906738
0 0.54248 0.844762 0.0595703 0.108571 0.914551
0 0.955566 0.859048 0.0380859 0.0647619 0.92041
