0 0.791016 0.84 0.0332031 0.0342857 0.250977
0 0.995117 0.177143 0.00976562 0.0609524 0.277344
0 0.671875 0.880952 0.0429688 0.04 0.363525
0 0.352051 0.769524 0.0400391 0.0380952 0.501465
0 0.388672 0.805714 0.0273438 0.0342857 0.536621
0 0.993164 0.932381 0.0136719 0.0704762 0.556641
0 0.819336 0.917143 0.0410156 0.047619 0.588379
0 0.595703 0.802857 0.0351562 0.0361905 0.614258
0 0.112793 0.860952 0.0361328 0.0685714 0.665039
0 0.733398 0.742857 0.0449219 0.0457143 0.671875
0 0.921387 0.355238 0.0361328 0.112381 0.712402
0 0.832031 0.032381 0.0351562 0.0647619 0.721191
0 0.280273 0.751429 0.0390625 0.04 0.758789
0 0.55127 0.744762 0.0361328 0.0342857 0.771973
0 0.437988 0.809524 0.0341797 0.0342857 0.782227
0 0.306152 0.808571 0.0400391 0.0361905 0.787109
0 0.459473 0.75619 0.0400391 0.0380952 0.79834
0 0.659668 0.764762 0.0400391 0.04 0.810547
0 0.479004 0.850476 0.0322266 0.0361905 0.817383
0 0.797363 0.752381 0.0380859 0.0419048 0.827148
0 0.726562 0.794286 0.0351562 0.0342857 0.831055
0 0.49707 0.806667 0.0371094 0.0361905 0.833496
0 0.958984 0.194286 0.0390625 0.0457143 0.834961
0 0.798828 0.805714 0.0429688 0.0419048 0.835938
0 0.849121 0.885714 0.0380859 0.0495238 0.847656
0 0.949219 0.929524 0.0410156 0.0761905 0.853516
0 0.598633 0.755238 0.0410156 0.0438095 0.855957
0 0.214844 0.771429 0.0429688 0.0609524 0.86377
0 0.488281 0.95619 0.03125 0.08 0.87207
0 0.644531 0.809524 0.0390625 0.0380952 0.878418
0 0.859375 0.827619 0.0429688 0.047619 0.887207
0 0.543457 0.84381 0.0595703 0.110476 0.888672
0 0.875977 0.151429 0.0410156 0.0628571 0.896484
0 0.198242 0.898095 0.0449219 0.0628571 0.898438
0 0.0307617 0.0914286 0.0419922 0.0495238 0.898926
0 0.907715 0.802857 0.0439453 0.0666667 0.907227
0 0.0834961 0.106667 0.0419922 0.0609524 0.910645
