0 0.0415039 0.964762 0.0439453 0.0704762 0.350098
0 0.13623 0.0247619 0.0439453 0.0495238 0.417969
0 0.980469 0.974286 0.0351562 0.0514286 0.45874
0 0.830078 0.0247619 0.03125 0.0495238 0.48584
0 0.388184 0.806667 0.0283203 0.032381 0.573242
0 0.920898 0.354286 0.0371094 0.114286 0.615723
0 0.00683594 0.1 0.0136719 0.04 0.620117
0 0.769531 0.745714 0.046875 0.0438095 0.678711
0 0.597168 0.802857 0.0361328 0.032381 0.686035
0 0.674316 0.760952 0.0400391 0.04 0.695312
0 0.984863 0.174286 0.0283203 0.047619 0.69873
0 0.441406 0.808571 0.0351562 0.032381 0.69873
0 0.331543 0.804762 0.0380859 0.0361905 0.717285
0 0.93457 0.178095 0.0410156 0.0552381 0.731934
0 0.0107422 0.150476 0.0214844 0.0457143 0.733398
0 0.550781 0.745714 0.0371094 0.0361905 0.741211
0 0.159668 0.812381 0.0361328 0.0628571 0.75
0 0.246094 0.875238 0.0429688 0.0514286 0.765137
0 0.245117 0.754286 0.0449219 0.0533333 0.773438
0 0.462402 0.75619 0.0400391 0.0380952 0.777832
0 0.480469 0.851429 0.03125 0.0342857 0.789062
0 0.135254 0.935238 0.0419922 0.0647619 0.790039
0 0.838379 0.817143 0.0400391 0.0457143 0.802734
0 0.368652 0.768571 0.0380859 0.032381 0.806152
0 0.29834 0.748571 0.0400391 0.0380952 0.811523
0 0.497559 0.805714 0.0380859 0.0342857 0.833984
0 0.65918 0.809524 0.0390625 0.0380952 0.839355
0 0.898438 0.929524 0.0371094 0.0609524 0.841797
0 0.757812 0.793333 0.0351562 0.0361905 0.847168
0 0.599121 0.752381 0.0400391 0.0419048 0.854004
0 0.489258 0.954286 0.0332031 0.08 0.873535
0 0.842285 0.765714 0.0400391 0.0457143 0.877441
0 0.542969 0.842857 0.0585938 0.104762 0.883789
0 0.95459 0.853333 0.0439453 0.072381 0.891113
0 0.84082 0.106667 0.0410156 0.072381 0.913086
0 0.897949 0.854286 0.0439453 0.0628571 0.920898
