0 0.0844727 0.970476 0.0341797 0.0590476 0.386475
0 0.804199 0.0238095 0.0283203 0.047619 0.473877
0 0.387207 0.805714 0.0302734 0.0342857 0.509277
0 0.830566 0.0228571 0.0302734 0.0457143 0.636719
0 0.849121 0.773333 0.0361328 0.0457143 0.643555
0 0.921387 0.35619 0.0361328 0.114286 0.648438
0 0.385254 0.765714 0.0380859 0.0342857 0.652832
0 0.200684 0.780952 0.0361328 0.0533333 0.683594
0 0.550781 0.744762 0.0351562 0.0342857 0.735352
0 0.445312 0.808571 0.0351562 0.0361905 0.736816
0 0.158203 0.0714286 0.0371094 0.0628571 0.76416
0 0.481934 0.851429 0.0322266 0.0342857 0.80127
0 0.461914 0.75619 0.0410156 0.0380952 0.802246
0 0.350586 0.807619 0.0371094 0.0342857 0.805176
0 0.606934 0.754286 0.0419922 0.0457143 0.808594
0 0.742188 0.76 0.0390625 0.0419048 0.810059
0 0.887695 0.125714 0.0390625 0.0685714 0.834961
0 0.215332 0.86381 0.0458984 0.0590476 0.834961
0 0.844727 0.822857 0.0371094 0.0457143 0.836426
0 0.320312 0.747619 0.0390625 0.04 0.845703
0 0.331543 0.867619 0.0419922 0.04 0.858887
0 0.955566 0.165714 0.0400391 0.0419048 0.864258
0 0.150391 0.880952 0.0449219 0.0742857 0.868164
0 0.73291 0.811429 0.0380859 0.0380952 0.868652
0 0.128418 0.841905 0.0341797 0.0609524 0.87207
0 0.49707 0.805714 0.0390625 0.0380952 0.874023
0 0.979004 0.962857 0.0400391 0.0742857 0.893555
0 0.26123 0.749524 0.0419922 0.047619 0.897949
0 0.922363 0.88 0.0439453 0.0685714 0.899902
0 0.495117 0.932381 0.0332031 0.0819048 0.904785
0 0.949219 0.86 0.0429688 0.0704762 0.912109
0 0.919434 0.0409524 0.0400391 0.0666667 0.913574
0 0.544434 0.842857 0.0615234 0.108571 0.91748
