0 0.0878906 0.96381 0.0410156 0.072381 0.350098
0 0.114746 0.0361905 0.0478516 0.072381 0.406738
0 0.672363 0.88 0.0419922 0.0380952 0.426758
0 0.829102 0.0238095 0.03125 0.047619 0.472168
0 0.994629 0.12 0.0107422 0.0533333 0.546387
0 0.812012 0.838095 0.0419922 0.0533333 0.594238
0 0.921387 0.35619 0.0361328 0.114286 0.611816
0 0.0605469 0.940952 0.0371094 0.0685714 0.640137
0 0.601074 0.804762 0.0361328 0.032381 0.661133
0 0.387695 0.806667 0.0273438 0.032381 0.69873
0 0.983398 0.173333 0.0332031 0.0495238 0.699219
0 0.925293 0.170476 0.0419922 0.0590476 0.705078
0 0.681641 0.761905 0.0390625 0.0419048 0.763184
0 0.441406 0.809524 0.0351562 0.0342857 0.77002
0 0.373535 0.767619 0.0400391 0.0342857 0.77002
0 0.55127 0.744762 0.0361328 0.0342857 0.770508
0 0.781738 0.745714 0.0478516 0.047619 0.773926
0 0.462402 0.757143 0.0400391 0.0361905 0.776367
0 0.859863 0.777143 0.0439453 0.0495238 0.802734
0 0.336914 0.806667 0.0390625 0.0361905 0.810547
0 0.480469 0.851429 0.03125 0.0342857 0.811523
0 0.598633 0.753333 0.0410156 0.0438095 0.825195
0 0.303711 0.749524 0.0390625 0.0361905 0.836426
0 0.171875 0.801905 0.0351562 0.0571429 0.843262
0 0.496582 0.806667 0.0380859 0.0361905 0.843262
0 0.249023 0.753333 0.0449219 0.0514286 0.843262
0 0.769531 0.794286 0.0351562 0.0342857 0.845703
0 0.668457 0.810476 0.0380859 0.0361905 0.867188
0 0.490723 0.949524 0.0322266 0.0819048 0.868164
0 0.85498 0.825714 0.0419922 0.0514286 0.868164
0 0.261719 0.871429 0.0410156 0.0438095 0.869141
0 0.146484 0.92381 0.0410156 0.0647619 0.870117
0 0.909668 0.865714 0.0439453 0.0666667 0.895508
0 0.543457 0.844762 0.0595703 0.108571 0.904297
0 0.830566 0.0876191 0.0400391 0.0761905 0.90918
0 0.972656 0.878095 0.0449219 0.072381 0.912109
