0 0.629883 0.80381 0.0351562 0.0304762 0.307129
0 0.0483398 0.0990476 0.0673828 0.0647619 0.317139
0 0.460449 0.75619 0.0419922 0.0380952 0.520508
0 0.830078 0.0238095 0.03125 0.047619 0.540527
0 0.388184 0.804762 0.0283203 0.032381 0.544434
0 0.921387 0.355238 0.0361328 0.112381 0.64209
0 0.20166 0.871429 0.0439453 0.0552381 0.680176
0 0.830566 0.767619 0.0361328 0.0495238 0.682617
0 0.805176 0.0304762 0.0341797 0.0609524 0.702148
0 0.550781 0.744762 0.0351562 0.0342857 0.718262
0 0.198242 0.781905 0.0351562 0.0552381 0.765625
0 0.727051 0.757143 0.0419922 0.0438095 0.77002
0 0.444824 0.809524 0.0341797 0.0342857 0.773926
0 0.382324 0.765714 0.0380859 0.0342857 0.803711
0 0.480469 0.851429 0.0332031 0.0342857 0.806641
0 0.318359 0.747619 0.0390625 0.04 0.84082
0 0.349609 0.806667 0.0390625 0.0361905 0.845215
0 0.318848 0.868571 0.0400391 0.0380952 0.847656
0 0.119141 0.852381 0.0351562 0.0628571 0.850586
0 0.893555 0.133333 0.0390625 0.0647619 0.861328
0 0.258789 0.750476 0.0429688 0.0495238 0.86377
0 0.719238 0.810476 0.0380859 0.04 0.866699
0 0.603516 0.75619 0.0429688 0.0495238 0.871094
0 0.964844 0.166667 0.0429688 0.0438095 0.872559
0 0.82959 0.813333 0.0380859 0.0495238 0.876465
0 0.49707 0.805714 0.0390625 0.0380952 0.877441
0 0.136719 0.897143 0.0449219 0.072381 0.878906
0 0.910156 0.868571 0.0429688 0.0647619 0.891113
0 0.936523 0.0638095 0.0410156 0.0628571 0.894531
0 0.494141 0.934286 0.0332031 0.0819048 0.895996
0 0.17627 0.0428571 0.0361328 0.0666667 0.901367
0 0.931641 0.837143 0.0390625 0.0666667 0.902832
0 0.964355 0.939048 0.0439453 0.0761905 0.905273
0 0.543945 0.842857 0.0605469 0.108571 0.917969
