0 0.830078 0.0238095 0.03125 0.047619 0.449219
0 0.189453 0.785714 0.0351562 0.0514286 0.526855
0 0.921387 0.355238 0.0361328 0.112381 0.664062
0 0.55127 0.744762 0.0361328 0.0342857 0.719727
0 0.611328 0.799048 0.0390625 0.04 0.722168
0 0.388184 0.805714 0.0283203 0.0342857 0.750488
0 0.808594 0.753333 0.046875 0.0514286 0.757324
0 0.313477 0.748571 0.0390625 0.0380952 0.791504
0 0.378418 0.765714 0.0380859 0.0342857 0.802734
0 0.462402 0.757143 0.0400391 0.0361905 0.807617
0 0.173828 0.89619 0.0429688 0.0628571 0.810547
0 0.253906 0.752381 0.0429688 0.0495238 0.82373
0 0.479492 0.851429 0.03125 0.0342857 0.827148
0 0.70166 0.760952 0.0400391 0.0438095 0.831543
0 0.977051 0.169524 0.0439453 0.0457143 0.833008
0 0.907715 0.151429 0.0400391 0.0666667 0.833008
0 0.346191 0.806667 0.0380859 0.0361905 0.835938
0 0.0947266 0.887619 0.0332031 0.0609524 0.841309
0 0.796387 0.799048 0.0380859 0.04 0.845703
0 0.442871 0.809524 0.0341797 0.0342857 0.848633
0 0.112305 0.927619 0.0449219 0.0761905 0.854492
0 0.497559 0.805714 0.0380859 0.0342857 0.856445
0 0.691895 0.808571 0.0380859 0.04 0.861328
0 0.291504 0.868571 0.0400391 0.0380952 0.873535
0 0.600586 0.754286 0.0410156 0.0457143 0.875977
0 0.492676 0.939048 0.0341797 0.0876191 0.881348
0 0.897461 0.8 0.0410156 0.0571429 0.881836
0 0.883301 0.842857 0.0439453 0.0590476 0.888184
0 0.543457 0.842857 0.0595703 0.108571 0.900879
0 0.814453 0.0514286 0.0390625 0.08 0.90918
0 0.972168 0.0971429 0.0419922 0.0609524 0.912109
0 0.935059 0.899048 0.0439453 0.0685714 0.916016
