0 0.828613 0.0209524 0.0283203 0.0419048 0.453125
0 0.207031 0.781905 0.0429688 0.0666667 0.47583
0 0.507812 0.744762 0.0332031 0.0342857 0.501465
0 0.388672 0.804762 0.0273438 0.032381 0.600586
0 0.921387 0.354286 0.0361328 0.114286 0.692871
0 0.0473633 0.962857 0.0439453 0.0742857 0.69873
0 0.39502 0.764762 0.0361328 0.032381 0.703613
0 0.140137 0.0561905 0.0400391 0.0742857 0.731934
0 0.350586 0.806667 0.0371094 0.0361905 0.780762
0 0.321289 0.747619 0.0371094 0.04 0.795898
0 0.161133 0.87619 0.046875 0.0685714 0.80127
0 0.446289 0.808571 0.0371094 0.0361905 0.804688
0 0.5 0.806667 0.0390625 0.032381 0.807617
0 0.490723 0.854286 0.0322266 0.032381 0.808105
0 0.89209 0.169524 0.0400391 0.0380952 0.822754
0 0.560059 0.744762 0.0361328 0.0342857 0.82666
0 0.462402 0.757143 0.0400391 0.0361905 0.833496
0 0.155762 0.811429 0.0361328 0.0609524 0.834961
0 0.642578 0.748571 0.0390625 0.0419048 0.841309
0 0.817383 0.830476 0.0410156 0.0457143 0.862793
0 0.223145 0.82381 0.0439453 0.0552381 0.872559
0 0.274414 0.748571 0.0429688 0.0457143 0.873535
0 0.39209 0.869524 0.0400391 0.04 0.876465
0 0.279297 0.829524 0.0410156 0.0438095 0.884277
0 0.869141 0.0914286 0.0390625 0.072381 0.885742
0 0.580078 0.811429 0.0625 0.0838095 0.887207
0 0.0996094 0.881905 0.0351562 0.0647619 0.887695
0 0.496094 0.931429 0.0351562 0.08 0.893555
0 0.090332 0.0952381 0.0419922 0.0647619 0.89502
0 0.82959 0.775238 0.0400391 0.0495238 0.901855
0 0.931152 0.906667 0.0380859 0.0609524 0.916504
0 0.946777 0.047619 0.0439453 0.0647619 0.919922
