0 0.671875 0.880952 0.0429688 0.04 0.310547
0 0.0673828 0.129524 0.0371094 0.0419048 0.312012
0 0.695312 0.849524 0.046875 0.0380952 0.334229
0 0.82959 0.0228571 0.0302734 0.0457143 0.528809
0 0.691406 0.796191 0.0449219 0.0457143 0.544434
0 0.0112305 0.115238 0.0224609 0.0438095 0.546387
0 0.921387 0.355238 0.0361328 0.112381 0.689453
0 0.388184 0.804762 0.0283203 0.032381 0.711914
0 0.917969 0.82381 0.0351562 0.0552381 0.751465
0 0.207031 0.777143 0.0351562 0.0495238 0.772461
0 0.446289 0.808571 0.0351562 0.0361905 0.772949
0 0.393555 0.76381 0.0371094 0.0342857 0.782227
0 0.552246 0.744762 0.0361328 0.0342857 0.79541
0 0.0795898 0.15619 0.0380859 0.0533333 0.810547
0 0.462402 0.75619 0.0400391 0.0380952 0.820312
0 0.496582 0.805714 0.0380859 0.0342857 0.821777
0 0.350586 0.806667 0.0390625 0.0361905 0.830078
0 0.321289 0.747619 0.0390625 0.04 0.830078
0 0.484863 0.852381 0.0322266 0.032381 0.841309
0 0.917969 0.170476 0.0429688 0.0438095 0.841797
0 0.264648 0.834286 0.0429688 0.0495238 0.842285
0 0.149902 0.818095 0.0361328 0.0628571 0.84668
0 0.132812 0.904762 0.0390625 0.0609524 0.848633
0 0.787598 0.819048 0.0400391 0.0457143 0.849121
0 0.799805 0.765714 0.0410156 0.0457143 0.85498
0 0.204102 0.832381 0.0429688 0.0571429 0.855469
0 0.626953 0.749524 0.0390625 0.0438095 0.863281
0 0.873047 0.1 0.0390625 0.0704762 0.868164
0 0.374023 0.869524 0.0410156 0.04 0.872559
0 0.272461 0.748571 0.0410156 0.0457143 0.875488
0 0.90332 0.872381 0.0371094 0.0609524 0.889648
0 0.977051 0.960952 0.0419922 0.0780952 0.891113
0 0.0800781 0.913333 0.0351562 0.0666667 0.89209
0 0.495605 0.931429 0.0341797 0.08 0.892578
0 0.561523 0.824762 0.0625 0.0990476 0.908203
0 0.968262 0.0685714 0.0439453 0.0609524 0.908203
0 0.131836 0.0542857 0.0410156 0.0666667 0.92041
