0 0.0307617 0.948571 0.0361328 0.072381 0.254883
0 0.097168 0.949524 0.0400391 0.0704762 0.44165
0 0.830078 0.0228571 0.03125 0.0457143 0.522949
0 0.987793 0.974286 0.0244141 0.0514286 0.524414
0 0.991211 0.1 0.0175781 0.0552381 0.596191
0 0.203125 0.779048 0.0351562 0.0533333 0.597656
0 0.0444336 0.968571 0.0341797 0.0628571 0.62207
0 0.900879 0.0257143 0.0400391 0.0514286 0.623535
0 0.0107422 0.128571 0.0214844 0.0552381 0.625488
0 0.921387 0.355238 0.0361328 0.11619 0.638184
0 0.387207 0.804762 0.0302734 0.032381 0.682129
0 0.756836 0.759048 0.0410156 0.0438095 0.709961
0 0.55127 0.744762 0.0361328 0.0342857 0.715332
0 0.866211 0.778095 0.0371094 0.047619 0.727539
0 0.387207 0.764762 0.0400391 0.0361905 0.736328
0 0.881836 0.11619 0.0410156 0.072381 0.76709
0 0.445801 0.808571 0.0341797 0.032381 0.767578
0 0.134277 0.835238 0.0361328 0.0666667 0.79248
0 0.229492 0.853333 0.0429688 0.0533333 0.813477
0 0.947754 0.165714 0.0400391 0.0419048 0.821777
0 0.351074 0.806667 0.0380859 0.0361905 0.826172
0 0.48291 0.851429 0.0322266 0.0342857 0.827148
0 0.610352 0.752381 0.0429688 0.0457143 0.839355
0 0.319824 0.746667 0.0400391 0.0419048 0.852051
0 0.74707 0.814286 0.0371094 0.04 0.853027
0 0.461914 0.757143 0.0410156 0.04 0.861328
0 0.165527 0.869524 0.0439453 0.0704762 0.861816
0 0.13916 0.0980952 0.0361328 0.0590476 0.861816
0 0.49707 0.805714 0.0390625 0.0380952 0.863281
0 0.342773 0.868571 0.0410156 0.0380952 0.867676
0 0.966797 0.888571 0.0390625 0.0704762 0.875488
0 0.935059 0.898095 0.0439453 0.0704762 0.883789
0 0.264648 0.749524 0.0429688 0.047619 0.894531
0 0.495605 0.930476 0.0341797 0.0819048 0.900879
0 0.545898 0.840952 0.0605469 0.108571 0.901367
0 0.86084 0.834286 0.0380859 0.0533333 0.903809
