0 0.388184 0.804762 0.0283203 0.032381 0.541016
0 0.149902 0.795238 0.0400391 0.0628571 0.563477
0 0.173828 0.856191 0.046875 0.0704762 0.753418
0 0.394043 0.76381 0.0380859 0.0342857 0.756836
0 0.236816 0.815238 0.0419922 0.0457143 0.788086
0 0.321289 0.748571 0.0371094 0.0380952 0.795898
0 0.501953 0.853333 0.0332031 0.0304762 0.797852
0 0.351074 0.806667 0.0380859 0.0361905 0.807617
0 0.921387 0.354286 0.0361328 0.114286 0.808594
0 0.519043 0.745714 0.0380859 0.0361905 0.809082
0 0.509277 0.805714 0.0380859 0.0342857 0.8125
0 0.157715 0.809524 0.0380859 0.0609524 0.82373
0 0.0893555 0.967619 0.0361328 0.0647619 0.826172
0 0.660156 0.745714 0.0390625 0.04 0.82959
0 0.449219 0.809524 0.0371094 0.0342857 0.830566
0 0.575684 0.744762 0.0380859 0.0342857 0.851562
0 0.408691 0.869524 0.0419922 0.04 0.855469
0 0.462402 0.757143 0.0400391 0.0361905 0.858398
0 0.605469 0.800952 0.0625 0.0666667 0.867188
0 0.0644531 0.939048 0.0429688 0.0761905 0.868164
0 0.930176 0.0304762 0.0419922 0.0609524 0.872559
0 0.291504 0.82381 0.0400391 0.0438095 0.872559
0 0.863281 0.0828571 0.0390625 0.0742857 0.875
0 0.115723 0.86 0.0380859 0.0666667 0.881836
0 0.274902 0.747619 0.0419922 0.0438095 0.882812
0 0.866699 0.153333 0.0439453 0.0590476 0.883789
0 0.859375 0.790476 0.0410156 0.0495238 0.884766
0 0.0483398 0.126667 0.0400391 0.0514286 0.888184
0 0.958496 0.941905 0.0380859 0.0628571 0.891602
0 0.849121 0.846667 0.0419922 0.0552381 0.896484
0 0.497559 0.926667 0.0361328 0.0819048 0.901367
