0 0.205078 0.778095 0.0351562 0.0514286 0.509277
0 0.881836 0.789524 0.0410156 0.047619 0.603516
0 0.830566 0.0228571 0.0302734 0.0457143 0.661621
0 0.76416 0.75619 0.0537109 0.0571429 0.695312
0 0.388184 0.804762 0.0283203 0.032381 0.724609
0 0.550781 0.744762 0.0351562 0.0342857 0.733887
0 0.445801 0.808571 0.0341797 0.032381 0.750488
0 0.17627 0.850476 0.0439453 0.0666667 0.757812
0 0.389648 0.764762 0.0371094 0.032381 0.765625
0 0.921387 0.355238 0.0361328 0.112381 0.772949
0 0.0478516 0.955238 0.0566406 0.0857143 0.773926
0 0.120117 0.120952 0.0351562 0.0590476 0.808594
0 0.105957 0.938095 0.0341797 0.0628571 0.813965
0 0.614746 0.752381 0.0419922 0.0457143 0.826172
0 0.759766 0.813333 0.0390625 0.0419048 0.827637
0 0.98291 0.92 0.0341797 0.072381 0.828613
0 0.48291 0.851429 0.0322266 0.0342857 0.833984
0 0.985352 0.092381 0.0292969 0.0628571 0.834961
0 0.349609 0.807619 0.0390625 0.0380952 0.84375
0 0.461914 0.758095 0.0410156 0.0380952 0.848145
0 0.320801 0.747619 0.0400391 0.04 0.851074
0 0.875 0.845714 0.0390625 0.0533333 0.86084
0 0.497559 0.806667 0.0380859 0.0361905 0.861816
0 0.141602 0.827619 0.0351562 0.0628571 0.862793
0 0.938965 0.164762 0.0419922 0.04 0.867676
0 0.878906 0.110476 0.0410156 0.072381 0.867676
0 0.94873 0.915238 0.0439453 0.0742857 0.876953
0 0.353516 0.869524 0.0410156 0.04 0.878418
0 0.242188 0.845714 0.0429688 0.0533333 0.889648
0 0.549805 0.837143 0.0605469 0.104762 0.899414
0 0.26709 0.748571 0.0419922 0.0457143 0.903809
0 0.495605 0.931429 0.0341797 0.08 0.905273
