0 0.53418 0.744762 0.0332031 0.0304762 0.325684
0 0.921875 0.0219048 0.0351562 0.0438095 0.376953
0 0.389648 0.804762 0.0292969 0.032381 0.403076
0 0.636719 0.796191 0.0585938 0.0495238 0.405518
0 0.994629 0.129524 0.0107422 0.0495238 0.431641
0 0.218262 0.771429 0.0361328 0.0495238 0.546387
0 0.921387 0.352381 0.0361328 0.114286 0.666016
0 0.012207 0.142857 0.0244141 0.0457143 0.719727
0 0.39502 0.764762 0.0380859 0.0361905 0.756836
0 0.246582 0.812381 0.0400391 0.0438095 0.776855
0 0.525391 0.804762 0.0371094 0.032381 0.786133
0 0.982422 0.973333 0.0351562 0.0533333 0.79248
0 0.157715 0.807619 0.0361328 0.0609524 0.79248
0 0.519531 0.852381 0.0351562 0.032381 0.808594
0 0.124023 0.849524 0.0371094 0.0647619 0.820312
0 0.0756836 0.921905 0.0439453 0.0761905 0.827148
0 0.300293 0.820952 0.0400391 0.0419048 0.835449
0 0.857422 0.0695238 0.0390625 0.0780952 0.836426
0 0.325684 0.748571 0.0380859 0.0380952 0.836914
0 0.457031 0.809524 0.0351562 0.0342857 0.839355
0 0.597656 0.742857 0.0371094 0.0342857 0.839844
0 0.462402 0.757143 0.0400391 0.0361905 0.841309
0 0.678223 0.745714 0.0380859 0.04 0.850098
0 0.890625 0.813333 0.0449219 0.0647619 0.850586
0 0.350586 0.805714 0.0390625 0.0380952 0.851562
0 0.422363 0.869524 0.0419922 0.04 0.852539
0 0.109863 0.93619 0.0361328 0.0666667 0.866699
0 0.844238 0.124762 0.0439453 0.0742857 0.884766
0 0.499512 0.92 0.0361328 0.08 0.885742
0 0.274902 0.748571 0.0419922 0.0457143 0.895996
0 0.881348 0.869524 0.0419922 0.0628571 0.897461
