0 0.0463867 0.962857 0.0458984 0.0742857 0.254883
0 0.105957 0.0304762 0.0419922 0.0609524 0.375244
1 0.721191 0.8 0.0576172 0.0533333 0.427002
0 0.967285 0.0876191 0.0361328 0.0685714 0.449219
0 0.805664 0.0304762 0.0332031 0.0609524 0.472168
0 0.722168 0.8 0.0576172 0.0533333 0.508301
0 0.226074 0.765714 0.0361328 0.0457143 0.556152
0 0.920898 0.347619 0.0332031 0.112381 0.584961
0 0.122559 0.968571 0.0419922 0.0628571 0.61084
0 0.118164 0.0495238 0.0429688 0.072381 0.69043
0 0.255859 0.812381 0.0410156 0.0438095 0.693848
0 0.847656 0.0447619 0.0390625 0.0780952 0.716309
0 0.15918 0.875238 0.0332031 0.0590476 0.727539
0 0.106445 0.941905 0.0410156 0.0704762 0.735352
0 0.417969 0.807619 0.0273438 0.0304762 0.73877
0 0.126465 0.84381 0.0361328 0.0647619 0.787598
0 0.509766 0.807619 0.0351562 0.0304762 0.800293
0 0.59668 0.845714 0.03125 0.0304762 0.808105
0 0.394531 0.764762 0.0390625 0.0361905 0.8125
0 0.365234 0.806667 0.0371094 0.0361905 0.825195
0 0.304199 0.820952 0.0419922 0.0419048 0.837402
0 0.489746 0.755238 0.0400391 0.0361905 0.837891
0 0.169434 0.798095 0.0341797 0.0571429 0.838379
0 0.340332 0.747619 0.0380859 0.04 0.841309
0 0.663574 0.741905 0.0361328 0.04 0.854004
0 0.587891 0.801905 0.0390625 0.0342857 0.859863
0 0.958496 0.96381 0.0419922 0.072381 0.862305
0 0.742676 0.745714 0.0400391 0.04 0.867676
0 0.517578 0.887619 0.0390625 0.0761905 0.880371
0 0.0893555 0.900952 0.0439453 0.08 0.882812
0 0.44873 0.870476 0.0419922 0.0419048 0.883789
0 0.277832 0.746667 0.0419922 0.0457143 0.893555
0 0.980469 0.926667 0.0390625 0.0819048 0.899902
