0 0.0771484 0.972381 0.046875 0.0552381 0.295654
0 0.672363 0.88 0.0419922 0.0380952 0.44165
0 0.921875 0.349524 0.0351562 0.112381 0.52832
0 0.223145 0.767619 0.0361328 0.0495238 0.650879
0 0.557129 0.74381 0.0380859 0.032381 0.666504
0 0.25 0.810476 0.046875 0.0438095 0.703613
0 0.395508 0.805714 0.0292969 0.0342857 0.708496
0 0.668945 0.8 0.0585938 0.0533333 0.765137
0 0.98584 0.124762 0.0283203 0.0628571 0.768555
0 0.547852 0.80381 0.0371094 0.0342857 0.82959
0 0.699707 0.745714 0.0400391 0.04 0.833008
0 0.159668 0.806667 0.0361328 0.0590476 0.834473
0 0.332031 0.746667 0.0410156 0.0380952 0.835449
0 0.547852 0.850476 0.03125 0.032381 0.837402
0 0.352539 0.805714 0.0390625 0.0380952 0.843262
0 0.470703 0.809524 0.0351562 0.0342857 0.84375
0 0.303223 0.82 0.0400391 0.0438095 0.844727
0 0.623535 0.742857 0.0361328 0.0342857 0.847656
0 0.434082 0.870476 0.0419922 0.0419048 0.849609
0 0.39502 0.765714 0.0380859 0.0380952 0.849609
0 0.125977 0.845714 0.0371094 0.0647619 0.851562
0 0.930664 0.853333 0.0390625 0.0647619 0.86084
0 0.853027 0.06 0.0380859 0.0780952 0.862305
0 0.467285 0.757143 0.0380859 0.0361905 0.870605
0 0.912598 0.904762 0.0400391 0.0609524 0.875977
0 0.82666 0.0838095 0.0400391 0.0838095 0.87793
0 0.131348 0.906667 0.0380859 0.0647619 0.881348
0 0.503906 0.910476 0.0351562 0.08 0.884277
0 0.274414 0.748571 0.0429688 0.0457143 0.892578
0 0.0844727 0.909524 0.0439453 0.0780952 0.902344
