0 0.0961914 0.95619 0.0439453 0.0761905 0.26709
0 0.671875 0.881905 0.0410156 0.0380952 0.337158
1 0.703125 0.8 0.0566406 0.0495238 0.410156
0 0.703125 0.8 0.0585938 0.0533333 0.4646
0 0.225586 0.765714 0.0371094 0.0457143 0.520996
0 0.137207 0.032381 0.0439453 0.0647619 0.592285
0 0.975098 0.100952 0.0361328 0.0609524 0.601074
0 0.254883 0.812381 0.0429688 0.0438095 0.680176
0 0.920898 0.348571 0.0332031 0.110476 0.684082
0 0.150391 0.884762 0.0351562 0.0590476 0.702148
0 0.407715 0.805714 0.0283203 0.0342857 0.731934
0 0.166016 0.801905 0.0371094 0.0609524 0.76709
0 0.848633 0.047619 0.0371094 0.0761905 0.76709
0 0.394531 0.764762 0.0390625 0.0361905 0.793945
0 0.811035 0.0419048 0.0380859 0.0838095 0.810059
0 0.126465 0.845714 0.0361328 0.0647619 0.813477
0 0.304688 0.820952 0.0410156 0.0419048 0.836426
0 0.337891 0.746667 0.0390625 0.0380952 0.836914
0 0.57373 0.802857 0.0380859 0.032381 0.846191
0 0.727539 0.744762 0.0390625 0.0380952 0.847656
0 0.580078 0.845714 0.03125 0.0304762 0.852051
0 0.494629 0.808571 0.0341797 0.032381 0.856445
0 0.650391 0.740952 0.0371094 0.0380952 0.857422
0 0.0888672 0.901905 0.0429688 0.0780952 0.86084
0 0.444336 0.870476 0.0410156 0.0419048 0.868164
0 0.96582 0.901905 0.0410156 0.0704762 0.872559
0 0.359375 0.805714 0.0390625 0.0380952 0.881348
0 0.275879 0.748571 0.0419922 0.0457143 0.881836
0 0.943848 0.941905 0.0400391 0.0704762 0.888672
0 0.479492 0.757143 0.0390625 0.0361905 0.89502
0 0.512207 0.895238 0.0380859 0.0761905 0.896484
