0 0.205078 0.888571 0.0429688 0.0552381 0.268799
0 0.71582 0.885714 0.0390625 0.0380952 0.470215
0 0.0878906 0.970476 0.0390625 0.0590476 0.481934
0 0.0532227 0.953333 0.0361328 0.0628571 0.513184
0 0.174805 0.860952 0.0390625 0.0609524 0.665527
0 0.938965 0.0409524 0.0380859 0.0666667 0.697266
0 0.178711 0.791429 0.0371094 0.0590476 0.707031
0 0.136719 0.833333 0.0371094 0.0666667 0.731934
0 0.582031 0.80381 0.0351562 0.0304762 0.749512
0 0.84668 0.0409524 0.0410156 0.0819048 0.755859
0 0.671875 0.881905 0.0410156 0.0380952 0.806641
0 0.683105 0.84 0.0341797 0.0342857 0.806641
0 0.478516 0.808571 0.0273438 0.032381 0.809082
0 0.816406 0.818095 0.0585938 0.0628571 0.814453
0 0.130859 0.911429 0.0429688 0.0742857 0.815918
0 0.262207 0.811429 0.0419922 0.0380952 0.819824
0 0.332031 0.812381 0.0390625 0.0438095 0.822754
0 0.414551 0.760952 0.0380859 0.032381 0.825684
0 0.931152 0.901905 0.0380859 0.0628571 0.834961
0 0.0898438 0.901905 0.0429688 0.0780952 0.841309
0 0.350586 0.746667 0.0390625 0.0380952 0.844238
0 0.733398 0.740952 0.0371094 0.0380952 0.850098
0 0.560547 0.753333 0.0390625 0.0361905 0.855469
0 0.483887 0.870476 0.0400391 0.0419048 0.856445
0 0.405762 0.810476 0.0380859 0.0361905 0.856934
0 0.664062 0.798095 0.0390625 0.0380952 0.856934
0 0.294922 0.745714 0.0410156 0.04 0.867188
0 0.82666 0.75619 0.0400391 0.0457143 0.885254
0 0.552734 0.857143 0.0410156 0.0533333 0.901367
