0 0.9375 0.0390476 0.0351562 0.0628571 0.270264
0 0.164062 0.847619 0.0351562 0.0571429 0.312012
0 0.92041 0.306667 0.0302734 0.102857 0.326172
0 0.139648 0.0285714 0.0429688 0.0571429 0.487549
0 0.0537109 0.952381 0.0351562 0.0609524 0.505371
0 0.647461 0.802857 0.0351562 0.0361905 0.636719
0 0.975098 0.959048 0.0439453 0.0819048 0.638184
0 0.227051 0.766667 0.0341797 0.047619 0.665039
0 0.846191 0.0428571 0.0400391 0.0819048 0.702148
0 0.0996094 0.957143 0.0390625 0.0666667 0.716309
0 0.14209 0.826667 0.0361328 0.0647619 0.735352
0 0.730469 0.740952 0.0410156 0.0419048 0.76416
0 0.174805 0.860952 0.0371094 0.0609524 0.76709
0 0.178223 0.790476 0.0361328 0.0571429 0.76709
0 0.288086 0.807619 0.0410156 0.0380952 0.776855
0 0.625 0.753333 0.0390625 0.04 0.805176
0 0.295898 0.86 0.0390625 0.0361905 0.806152
0 0.54248 0.807619 0.0283203 0.0342857 0.815918
0 0.46582 0.757143 0.0390625 0.032381 0.818359
0 0.519531 0.878095 0.0429688 0.0419048 0.823242
0 0.730469 0.797143 0.0390625 0.0438095 0.830078
0 0.21875 0.831429 0.0410156 0.0514286 0.837402
0 0.801758 0.744762 0.0351562 0.0380952 0.84082
0 0.370117 0.808571 0.0410156 0.04 0.847656
0 0.384277 0.746667 0.0380859 0.0380952 0.853027
0 0.455566 0.812381 0.0380859 0.0361905 0.856445
0 0.587891 0.842857 0.0410156 0.0438095 0.858398
0 0.305664 0.744762 0.0390625 0.0380952 0.865723
0 0.133789 0.907619 0.0410156 0.0704762 0.874512
0 0.0952148 0.892381 0.0419922 0.0742857 0.881348
0 0.893066 0.791429 0.0439453 0.0590476 0.90332
0 0.884766 0.851429 0.0625 0.08 0.904297
