0 0.9375 0.0390476 0.0371094 0.0666667 0.597656
0 0.019043 0.129524 0.0380859 0.0571429 0.624023
0 0.190918 0.842857 0.0380859 0.0552381 0.652832
0 0.671387 0.880952 0.0419922 0.04 0.728516
0 0.737793 0.804762 0.0400391 0.04 0.741699
0 0.0991211 0.958095 0.0380859 0.0647619 0.754395
0 0.273926 0.750476 0.0341797 0.0380952 0.755859
0 0.84668 0.0428571 0.0390625 0.0819048 0.757324
0 0.820312 0.81619 0.0410156 0.047619 0.762207
0 0.583008 0.88381 0.0410156 0.0380952 0.766113
0 0.106445 0.0876191 0.0410156 0.0609524 0.787598
0 0.44873 0.804762 0.0400391 0.0361905 0.827148
0 0.564453 0.755238 0.0390625 0.032381 0.828613
0 0.911621 0.241905 0.0400391 0.114286 0.830566
0 0.725586 0.752381 0.0390625 0.0419048 0.833984
0 0.143555 0.825714 0.0351562 0.0666667 0.844238
0 0.0649414 0.933333 0.0322266 0.0609524 0.84668
0 0.466797 0.746667 0.0390625 0.0380952 0.84668
0 0.265625 0.81619 0.0390625 0.04 0.848145
0 0.873535 0.910476 0.0361328 0.0533333 0.848633
0 0.428223 0.852381 0.0400391 0.0361905 0.849609
0 0.664062 0.824762 0.0390625 0.0380952 0.850098
0 0.350098 0.806667 0.0419922 0.0361905 0.858398
0 0.362793 0.745714 0.0400391 0.0361905 0.858398
0 0.537109 0.811429 0.0390625 0.0342857 0.86084
0 0.195312 0.777143 0.0351562 0.0495238 0.872559
0 0.134277 0.906667 0.0419922 0.0685714 0.875977
0 0.963379 0.93619 0.0615234 0.100952 0.893555
0 0.104004 0.878095 0.0439453 0.0761905 0.898438
0 0.904785 0.788571 0.0400391 0.0571429 0.90332
0 0.975098 0.877143 0.0458984 0.0742857 0.904785
