0 0.165527 0.847619 0.0361328 0.0609524 0.274902
0 0.682129 0.812381 0.0322266 0.0285714 0.282715
0 0.985352 0.971429 0.0292969 0.0571429 0.371582
0 0.677246 0.792381 0.0341797 0.0304762 0.406982
0 0.100098 0.0657143 0.0419922 0.0666667 0.493896
0 0.0537109 0.951429 0.0390625 0.0666667 0.534668
0 0.938477 0.0390476 0.0371094 0.0666667 0.640137
0 0.79541 0.862857 0.0322266 0.0419048 0.644043
0 0.141602 0.828571 0.0351562 0.0647619 0.651367
0 0.0991211 0.957143 0.0400391 0.0666667 0.676758
0 0.174805 0.861905 0.0371094 0.0666667 0.697266
0 0.570312 0.806667 0.0273438 0.032381 0.708496
0 0.233887 0.762857 0.0361328 0.047619 0.724609
0 0.178223 0.790476 0.0361328 0.0571429 0.757324
0 0.658203 0.752381 0.0390625 0.0419048 0.765625
0 0.226074 0.828571 0.0439453 0.0495238 0.778809
0 0.341797 0.857143 0.0410156 0.0342857 0.805176
0 0.305664 0.807619 0.0429688 0.0380952 0.807617
0 0.769531 0.741905 0.0390625 0.04 0.808594
0 0.84668 0.0419048 0.0390625 0.08 0.810059
0 0.763184 0.801905 0.0400391 0.0457143 0.819824
0 0.133789 0.907619 0.0410156 0.0704762 0.820312
0 0.39502 0.806667 0.0419922 0.04 0.825195
0 0.54248 0.882857 0.0419922 0.04 0.830566
0 0.410645 0.747619 0.0380859 0.0361905 0.838379
0 0.497559 0.755238 0.0380859 0.032381 0.844238
0 0.316895 0.744762 0.0400391 0.0380952 0.861816
0 0.0996094 0.886667 0.0429688 0.0742857 0.872559
0 0.836914 0.755238 0.0371094 0.0438095 0.873047
0 0.47998 0.811429 0.0380859 0.0380952 0.878418
0 0.61084 0.835238 0.0400391 0.04 0.881836
0 0.922363 0.814286 0.0419922 0.0666667 0.901367
0 0.915039 0.880952 0.0625 0.0895238 0.922363
