0 0.817871 0.755238 0.0322266 0.04 0.270264
0 0.244629 0.797143 0.0400391 0.0361905 0.424072
0 0.17041 0.837143 0.0380859 0.0628571 0.439453
0 0.938477 0.0390476 0.0371094 0.0666667 0.552246
0 0.819336 0.917143 0.0410156 0.047619 0.567871
0 0.0991211 0.958095 0.0380859 0.0647619 0.581055
0 0.184082 0.849524 0.0380859 0.0609524 0.652832
0 0.671387 0.881905 0.0419922 0.0380952 0.659668
0 0.914062 0.251429 0.0390625 0.110476 0.68457
0 0.846191 0.0428571 0.0400391 0.0819048 0.703613
0 0.0634766 0.937143 0.0332031 0.0609524 0.751465
0 0.808105 0.814286 0.0380859 0.04 0.751953
0 0.251953 0.818095 0.0390625 0.04 0.760742
0 0.724609 0.804762 0.0371094 0.0438095 0.784668
0 0.408203 0.852381 0.0390625 0.0361905 0.796387
0 0.708496 0.751429 0.0380859 0.04 0.802734
0 0.0385742 0.11619 0.0419922 0.0533333 0.802734
0 0.142578 0.826667 0.0371094 0.0685714 0.812988
0 0.338867 0.806667 0.0429688 0.0361905 0.813477
0 0.26123 0.751429 0.0361328 0.0438095 0.820312
0 0.547363 0.753333 0.0380859 0.032381 0.836914
0 0.348145 0.745714 0.0400391 0.0361905 0.838379
0 0.650879 0.826667 0.0400391 0.0380952 0.843262
0 0.57373 0.88381 0.0400391 0.0380952 0.851074
0 0.520996 0.812381 0.0361328 0.032381 0.853516
0 0.435547 0.80381 0.0410156 0.0380952 0.862793
0 0.187988 0.781905 0.0341797 0.0514286 0.863281
0 0.134277 0.905714 0.0419922 0.0704762 0.86377
0 0.453613 0.746667 0.0380859 0.0380952 0.868164
0 0.85498 0.895238 0.0361328 0.0533333 0.873047
0 0.127441 0.0647619 0.0400391 0.0647619 0.873535
0 0.888672 0.777143 0.0390625 0.0533333 0.878906
0 0.104004 0.88 0.0419922 0.072381 0.90918
0 0.961914 0.859048 0.0449219 0.072381 0.919434
0 0.954102 0.924762 0.0625 0.0971429 0.942383
