0 0.0317383 0.948571 0.0400391 0.0761905 0.300293
0 0.0615234 0.974286 0.0332031 0.0514286 0.300537
0 0.510254 0.807619 0.0263672 0.0304762 0.423828
0 0.937988 0.04 0.0361328 0.0647619 0.451172
0 0.71582 0.884762 0.0390625 0.04 0.483643
0 0.671875 0.880952 0.0429688 0.04 0.592285
0 0.717773 0.840952 0.0371094 0.0361905 0.603516
0 0.92041 0.324762 0.0283203 0.104762 0.612305
0 0.61377 0.80381 0.0361328 0.0342857 0.645508
0 0.225586 0.766667 0.0351562 0.047619 0.665039
0 0.174805 0.862857 0.0371094 0.0647619 0.69043
0 0.247559 0.868571 0.0400391 0.0457143 0.693848
0 0.84668 0.0419048 0.0390625 0.08 0.727539
0 0.0952148 0.96381 0.0380859 0.0685714 0.736816
0 0.4375 0.759048 0.0390625 0.032381 0.765625
0 0.695801 0.797143 0.0419922 0.0438095 0.767578
0 0.177734 0.790476 0.0371094 0.0571429 0.773926
0 0.954102 0.930476 0.0371094 0.0628571 0.779297
0 0.0546875 0.950476 0.0332031 0.0609524 0.798828
0 0.593262 0.753333 0.0400391 0.0361905 0.810547
0 0.140137 0.829524 0.0361328 0.0666667 0.820312
0 0.567871 0.850476 0.0419922 0.047619 0.841309
0 0.500488 0.873333 0.0400391 0.04 0.841797
0 0.766602 0.741905 0.0371094 0.0361905 0.845703
0 0.363281 0.746667 0.0390625 0.0380952 0.848633
0 0.429688 0.811429 0.0390625 0.0380952 0.854004
0 0.272461 0.809524 0.0410156 0.0380952 0.86084
0 0.133301 0.908571 0.0419922 0.0685714 0.86084
0 0.297852 0.745714 0.0410156 0.04 0.86377
0 0.348633 0.810476 0.0429688 0.04 0.871094
0 0.859375 0.770476 0.0449219 0.0552381 0.877441
0 0.090332 0.9 0.0419922 0.0780952 0.880371
