0 0.887695 0.787619 0.0410156 0.0552381 0.259521
0 0.693359 0.798095 0.0488281 0.0419048 0.282715
0 0.70166 0.774286 0.0419922 0.04 0.302246
0 0.100098 0.959048 0.0458984 0.0780952 0.405029
0 0.602051 0.88 0.0458984 0.0419048 0.443115
0 0.980957 0.960952 0.0380859 0.0780952 0.541504
0 0.639648 0.80381 0.0292969 0.0304762 0.631348
0 0.3125 0.742857 0.0351562 0.0342857 0.703125
0 0.620605 0.753333 0.0380859 0.032381 0.716309
0 0.84375 0.0380952 0.0390625 0.0761905 0.722656
0 0.671387 0.88 0.0419922 0.0380952 0.731934
0 0.0708008 0.925714 0.0341797 0.0609524 0.735352
0 0.220703 0.825714 0.0390625 0.047619 0.744141
0 0.905762 0.208571 0.0439453 0.11619 0.765137
0 0.702637 0.821905 0.0380859 0.04 0.765625
0 0.780762 0.806667 0.0380859 0.0438095 0.775391
0 0.937988 0.04 0.0361328 0.0647619 0.788574
0 0.14209 0.897143 0.0419922 0.0761905 0.790039
0 0.30127 0.810476 0.0380859 0.0361905 0.794434
0 0.48291 0.849524 0.0400391 0.0342857 0.808105
0 0.487305 0.804762 0.0390625 0.0361905 0.815918
0 0.51123 0.745714 0.0380859 0.0361905 0.815918
0 0.854004 0.833333 0.0419922 0.0514286 0.823242
0 0.584473 0.811429 0.0380859 0.0342857 0.827637
0 0.043457 0.134286 0.0400391 0.0438095 0.833496
0 0.15918 0.806667 0.0371094 0.0628571 0.851562
0 0.389648 0.80381 0.0410156 0.0380952 0.855469
0 0.228516 0.762857 0.0351562 0.0438095 0.858887
0 0.40918 0.746667 0.0410156 0.0380952 0.869141
0 0.779297 0.751429 0.0390625 0.04 0.871094
0 0.11084 0.868571 0.0439453 0.0761905 0.891113
0 0.950195 0.835238 0.0410156 0.0628571 0.898926
0 0.138672 0.052381 0.0410156 0.0704762 0.901367
