0 0.887695 0.920952 0.0390625 0.0628571 0.252197
0 0.769043 0.807619 0.0322266 0.0380952 0.614746
0 0.871094 0.775238 0.0429688 0.0571429 0.659668
0 0.300293 0.742857 0.0341797 0.0342857 0.671875
0 0.0986328 0.960952 0.0410156 0.0704762 0.678711
0 0.845703 0.0409524 0.0390625 0.0819048 0.692383
0 0.989258 0.92 0.0214844 0.0876191 0.706543
0 0.841309 0.827619 0.0458984 0.0514286 0.716797
0 0.671875 0.88 0.0410156 0.0380952 0.729004
0 0.975586 0.95619 0.0488281 0.0876191 0.731445
0 0.908691 0.220952 0.0419922 0.118095 0.742188
0 0.938965 0.0409524 0.0380859 0.0666667 0.76709
0 0.761719 0.752381 0.0371094 0.0380952 0.788086
0 0.630859 0.80381 0.0273438 0.0304762 0.791504
0 0.474121 0.804762 0.0400391 0.0361905 0.791504
0 0.601562 0.755238 0.0390625 0.032381 0.811035
0 0.598633 0.882857 0.0410156 0.04 0.811523
0 0.466797 0.850476 0.0390625 0.0361905 0.819824
0 0.138184 0.900952 0.0419922 0.072381 0.821777
0 0.690918 0.821905 0.0380859 0.0438095 0.822266
0 0.216797 0.766667 0.0332031 0.0438095 0.822266
0 0.29248 0.811429 0.0380859 0.0380952 0.82959
0 0.210938 0.831429 0.0371094 0.0514286 0.833008
0 0.0649414 0.120952 0.0380859 0.047619 0.84375
0 0.151855 0.813333 0.0361328 0.0609524 0.845215
0 0.375488 0.806667 0.0419922 0.0361905 0.84668
0 0.495605 0.744762 0.0400391 0.0380952 0.849609
0 0.394043 0.746667 0.0400391 0.0380952 0.851562
0 0.570312 0.811429 0.0371094 0.0342857 0.853027
0 0.0693359 0.927619 0.0332031 0.0609524 0.853516
0 0.936035 0.818095 0.0400391 0.0628571 0.895996
0 0.108398 0.873333 0.0429688 0.0742857 0.899414
0 0.158203 0.032381 0.0410156 0.0647619 0.905273
