0 0.671875 0.880952 0.0410156 0.04 0.291504
0 0.154297 0.880952 0.0351562 0.0590476 0.298828
0 0.984375 0.901905 0.03125 0.0742857 0.328125
0 0.195312 0.902857 0.0371094 0.0533333 0.380615
0 0.859375 0.837143 0.0351562 0.0514286 0.584473
0 0.575684 0.842857 0.0380859 0.032381 0.584473
0 0.705566 0.801905 0.0302734 0.0342857 0.671875
0 0.938965 0.0390476 0.0361328 0.0666667 0.67334
0 0.422852 0.744762 0.0332031 0.0304762 0.693848
0 0.212891 0.840952 0.0410156 0.0552381 0.713379
0 0.611328 0.880952 0.0410156 0.04 0.754883
0 0.15332 0.821905 0.0449219 0.0742857 0.772949
0 0.665039 0.808571 0.0390625 0.04 0.798828
0 0.151367 0.0371429 0.0390625 0.0666667 0.802734
0 0.772461 0.815238 0.0449219 0.0457143 0.808105
0 0.404785 0.807619 0.0341797 0.0304762 0.814941
0 0.745605 0.755238 0.0380859 0.04 0.827148
0 0.246094 0.757143 0.0351562 0.04 0.827148
0 0.571289 0.80381 0.0390625 0.0380952 0.82959
0 0.323242 0.749524 0.0351562 0.0361905 0.841309
0 0.316895 0.811429 0.0361328 0.0380952 0.853516
0 0.52002 0.746667 0.0400391 0.0380952 0.856445
0 0.484375 0.804762 0.0410156 0.0361905 0.87793
0 0.103516 0.0933333 0.0429688 0.0685714 0.886719
0 0.886719 0.138095 0.0507812 0.11619 0.887695
0 0.932617 0.907619 0.0410156 0.0666667 0.889648
0 0.89209 0.798095 0.0439453 0.0571429 0.898438
