0 0.51123 0.779048 0.0341797 0.0266667 0.256348
0 0.119629 0.972381 0.0400391 0.0552381 0.259033
0 0.108398 0.940952 0.0371094 0.0609524 0.41626
0 0.672363 0.88 0.0419922 0.0380952 0.436523
0 0.989746 0.973333 0.0205078 0.0533333 0.445801
0 0.840332 0.0304762 0.0361328 0.0609524 0.513184
0 0.0117188 0.146667 0.0234375 0.0380952 0.605469
0 0.15625 0.88 0.0429688 0.072381 0.614746
0 0.919434 0.811429 0.0419922 0.0685714 0.643555
0 0.660645 0.801905 0.0283203 0.0380952 0.697754
0 0.938965 0.04 0.0380859 0.0685714 0.707031
0 0.246094 0.815238 0.0371094 0.0380952 0.724609
0 0.657715 0.751429 0.0380859 0.0361905 0.769531
0 0.609375 0.882857 0.0429688 0.04 0.771973
0 0.512207 0.80381 0.0400391 0.0342857 0.775391
0 0.333008 0.804762 0.0410156 0.0361905 0.789551
0 0.805176 0.814286 0.0361328 0.047619 0.810547
0 0.61084 0.808571 0.0380859 0.0361905 0.814941
0 0.34082 0.740952 0.0371094 0.0342857 0.816895
0 0.726562 0.819048 0.0390625 0.0419048 0.817383
0 0.900391 0.187619 0.046875 0.11619 0.818848
0 0.418945 0.80381 0.0410156 0.0380952 0.820312
0 0.541992 0.744762 0.0371094 0.0342857 0.826172
0 0.512695 0.845714 0.0390625 0.0380952 0.833008
0 0.875488 0.846667 0.0439453 0.0590476 0.835938
0 0.813965 0.759048 0.0400391 0.0438095 0.838379
0 0.254883 0.755238 0.0351562 0.0361905 0.843262
0 0.440918 0.747619 0.0400391 0.0361905 0.856934
0 0.178223 0.788571 0.0361328 0.0533333 0.857422
0 0.119629 0.857143 0.0439453 0.0761905 0.859863
0 0.112305 0.0838095 0.0410156 0.0647619 0.892578
0 0.977539 0.875238 0.0390625 0.0666667 0.896973
