0 0.671387 0.880952 0.0400391 0.0361905 0.266846
0 0.391113 0.779048 0.0283203 0.0266667 0.418457
0 0.976562 0.88381 0.0410156 0.072381 0.485107
0 0.937988 0.0390476 0.0361328 0.0628571 0.512207
0 0.0942383 0.889524 0.0322266 0.0571429 0.599609
0 0.141113 0.898095 0.0361328 0.0590476 0.682129
0 0.158691 0.0295238 0.0380859 0.0590476 0.727539
0 0.890625 0.148571 0.0507812 0.121905 0.751465
0 0.564453 0.841905 0.0390625 0.0342857 0.76416
0 0.697266 0.8 0.0292969 0.0342857 0.766113
0 0.604492 0.742857 0.0390625 0.0380952 0.768555
0 0.611816 0.881905 0.0419922 0.0380952 0.781738
0 0.407227 0.742857 0.0332031 0.0304762 0.806641
0 0.393555 0.807619 0.0332031 0.0304762 0.819824
0 0.766113 0.818095 0.0380859 0.04 0.827637
0 0.30957 0.751429 0.0332031 0.032381 0.835938
0 0.199219 0.846667 0.0429688 0.0552381 0.840332
0 0.65625 0.808571 0.0390625 0.04 0.851562
0 0.55957 0.802857 0.0390625 0.0361905 0.852539
0 0.729492 0.754286 0.0371094 0.0380952 0.857422
0 0.147461 0.828571 0.0449219 0.072381 0.858398
0 0.30127 0.813333 0.0380859 0.0380952 0.86084
0 0.877441 0.786667 0.0419922 0.0533333 0.86084
0 0.50293 0.746667 0.0390625 0.0380952 0.861816
0 0.472168 0.804762 0.0400391 0.0361905 0.872559
0 0.92041 0.889524 0.0419922 0.0647619 0.875
0 0.232422 0.761905 0.0351562 0.0419048 0.87793
0 0.103516 0.0933333 0.0429688 0.0685714 0.89209
