0 0.748535 0.764762 0.0361328 0.0438095 0.369873
0 0.936523 0.0352381 0.0371094 0.0666667 0.388916
0 0.645996 0.84 0.0400391 0.0342857 0.390137
0 0.671875 0.880952 0.0410156 0.0361905 0.463623
0 0.199219 0.890476 0.0390625 0.0552381 0.612793
0 0.853516 0.0533333 0.0546875 0.106667 0.645508
0 0.634277 0.800952 0.0380859 0.0361905 0.67334
0 0.759277 0.798095 0.0283203 0.0342857 0.690918
0 0.225098 0.828571 0.0380859 0.0419048 0.716797
0 0.139648 0.0533333 0.0371094 0.0609524 0.738281
0 0.611816 0.881905 0.0400391 0.0380952 0.763672
0 0.70752 0.808571 0.0380859 0.04 0.768555
0 0.51709 0.745714 0.0302734 0.0285714 0.768555
0 0.716309 0.739048 0.0380859 0.0380952 0.775879
0 0.148438 0.81619 0.0332031 0.0590476 0.797852
0 0.925293 0.898095 0.0361328 0.0628571 0.799316
0 0.152344 0.884762 0.0390625 0.0666667 0.80127
0 0.291992 0.868571 0.0371094 0.0342857 0.804199
0 0.300781 0.82 0.0410156 0.0361905 0.807617
0 0.487305 0.805714 0.0371094 0.0342857 0.811035
0 0.618164 0.742857 0.0390625 0.0380952 0.834473
0 0.208008 0.786667 0.0429688 0.0571429 0.855469
0 0.403809 0.812381 0.0361328 0.0361905 0.858398
0 0.548828 0.802857 0.0410156 0.0361905 0.865723
0 0.333008 0.747619 0.0332031 0.0361905 0.867188
0 0.835938 0.825714 0.0429688 0.0438095 0.868652
0 0.416992 0.748571 0.0332031 0.0342857 0.869629
0 0.0839844 0.897143 0.0371094 0.0647619 0.871094
0 0.103027 0.0933333 0.0419922 0.0685714 0.872559
0 0.835938 0.758095 0.0371094 0.0380952 0.875977
0 0.972168 0.899048 0.0419922 0.0761905 0.893066
