0 0.671875 0.880952 0.0410156 0.0361905 0.323486
0 0.749512 0.799048 0.0283203 0.032381 0.325928
0 0.693359 0.8 0.0488281 0.0457143 0.621582
0 0.498535 0.74381 0.0380859 0.032381 0.720703
0 0.625 0.801905 0.0410156 0.0380952 0.760254
0 0.074707 0.912381 0.0361328 0.0685714 0.763672
0 0.700684 0.738095 0.0380859 0.04 0.774414
0 0.140137 0.826667 0.0322266 0.0609524 0.79541
0 0.286621 0.82 0.0400391 0.04 0.79541
0 0.270996 0.874286 0.0361328 0.0342857 0.800293
0 0.477051 0.807619 0.0361328 0.0304762 0.813477
0 0.611328 0.880952 0.0410156 0.04 0.825684
0 0.603027 0.74381 0.0400391 0.0361905 0.826172
0 0.138672 0.0533333 0.0351562 0.0609524 0.833984
0 0.538086 0.802857 0.0410156 0.0361905 0.837402
0 0.402832 0.750476 0.0322266 0.0304762 0.852051
0 0.821777 0.75619 0.0380859 0.0380952 0.853027
0 0.938965 0.04 0.0361328 0.0647619 0.856445
0 0.914551 0.88381 0.0361328 0.0609524 0.86084
0 0.141113 0.897143 0.0400391 0.0647619 0.86084
0 0.82666 0.822857 0.0400391 0.0457143 0.861328
0 0.390137 0.813333 0.0361328 0.0380952 0.864746
0 0.316895 0.748571 0.0341797 0.0342857 0.870605
0 0.103516 0.0933333 0.0429688 0.0685714 0.871094
0 0.197754 0.789524 0.0439453 0.0552381 0.881836
0 0.861816 0.0657143 0.0537109 0.112381 0.904785
0 0.959473 0.879048 0.0439453 0.0742857 0.907227
