0 0.165039 0.800952 0.0390625 0.0590476 0.278076
0 0.103516 0.868571 0.0351562 0.0647619 0.293945
0 0.790039 0.762857 0.0390625 0.047619 0.352051
0 0.715332 0.886667 0.0400391 0.04 0.367676
0 0.648926 0.742857 0.0400391 0.0380952 0.367676
0 0.162598 0.84381 0.0400391 0.0571429 0.42041
0 0.779785 0.797143 0.0361328 0.04 0.515625
0 0.250488 0.802857 0.0302734 0.032381 0.540527
0 0.135254 0.0219048 0.0419922 0.0438095 0.588379
0 0.257324 0.819048 0.0341797 0.0342857 0.640137
0 0.931152 0.0304762 0.0380859 0.0609524 0.671875
0 0.175293 0.866667 0.0400391 0.0647619 0.688965
0 0.223633 0.875238 0.0390625 0.0514286 0.716309
0 0.67041 0.842857 0.0419922 0.04 0.723145
0 0.54834 0.744762 0.0341797 0.0304762 0.727051
0 0.85791 0.768571 0.0458984 0.047619 0.735352
0 0.335938 0.818095 0.0390625 0.0361905 0.748535
0 0.611816 0.880952 0.0419922 0.04 0.772949
0 0.671875 0.880952 0.0429688 0.04 0.793457
0 0.337402 0.860952 0.0380859 0.0380952 0.807129
0 0.945801 0.930476 0.0341797 0.0666667 0.808594
0 0.228027 0.778095 0.0419922 0.047619 0.810059
0 0.652344 0.800952 0.0390625 0.0361905 0.824219
0 0.13916 0.052381 0.0380859 0.0628571 0.828613
0 0.510742 0.805714 0.0390625 0.0342857 0.833984
0 0.570312 0.801905 0.0429688 0.0342857 0.841309
0 0.446289 0.749524 0.0332031 0.032381 0.849609
0 0.429199 0.814286 0.0361328 0.0361905 0.855469
0 0.723633 0.809524 0.0390625 0.0457143 0.868164
0 0.363281 0.746667 0.0332031 0.0342857 0.886719
0 0.103516 0.0933333 0.0429688 0.0685714 0.88916
0 0.85791 0.835238 0.0400391 0.0514286 0.893555
