0 0.519043 0.777143 0.0322266 0.0304762 0.33252
0 0.621094 0.842857 0.0390625 0.032381 0.34668
0 0.672363 0.88 0.0400391 0.0380952 0.506348
0 0.0673828 0.92381 0.0351562 0.0685714 0.509277
0 0.130859 0.837143 0.03125 0.0590476 0.546387
0 0.200684 0.842857 0.0400391 0.0514286 0.577148
0 0.129883 0.913333 0.0390625 0.0666667 0.67334
0 0.738281 0.799048 0.0273438 0.0361905 0.679199
0 0.971191 0.968571 0.0380859 0.0628571 0.688965
0 0.614746 0.800952 0.0400391 0.0361905 0.713379
0 0.938965 0.0390476 0.0380859 0.0704762 0.733398
0 0.25293 0.878095 0.0390625 0.0380952 0.744141
0 0.691895 0.807619 0.0419922 0.0457143 0.772949
0 0.464355 0.808571 0.0380859 0.032381 0.790039
0 0.484863 0.745714 0.0341797 0.032381 0.803711
0 0.611816 0.882857 0.0400391 0.04 0.805176
0 0.585938 0.74381 0.0410156 0.0361905 0.81543
0 0.902344 0.870476 0.0390625 0.0609524 0.818848
0 0.815918 0.820952 0.0419922 0.0457143 0.829102
0 0.52832 0.802857 0.0390625 0.0361905 0.82959
0 0.13916 0.052381 0.0361328 0.0628571 0.832031
0 0.270996 0.822857 0.0400391 0.0419048 0.832031
0 0.387207 0.749524 0.0322266 0.032381 0.839844
0 0.187988 0.796191 0.0439453 0.0609524 0.853516
0 0.808594 0.75619 0.0371094 0.0380952 0.85791
0 0.376465 0.812381 0.0361328 0.0361905 0.871094
0 0.302246 0.750476 0.0341797 0.0380952 0.873047
0 0.103516 0.092381 0.0429688 0.0666667 0.875488
0 0.947754 0.859048 0.0439453 0.072381 0.913086
0 0.865234 0.08 0.0546875 0.114286 0.926758
