0 0.186523 0.848571 0.0410156 0.0628571 0.270264
0 0.160645 0.932381 0.0419922 0.0704762 0.451172
0 0.12207 0.848571 0.0332031 0.0590476 0.55957
0 0.728516 0.8 0.03125 0.0380952 0.577637
0 0.610352 0.840952 0.0429688 0.0361905 0.590332
0 0.0595703 0.934286 0.0371094 0.0666667 0.61084
0 0.671875 0.880952 0.0410156 0.0361905 0.625
0 0.119141 0.925714 0.0390625 0.0685714 0.661621
0 0.794434 0.754286 0.0400391 0.0380952 0.692383
0 0.892578 0.858095 0.0390625 0.0628571 0.745605
0 0.469727 0.74381 0.0332031 0.032381 0.754395
0 0.238281 0.88 0.0390625 0.0380952 0.765625
0 0.605957 0.799048 0.0400391 0.04 0.768066
0 0.686523 0.806667 0.0390625 0.0438095 0.789062
0 0.939941 0.04 0.0380859 0.0647619 0.791504
0 0.140137 0.0504762 0.0361328 0.0628571 0.79541
0 0.611816 0.880952 0.0419922 0.04 0.813477
0 0.254883 0.824762 0.0410156 0.0419048 0.821777
0 0.569336 0.74381 0.0410156 0.04 0.821777
0 0.449219 0.807619 0.0410156 0.0342857 0.82373
0 0.178223 0.8 0.0439453 0.0609524 0.826172
0 0.518555 0.802857 0.0390625 0.0361905 0.831543
0 0.964355 0.959048 0.0419922 0.0742857 0.839355
0 0.805176 0.820952 0.0419922 0.0419048 0.84082
0 0.934082 0.841905 0.0439453 0.0685714 0.875488
0 0.289062 0.750476 0.0332031 0.0380952 0.878418
0 0.371094 0.749524 0.0332031 0.0361905 0.880859
0 0.103516 0.0933333 0.0429688 0.0685714 0.885742
0 0.362305 0.811429 0.0351562 0.0380952 0.889648
0 0.87207 0.0961905 0.0527344 0.112381 0.917969
