0 0.138184 0.0514286 0.0380859 0.0647619 0.326904
0 0.672852 0.88 0.0429688 0.0380952 0.360352
0 0.927734 0.0285714 0.0390625 0.0571429 0.550293
0 0.102539 0.092381 0.0410156 0.0666667 0.685547
0 0.610352 0.74381 0.0371094 0.032381 0.757324
0 0.396484 0.814286 0.0390625 0.0361905 0.761719
0 0.611328 0.880952 0.0429688 0.04 0.765137
0 0.212402 0.773333 0.0322266 0.0457143 0.774414
0 0.426758 0.858095 0.0371094 0.0361905 0.780273
0 0.816406 0.807619 0.0488281 0.0571429 0.790039
0 0.12207 0.0304762 0.0449219 0.0609524 0.80127
0 0.321289 0.812381 0.0371094 0.032381 0.814941
0 0.688477 0.798095 0.0390625 0.0419048 0.817383
0 0.754883 0.813333 0.0410156 0.0495238 0.822266
0 0.710449 0.748571 0.0419922 0.0495238 0.82666
0 0.220703 0.832381 0.0390625 0.0495238 0.82959
0 0.14502 0.82381 0.0361328 0.0666667 0.833008
0 0.808594 0.750476 0.0390625 0.0457143 0.833984
0 0.552734 0.805714 0.0390625 0.0342857 0.840332
0 0.612305 0.8 0.0429688 0.0380952 0.843262
0 0.505859 0.747619 0.03125 0.032381 0.853027
0 0.42041 0.746667 0.0322266 0.0342857 0.861328
0 0.27002 0.774286 0.0419922 0.04 0.867188
0 0.470215 0.811429 0.0361328 0.0342857 0.875488
0 0.0771484 0.915238 0.0429688 0.0780952 0.875488
0 0.897949 0.86 0.0439453 0.0628571 0.891113
0 0.907715 0.8 0.0419922 0.0571429 0.907715
0 0.145508 0.938095 0.0449219 0.0704762 0.925781
