0 0.480469 0.778095 0.0234375 0.0247619 0.259766
0 0.672363 0.88 0.0419922 0.0380952 0.282471
0 0.819824 0.918095 0.0439453 0.0457143 0.357178
0 0.928223 0.0285714 0.0380859 0.0571429 0.386475
0 0.796875 0.78 0.0449219 0.04 0.478271
0 0.611328 0.881905 0.0429688 0.0380952 0.5
0 0.0449219 0.960952 0.0507812 0.0780952 0.51123
0 0.257324 0.76 0.0302734 0.0342857 0.647461
0 0.674805 0.741905 0.0371094 0.04 0.65625
0 0.723145 0.796191 0.0419922 0.0457143 0.663574
0 0.865234 0.837143 0.03125 0.0514286 0.726074
0 0.138184 0.052381 0.0380859 0.0628571 0.736816
0 0.770508 0.745714 0.0390625 0.0361905 0.758301
0 0.592285 0.804762 0.0400391 0.032381 0.758789
0 0.499512 0.856191 0.0361328 0.032381 0.76416
0 0.860352 0.771429 0.046875 0.0571429 0.772949
0 0.804199 0.873333 0.0419922 0.0438095 0.784668
0 0.192871 0.785714 0.0361328 0.0514286 0.80127
0 0.26709 0.822857 0.0400391 0.0380952 0.803223
0 0.447266 0.812381 0.0390625 0.0361905 0.819336
0 0.800781 0.828571 0.0449219 0.0495238 0.825195
0 0.473633 0.745714 0.0332031 0.032381 0.826172
0 0.336426 0.850476 0.0380859 0.0361905 0.831543
0 0.515137 0.809524 0.0341797 0.0342857 0.835938
0 0.653809 0.798095 0.0419922 0.0419048 0.853027
0 0.566895 0.745714 0.0322266 0.032381 0.85791
0 0.381836 0.810476 0.0371094 0.032381 0.86084
0 0.103027 0.092381 0.0419922 0.0666667 0.864746
0 0.317871 0.777143 0.0400391 0.0380952 0.878906
0 0.116211 0.933333 0.046875 0.0761905 0.880371
0 0.95166 0.848571 0.0400391 0.0628571 0.882812
0 0.12207 0.0304762 0.0449219 0.0609524 0.88916
0 0.213867 0.885714 0.0449219 0.0571429 0.893555
0 0.120605 0.853333 0.0458984 0.0761905 0.897949
0 0.936035 0.900952 0.0419922 0.0647619 0.90625
