0 0.927734 0.0285714 0.0390625 0.0571429 0.271729
0 0.606445 0.784762 0.0371094 0.0304762 0.305176
0 0.671875 0.88 0.0429688 0.0380952 0.4104
0 0.538574 0.77619 0.0244141 0.0247619 0.412842
0 0.818359 0.914286 0.0429688 0.0457143 0.452881
0 0.704102 0.741905 0.03125 0.032381 0.577637
0 0.13916 0.0514286 0.0361328 0.0609524 0.668457
0 0.880371 0.847619 0.0322266 0.0495238 0.702148
0 0.61084 0.805714 0.0380859 0.0304762 0.713379
0 0.611816 0.881905 0.0400391 0.0380952 0.739258
0 0.065918 0.929524 0.0361328 0.0685714 0.76416
0 0.524902 0.854286 0.0380859 0.032381 0.76709
0 0.746094 0.797143 0.0390625 0.04 0.801758
0 0.597656 0.744762 0.0351562 0.0342857 0.809082
0 0.844727 0.882857 0.0449219 0.0552381 0.814941
0 0.363281 0.849524 0.0390625 0.0380952 0.814941
0 0.88623 0.792381 0.0419922 0.0571429 0.819824
0 0.534668 0.807619 0.0361328 0.0342857 0.831543
0 0.213867 0.774286 0.0371094 0.047619 0.833008
0 0.672852 0.799048 0.0429688 0.04 0.833984
0 0.28418 0.755238 0.03125 0.0361905 0.835449
0 0.289551 0.818095 0.0400391 0.04 0.844727
0 0.825195 0.838095 0.0410156 0.0495238 0.847656
0 0.469727 0.810476 0.0390625 0.0361905 0.847656
0 0.5 0.744762 0.0332031 0.0342857 0.848633
0 0.405762 0.809524 0.0361328 0.0342857 0.859375
0 0.12207 0.0304762 0.0449219 0.0609524 0.86084
0 0.14502 0.827619 0.0439453 0.0742857 0.867676
0 0.798828 0.751429 0.0390625 0.04 0.867676
0 0.103516 0.092381 0.0429688 0.0666667 0.876953
0 0.148926 0.893333 0.0458984 0.072381 0.88916
0 0.246094 0.873333 0.0449219 0.0514286 0.889648
0 0.953125 0.919048 0.0429688 0.0666667 0.891113
0 0.969727 0.872381 0.0410156 0.0685714 0.896973
0 0.342285 0.780952 0.0400391 0.0419048 0.915527
