0 0.855957 0.957143 0.0361328 0.032381 0.258057
0 0.564941 0.774286 0.0224609 0.0209524 0.282959
0 0.145996 0.796191 0.0419922 0.0647619 0.322266
0 0.819336 0.916191 0.0429688 0.0495238 0.36084
0 0.672363 0.88 0.0419922 0.0380952 0.393066
0 0.887695 0.856191 0.0332031 0.0514286 0.474365
0 0.927734 0.0285714 0.0390625 0.0571429 0.48999
0 0.718262 0.740952 0.0341797 0.0342857 0.705566
0 0.864258 0.897143 0.0410156 0.0533333 0.708496
0 0.620605 0.804762 0.0400391 0.032381 0.735352
0 0.899902 0.802857 0.0400391 0.0590476 0.751465
0 0.837891 0.842857 0.0390625 0.0514286 0.75293
0 0.8125 0.754286 0.0390625 0.0380952 0.755371
0 0.759766 0.798095 0.0390625 0.0419048 0.777344
0 0.138672 0.052381 0.0371094 0.0628571 0.77832
0 0.682617 0.798095 0.0410156 0.0419048 0.78125
0 0.612305 0.881905 0.0410156 0.0380952 0.790527
0 0.299805 0.752381 0.03125 0.0342857 0.802734
0 0.611816 0.744762 0.0361328 0.0342857 0.803223
0 0.537598 0.854286 0.0361328 0.032381 0.808594
0 0.0776367 0.914286 0.0341797 0.0609524 0.810059
0 0.41748 0.808571 0.0361328 0.032381 0.814941
0 0.544922 0.806667 0.0351562 0.0361905 0.815918
0 0.978027 0.886667 0.0419922 0.0742857 0.818848
0 0.376465 0.847619 0.0400391 0.0380952 0.822266
0 0.47998 0.810476 0.0380859 0.0361905 0.827148
0 0.299805 0.817143 0.0390625 0.0342857 0.82959
0 0.513184 0.744762 0.0322266 0.0342857 0.833984
0 0.224121 0.771429 0.0361328 0.0457143 0.86084
0 0.12207 0.0304762 0.0449219 0.0609524 0.872559
0 0.103516 0.092381 0.0429688 0.0666667 0.875488
0 0.15625 0.815238 0.0449219 0.0685714 0.878906
0 0.960938 0.931429 0.0410156 0.0685714 0.890625
0 0.355469 0.782857 0.0410156 0.0419048 0.890625
0 0.166016 0.879048 0.046875 0.0704762 0.910645
0 0.261719 0.870476 0.0429688 0.0457143 0.912598
