0 0.672363 0.88 0.0439453 0.0380952 0.350342
0 0.388672 0.778095 0.0234375 0.0247619 0.401367
0 0.927246 0.027619 0.0380859 0.0552381 0.482178
0 0.137695 0.052381 0.0390625 0.0628571 0.590332
0 0.822266 0.755238 0.0390625 0.047619 0.69043
0 0.695312 0.796191 0.0429688 0.0457143 0.694336
0 0.223633 0.771429 0.03125 0.0419048 0.728027
0 0.293945 0.850476 0.0390625 0.04 0.730469
0 0.628418 0.746667 0.0322266 0.0342857 0.756348
0 0.155273 0.813333 0.0371094 0.0609524 0.768555
0 0.335938 0.809524 0.0410156 0.0380952 0.772461
0 0.410156 0.814286 0.0390625 0.0361905 0.782715
0 0.611816 0.881905 0.0419922 0.0380952 0.783203
0 0.766602 0.815238 0.0410156 0.0457143 0.81543
0 0.82959 0.813333 0.0419922 0.0571429 0.819824
0 0.23291 0.827619 0.0400391 0.0438095 0.820312
0 0.726562 0.744762 0.0429688 0.0419048 0.822754
0 0.103027 0.092381 0.0419922 0.0666667 0.82373
0 0.5625 0.804762 0.0429688 0.0361905 0.830566
0 0.624023 0.799048 0.0410156 0.04 0.839355
0 0.447266 0.858095 0.0390625 0.0361905 0.855469
0 0.520508 0.747619 0.0332031 0.032381 0.858887
0 0.434082 0.747619 0.0322266 0.032381 0.862305
0 0.281738 0.775238 0.0419922 0.0419048 0.875488
0 0.482422 0.811429 0.0351562 0.0342857 0.876953
0 0.121582 0.0304762 0.0439453 0.0609524 0.880371
0 0.0869141 0.9 0.0449219 0.0780952 0.880371
0 0.919434 0.808571 0.0400391 0.0590476 0.88623
0 0.162598 0.92381 0.0458984 0.0685714 0.889648
0 0.907715 0.871429 0.0400391 0.0590476 0.908203
