0 0.671387 0.88 0.0400391 0.0380952 0.297607
0 0.658203 0.77619 0.0332031 0.0285714 0.408936
0 0.986816 0.970476 0.0263672 0.0590476 0.552246
0 0.919434 0.884762 0.0302734 0.0514286 0.571289
0 0.181641 0.0304762 0.0429688 0.0609524 0.580566
0 0.138184 0.0495238 0.0361328 0.0609524 0.657715
0 0.658203 0.804762 0.0390625 0.032381 0.666504
0 0.0644531 0.937143 0.0351562 0.0685714 0.683594
0 0.587891 0.846667 0.03125 0.032381 0.724609
0 0.936523 0.846667 0.0410156 0.0704762 0.757324
0 0.773926 0.74 0.0361328 0.04 0.765625
0 0.523438 0.804762 0.0390625 0.0361905 0.77832
0 0.814941 0.807619 0.0419922 0.0457143 0.79248
0 0.428223 0.847619 0.0400391 0.0380952 0.796387
0 0.382812 0.746667 0.0292969 0.0304762 0.800781
0 0.259277 0.758095 0.0361328 0.0380952 0.808594
0 0.67334 0.740952 0.0322266 0.0342857 0.81543
0 0.879883 0.88381 0.0390625 0.0609524 0.819336
0 0.612305 0.882857 0.0410156 0.04 0.82959
0 0.587402 0.806667 0.0361328 0.0361905 0.830078
0 0.345215 0.813333 0.0400391 0.0380952 0.834961
0 0.859375 0.767619 0.046875 0.0533333 0.838379
0 0.726074 0.799048 0.0419922 0.0438095 0.849609
0 0.103516 0.092381 0.0429688 0.0666667 0.849609
0 0.12207 0.0295238 0.0449219 0.0590476 0.851562
0 0.121094 0.851429 0.0351562 0.0609524 0.851562
0 0.458496 0.808571 0.0380859 0.032381 0.854492
0 0.402344 0.792381 0.0410156 0.0380952 0.856934
0 0.564453 0.742857 0.0332031 0.0342857 0.866211
0 0.0932617 0.957143 0.0380859 0.0704762 0.885254
0 0.233887 0.834286 0.0458984 0.0533333 0.885254
0 0.317871 0.860952 0.0419922 0.0380952 0.895996
0 0.196777 0.781905 0.0439453 0.0628571 0.898438
