0 0.990723 0.97619 0.0185547 0.047619 0.29126
0 0.835449 0.809524 0.0576172 0.072381 0.297119
0 0.617188 0.844762 0.0351562 0.032381 0.505371
0 0.181641 0.0304762 0.0449219 0.0609524 0.614746
0 0.138184 0.0514286 0.0361328 0.0609524 0.632812
0 0.672852 0.805714 0.0390625 0.0342857 0.634766
0 0.935059 0.90381 0.0341797 0.0590476 0.755859
0 0.433105 0.749524 0.0302734 0.032381 0.780762
0 0.880371 0.78 0.0419922 0.0552381 0.782227
0 0.611816 0.881905 0.0400391 0.0380952 0.786621
0 0.60791 0.802857 0.0361328 0.0361905 0.788086
0 0.144043 0.828571 0.0341797 0.0647619 0.797852
0 0.699219 0.74 0.0351562 0.0361905 0.798828
0 0.366699 0.812381 0.0380859 0.0361905 0.810059
0 0.479492 0.805714 0.0371094 0.0342857 0.82373
0 0.545898 0.802857 0.0390625 0.0361905 0.828613
0 0.455566 0.846667 0.0400391 0.0361905 0.840332
0 0.751465 0.8 0.0419922 0.0457143 0.842285
0 0.12207 0.0295238 0.0449219 0.0590476 0.845215
0 0.0849609 0.908571 0.0390625 0.072381 0.851562
0 0.589355 0.741905 0.0341797 0.032381 0.853516
0 0.954102 0.870476 0.0410156 0.072381 0.859375
0 0.213867 0.772381 0.0449219 0.0590476 0.873535
0 0.283691 0.755238 0.0361328 0.0361905 0.879883
0 0.42041 0.795238 0.0419922 0.04 0.880371
0 0.124023 0.915238 0.0390625 0.0666667 0.881348
0 0.103027 0.092381 0.0419922 0.0666667 0.885742
0 0.26709 0.824762 0.0439453 0.0457143 0.88916
0 0.342285 0.859048 0.0419922 0.0380952 0.898438
0 0.897461 0.906667 0.0390625 0.0647619 0.90625
