0 0.925781 0.0266667 0.0371094 0.0533333 0.292236
0 0.790039 0.838095 0.0332031 0.0304762 0.31543
0 0.769531 0.784762 0.0351562 0.0342857 0.329102
0 0.184082 0.0285714 0.0458984 0.0571429 0.431396
0 0.611328 0.773333 0.0234375 0.0228571 0.44751
0 0.703613 0.78 0.0361328 0.032381 0.472412
0 0.904297 0.868571 0.03125 0.0533333 0.590332
0 0.987793 0.913333 0.0244141 0.0742857 0.69043
0 0.138672 0.052381 0.0371094 0.0628571 0.716309
0 0.400879 0.847619 0.0341797 0.0342857 0.751465
0 0.786133 0.801905 0.0390625 0.0380952 0.757812
0 0.638672 0.802857 0.0410156 0.0361905 0.777344
0 0.322754 0.815238 0.0400391 0.0380952 0.79248
0 0.241211 0.764762 0.0351562 0.04 0.79541
0 0.703613 0.8 0.0400391 0.0380952 0.800781
0 0.560059 0.850476 0.0341797 0.032381 0.803711
0 0.74707 0.739048 0.0371094 0.0380952 0.809082
0 0.612305 0.882857 0.0410156 0.04 0.8125
0 0.334473 0.747619 0.0322266 0.0361905 0.822266
0 0.564453 0.808571 0.0371094 0.0361905 0.822754
0 0.500977 0.806667 0.0410156 0.0361905 0.82373
0 0.437988 0.808571 0.0361328 0.032381 0.839355
0 0.643066 0.742857 0.0322266 0.0342857 0.849121
0 0.0976562 0.881905 0.0332031 0.0609524 0.849609
0 0.859375 0.860952 0.0390625 0.0533333 0.856934
0 0.12207 0.0304762 0.0449219 0.0609524 0.860352
0 0.92041 0.822857 0.0419922 0.0685714 0.86084
0 0.539551 0.74381 0.0322266 0.032381 0.866699
0 0.103027 0.092381 0.0419922 0.0666667 0.867676
0 0.199219 0.851429 0.046875 0.0647619 0.868164
0 0.976562 0.951429 0.0410156 0.0704762 0.871582
0 0.837402 0.760952 0.0419922 0.047619 0.887207
0 0.179688 0.794286 0.0449219 0.0647619 0.887695
0 0.291016 0.86381 0.0410156 0.04 0.88916
0 0.379883 0.787619 0.0410156 0.0438095 0.893066
