0 0.974121 0.126667 0.0439453 0.0552381 0.393555
0 0.554688 0.840952 0.0390625 0.0361905 0.526855
0 0.137695 0.0504762 0.0371094 0.0628571 0.581055
0 0.808105 0.767619 0.0439453 0.0533333 0.631348
0 0.181641 0.0304762 0.0429688 0.0609524 0.634277
0 0.71875 0.797143 0.046875 0.0438095 0.703613
0 0.852539 0.757143 0.0410156 0.047619 0.711914
0 0.970703 0.960952 0.03125 0.0552381 0.716797
0 0.671387 0.88 0.0419922 0.0380952 0.727051
0 0.611816 0.881905 0.0419922 0.0380952 0.729004
0 0.137207 0.839048 0.0419922 0.0704762 0.736816
0 0.705566 0.845714 0.0361328 0.0380952 0.763184
0 0.715332 0.886667 0.0400391 0.04 0.791504
0 0.550781 0.751429 0.0292969 0.0285714 0.793945
0 0.651855 0.80381 0.0361328 0.0380952 0.798828
0 0.189941 0.794286 0.0361328 0.0533333 0.818359
0 0.598145 0.801905 0.0380859 0.0342857 0.818848
0 0.978516 0.906667 0.0390625 0.0685714 0.828613
0 0.354004 0.747619 0.0341797 0.032381 0.837402
0 0.537598 0.802857 0.0361328 0.032381 0.844238
0 0.815918 0.814286 0.0419922 0.0514286 0.852051
0 0.408203 0.807619 0.0410156 0.0380952 0.853516
0 0.333984 0.815238 0.0429688 0.0457143 0.853516
0 0.651855 0.740952 0.0341797 0.0342857 0.861328
0 0.899414 0.851429 0.0449219 0.0647619 0.864746
0 0.400879 0.854286 0.0419922 0.04 0.864746
0 0.207031 0.840952 0.0390625 0.0552381 0.870605
0 0.462891 0.8 0.0410156 0.0380952 0.872559
0 0.754395 0.738095 0.0341797 0.0361905 0.874512
0 0.275879 0.751429 0.0419922 0.0438095 0.880371
0 0.12207 0.0295238 0.0449219 0.0590476 0.882812
0 0.919434 0.805714 0.0458984 0.0647619 0.884277
0 0.103027 0.092381 0.0419922 0.0666667 0.884277
