0 0.0932617 0.0657143 0.0361328 0.0552381 0.303711
0 0.668457 0.749524 0.0302734 0.0361905 0.373535
0 0.181152 0.0304762 0.0439453 0.0609524 0.514648
0 0.92334 0.0219048 0.0322266 0.0438095 0.544434
0 0.819824 0.917143 0.0419922 0.047619 0.549805
0 0.705566 0.842857 0.0380859 0.04 0.575195
0 0.138184 0.0495238 0.0361328 0.0609524 0.58252
0 0.98291 0.97619 0.0322266 0.047619 0.620117
0 0.860352 0.897143 0.0410156 0.0571429 0.627441
0 0.612305 0.880952 0.0410156 0.04 0.682617
0 0.989258 0.134286 0.0214844 0.0552381 0.68457
0 0.671875 0.88 0.0410156 0.0380952 0.742188
0 0.715332 0.886667 0.0400391 0.04 0.748535
0 0.98584 0.265714 0.0283203 0.0438095 0.752441
0 0.893066 0.78 0.0361328 0.0514286 0.758789
0 0.983398 0.920952 0.0332031 0.0742857 0.771484
0 0.663086 0.801905 0.0410156 0.0380952 0.786621
0 0.604492 0.799048 0.0371094 0.032381 0.79541
0 0.941895 0.829524 0.0439453 0.0666667 0.796387
0 0.721191 0.801905 0.0380859 0.0419048 0.809082
0 0.29834 0.754286 0.0322266 0.0342857 0.823242
0 0.497559 0.744762 0.0341797 0.0304762 0.829102
0 0.217773 0.782857 0.0410156 0.0495238 0.830566
0 0.515625 0.938095 0.0410156 0.0857143 0.834961
0 0.822754 0.811429 0.0439453 0.0457143 0.837402
0 0.473145 0.80381 0.0400391 0.0342857 0.847656
0 0.88916 0.852381 0.0419922 0.0590476 0.861816
0 0.933594 0.133333 0.0351562 0.0571429 0.862793
0 0.946289 0.907619 0.0390625 0.0704762 0.866699
0 0.539551 0.802857 0.0419922 0.04 0.866699
0 0.399902 0.814286 0.0419922 0.04 0.87207
0 0.301758 0.807619 0.0390625 0.0380952 0.874023
0 0.393555 0.746667 0.0410156 0.0380952 0.874512
0 0.816895 0.748571 0.0341797 0.0419048 0.878906
0 0.12207 0.0295238 0.0449219 0.0590476 0.883789
0 0.103027 0.092381 0.0419922 0.0666667 0.884766
0 0.745605 0.74 0.0341797 0.0361905 0.885742
0 0.848633 0.0466667 0.0390625 0.0780952 0.89502
0 0.867676 0.170476 0.0439453 0.0780952 0.902344
0 0.530762 0.846667 0.0419922 0.04 0.908203
