0 0.0927734 0.0666667 0.0371094 0.0571429 0.252197
0 0.149902 0.796191 0.0439453 0.0647619 0.295654
0 0.495117 0.978095 0.0273438 0.04 0.34082
0 0.181152 0.0304762 0.0419922 0.0609524 0.459961
0 0.98291 0.975238 0.0322266 0.0495238 0.577148
0 0.672363 0.88 0.0419922 0.0380952 0.671875
0 0.0991211 0.887619 0.0380859 0.0685714 0.675293
0 0.118652 0.920952 0.0361328 0.0590476 0.687012
0 0.140625 0.0466667 0.0429688 0.0742857 0.700195
0 0.764648 0.851429 0.0410156 0.0533333 0.719727
0 0.87207 0.765714 0.0371094 0.0457143 0.729004
0 0.611328 0.839048 0.0390625 0.0361905 0.742676
0 0.160645 0.819048 0.0458984 0.0761905 0.74707
0 0.981445 0.913333 0.0371094 0.0742857 0.752441
0 0.430176 0.80381 0.0419922 0.0419048 0.772461
0 0.677734 0.802857 0.0351562 0.04 0.776855
0 0.621094 0.8 0.0390625 0.0380952 0.783203
0 0.757812 0.797143 0.0429688 0.0438095 0.791504
0 0.924316 0.88 0.0419922 0.0685714 0.797852
0 0.849121 0.829524 0.0419922 0.0514286 0.79834
0 0.56543 0.802857 0.0371094 0.032381 0.816406
0 0.603516 0.750476 0.03125 0.0342857 0.825684
0 0.612305 0.880952 0.0410156 0.04 0.838379
0 0.404297 0.744762 0.0351562 0.0304762 0.838379
0 0.687988 0.74 0.0341797 0.0361905 0.840332
0 0.223633 0.775238 0.0332031 0.0457143 0.852539
0 0.321289 0.747619 0.0429688 0.04 0.861328
0 0.35791 0.815238 0.0439453 0.0419048 0.869141
0 0.48877 0.8 0.0419922 0.0380952 0.870117
0 0.933594 0.819048 0.0449219 0.0647619 0.871094
0 0.953125 0.194286 0.0410156 0.0533333 0.871094
0 0.780273 0.74 0.0332031 0.0361905 0.871582
0 0.444336 0.850476 0.0410156 0.04 0.87207
0 0.931152 0.0838095 0.0439453 0.0685714 0.87793
0 0.956055 0.25619 0.046875 0.0552381 0.881348
0 0.103027 0.092381 0.0419922 0.0666667 0.887695
0 0.122559 0.0304762 0.0458984 0.0609524 0.889648
0 0.248047 0.822857 0.0390625 0.0457143 0.904297
