0 0.0922852 0.0666667 0.0361328 0.0571429 0.310547
0 0.720703 0.84381 0.0351562 0.0380952 0.388428
0 0.92334 0.0209524 0.0322266 0.0419048 0.519043
0 0.873535 0.907619 0.0478516 0.0628571 0.520996
0 0.181152 0.0304762 0.0419922 0.0609524 0.570801
0 0.71582 0.886667 0.0390625 0.04 0.571289
0 0.671875 0.880952 0.0429688 0.04 0.579102
0 0.98291 0.97619 0.0322266 0.047619 0.650879
0 0.671875 0.802857 0.0390625 0.0361905 0.650879
0 0.13916 0.0495238 0.0380859 0.0647619 0.661621
0 0.89502 0.780952 0.0361328 0.0533333 0.678711
0 0.678711 0.750476 0.03125 0.0380952 0.710449
0 0.611816 0.880952 0.0419922 0.04 0.749512
0 0.98291 0.130476 0.0341797 0.0552381 0.753418
0 0.61084 0.799048 0.0380859 0.032381 0.758301
0 0.312988 0.753333 0.0341797 0.0361905 0.780762
0 0.943848 0.830476 0.0439453 0.0685714 0.807617
0 0.729492 0.802857 0.0371094 0.04 0.814941
0 0.833496 0.814286 0.0439453 0.0514286 0.820801
0 0.230469 0.77619 0.0410156 0.047619 0.826172
0 0.983398 0.924762 0.0332031 0.0780952 0.834961
0 0.48291 0.802857 0.0400391 0.0361905 0.840332
0 0.975586 0.260952 0.0449219 0.0457143 0.857422
0 0.945312 0.909524 0.0410156 0.0704762 0.85791
0 0.51709 0.74381 0.0341797 0.0285714 0.859863
0 0.82373 0.751429 0.0341797 0.0438095 0.867188
0 0.408203 0.813333 0.0429688 0.0419048 0.867676
0 0.54834 0.845714 0.0419922 0.0380952 0.868164
0 0.893066 0.854286 0.0419922 0.0590476 0.875488
0 0.407227 0.746667 0.0410156 0.0380952 0.878906
0 0.103027 0.092381 0.0419922 0.0666667 0.884766
0 0.311523 0.80381 0.0390625 0.0380952 0.884766
0 0.548828 0.801905 0.0410156 0.0380952 0.885254
0 0.756348 0.740952 0.0341797 0.0342857 0.887207
0 0.12207 0.0295238 0.0449219 0.0590476 0.888184
0 0.851074 0.139048 0.0419922 0.0838095 0.888184
0 0.914551 0.106667 0.0361328 0.0609524 0.888184
0 0.519531 0.931429 0.0410156 0.08 0.928223
