0 0.498535 0.970476 0.0341797 0.0590476 0.276367
0 0.672363 0.880952 0.0419922 0.0361905 0.425293
0 0.0927734 0.0647619 0.0371094 0.0571429 0.4375
0 0.875 0.807619 0.0351562 0.0457143 0.488037
0 0.98291 0.975238 0.0322266 0.0495238 0.51123
0 0.627441 0.840952 0.0341797 0.0361905 0.513672
0 0.181641 0.0304762 0.0429688 0.0609524 0.556641
0 0.786133 0.855238 0.0390625 0.0457143 0.584473
0 0.140137 0.0485714 0.0400391 0.0666667 0.599609
0 0.131836 0.90381 0.0390625 0.0666667 0.634766
0 0.981445 0.915238 0.0371094 0.0780952 0.661133
0 0.236328 0.770476 0.0351562 0.047619 0.748535
0 0.620117 0.752381 0.03125 0.0342857 0.76416
0 0.423828 0.744762 0.0351562 0.0304762 0.77002
0 0.877441 0.770476 0.0361328 0.047619 0.788086
0 0.62793 0.800952 0.0390625 0.04 0.797852
0 0.612305 0.881905 0.0410156 0.0380952 0.803223
0 0.938965 0.245714 0.0458984 0.0571429 0.807617
0 0.439453 0.806667 0.0390625 0.0361905 0.8125
0 0.573242 0.801905 0.0371094 0.0342857 0.812988
0 0.771973 0.799048 0.0419922 0.0438095 0.819824
0 0.700195 0.740952 0.0332031 0.0342857 0.838867
0 0.91748 0.0666667 0.0419922 0.072381 0.84375
0 0.169922 0.805714 0.0449219 0.0647619 0.844238
0 0.687012 0.801905 0.0361328 0.0419048 0.847656
0 0.336426 0.746667 0.0400391 0.0380952 0.857422
0 0.859375 0.834286 0.0410156 0.0533333 0.860352
0 0.788574 0.741905 0.0341797 0.0361905 0.865234
0 0.929688 0.17619 0.0410156 0.0590476 0.872559
0 0.937012 0.824762 0.0439453 0.0685714 0.873535
0 0.366699 0.815238 0.0419922 0.0419048 0.873535
0 0.931152 0.888571 0.0419922 0.0704762 0.874512
0 0.260254 0.819048 0.0400391 0.0457143 0.875488
0 0.498535 0.800952 0.0419922 0.04 0.878418
0 0.103516 0.092381 0.0429688 0.0666667 0.881836
0 0.12207 0.0304762 0.0449219 0.0609524 0.885254
0 0.461426 0.850476 0.0419922 0.04 0.88916
