0 0.716309 0.885714 0.0400391 0.0419048 0.266846
0 0.855469 0.798095 0.0273438 0.0342857 0.28125
0 0.0976562 0.928571 0.0371094 0.0628571 0.31543
0 0.672363 0.88 0.0419922 0.0380952 0.329102
0 0.0927734 0.0666667 0.0371094 0.0571429 0.359131
0 0.922363 0.0219048 0.0341797 0.0438095 0.378906
0 0.605957 0.839048 0.0361328 0.032381 0.443359
0 0.181641 0.0304762 0.0410156 0.0609524 0.545898
0 0.866211 0.76381 0.0371094 0.0457143 0.595703
0 0.138672 0.0495238 0.0371094 0.0647619 0.601562
0 0.106934 0.939048 0.0361328 0.0647619 0.632812
0 0.746094 0.848571 0.0371094 0.04 0.660156
0 0.0898438 0.905714 0.0390625 0.0704762 0.683594
0 0.978516 0.973333 0.03125 0.0533333 0.702148
0 0.15332 0.824762 0.0449219 0.072381 0.744141
0 0.557617 0.80381 0.0371094 0.0304762 0.744141
0 0.611816 0.801905 0.0380859 0.0342857 0.76416
0 0.588379 0.752381 0.0302734 0.0266667 0.78125
0 0.211426 0.779048 0.0341797 0.0457143 0.784668
0 0.668945 0.80381 0.0371094 0.0380952 0.826172
0 0.387207 0.744762 0.0341797 0.0342857 0.834961
0 0.981445 0.914286 0.0371094 0.0685714 0.835938
0 0.745117 0.799048 0.0410156 0.04 0.838867
0 0.423828 0.805714 0.0390625 0.0380952 0.847656
0 0.47998 0.8 0.0419922 0.0380952 0.850586
0 0.611816 0.882857 0.0400391 0.04 0.854492
0 0.836914 0.822857 0.046875 0.0533333 0.85498
0 0.676758 0.740952 0.0332031 0.0342857 0.85498
0 0.917969 0.870476 0.0429688 0.072381 0.86377
0 0.351562 0.815238 0.0429688 0.0419048 0.868652
0 0.772461 0.74 0.0332031 0.0361905 0.869629
0 0.975098 0.204762 0.0419922 0.047619 0.878418
0 0.976074 0.264762 0.0439453 0.0457143 0.878418
0 0.12207 0.0295238 0.0449219 0.0590476 0.881348
0 0.929688 0.81619 0.0429688 0.0628571 0.882812
0 0.307129 0.747619 0.0419922 0.04 0.884766
0 0.103516 0.092381 0.0429688 0.0666667 0.88916
0 0.428223 0.853333 0.0419922 0.0380952 0.890625
0 0.23584 0.827619 0.0380859 0.047619 0.89502
0 0.945801 0.100952 0.0439453 0.0647619 0.898438
