0 0.183105 0.0304762 0.0458984 0.0609524 0.323242
0 0.644531 0.752381 0.03125 0.0342857 0.378906
0 0.0927734 0.0666667 0.0371094 0.0571429 0.406982
0 0.92334 0.0219048 0.0361328 0.0438095 0.51709
0 0.819824 0.918095 0.0439453 0.0495238 0.534668
0 0.140137 0.0571429 0.0380859 0.0609524 0.538574
0 0.612305 0.881905 0.0410156 0.0380952 0.600586
0 0.98291 0.97619 0.0322266 0.047619 0.64209
0 0.667969 0.838095 0.0371094 0.0380952 0.668457
0 0.671875 0.881905 0.0410156 0.0380952 0.689453
0 0.888184 0.777143 0.0361328 0.0533333 0.702148
0 0.794922 0.800952 0.0507812 0.047619 0.705078
0 0.888672 0.0285714 0.0390625 0.0571429 0.726074
0 0.98291 0.917143 0.0341797 0.0704762 0.749512
0 0.645508 0.797143 0.0390625 0.0361905 0.763184
0 0.816406 0.865714 0.0585938 0.0742857 0.771484
0 0.588379 0.8 0.0361328 0.0304762 0.788574
0 0.704102 0.801905 0.0371094 0.0419048 0.792969
0 0.457031 0.80381 0.0390625 0.0342857 0.810059
0 0.267578 0.760952 0.03125 0.0361905 0.818848
0 0.722168 0.74 0.0361328 0.0361905 0.828613
0 0.460938 0.742857 0.0351562 0.0304762 0.836914
0 0.876465 0.844762 0.0400391 0.0552381 0.842773
0 0.975586 0.173333 0.0371094 0.0457143 0.854004
0 0.519043 0.800952 0.0419922 0.04 0.855469
0 0.939453 0.9 0.0390625 0.0666667 0.856445
0 0.382812 0.815238 0.0429688 0.0419048 0.859375
0 0.804199 0.742857 0.0341797 0.0380952 0.859863
0 0.365234 0.746667 0.0410156 0.0380952 0.869141
0 0.939941 0.826667 0.0439453 0.0685714 0.869629
0 0.12207 0.0304762 0.0449219 0.0609524 0.874512
0 0.191895 0.791429 0.0439453 0.0552381 0.875
0 0.103516 0.092381 0.0429688 0.0666667 0.875977
0 0.282227 0.813333 0.0390625 0.0419048 0.88623
0 0.507812 0.958095 0.0390625 0.0838095 0.88916
0 0.495605 0.848571 0.0419922 0.04 0.896973
0 0.885254 0.121905 0.0400391 0.072381 0.902344
0 0.90332 0.217143 0.046875 0.0685714 0.917969
