0 0.15625 0.798095 0.0488281 0.0685714 0.250732
0 0.920898 0.0209524 0.0371094 0.0419048 0.298584
0 0.902344 0.052381 0.0488281 0.0857143 0.397949
0 0.250977 0.765714 0.0410156 0.0380952 0.431641
0 0.71582 0.885714 0.0390625 0.0419048 0.466309
0 0.180176 0.0314286 0.0439453 0.0628571 0.533691
0 0.0961914 0.0971429 0.0361328 0.0571429 0.56543
0 0.98291 0.975238 0.0322266 0.0495238 0.571289
0 0.672363 0.88 0.0419922 0.0380952 0.608398
0 0.855469 0.827619 0.0351562 0.0514286 0.645508
0 0.612305 0.88 0.0410156 0.0380952 0.646973
0 0.557617 0.871429 0.0449219 0.0704762 0.669434
0 0.749023 0.801905 0.0410156 0.0419048 0.724609
0 0.501465 0.913333 0.0419922 0.0933333 0.74707
0 0.883789 0.907619 0.0410156 0.0590476 0.758789
0 0.749512 0.745714 0.0341797 0.04 0.773438
0 0.98291 0.0847619 0.0341797 0.0590476 0.797852
0 0.947754 0.912381 0.0380859 0.0685714 0.802734
0 0.651367 0.742857 0.0351562 0.0342857 0.803223
0 0.900879 0.786667 0.0380859 0.0533333 0.805176
0 0.688965 0.797143 0.0380859 0.0361905 0.808105
0 0.427246 0.747619 0.0322266 0.032381 0.808594
0 0.16748 0.818095 0.0498047 0.0742857 0.830078
0 0.270996 0.811429 0.0361328 0.0380952 0.840332
0 0.059082 0.946667 0.0439453 0.08 0.842285
0 0.946289 0.833333 0.0449219 0.0666667 0.845703
0 0.556152 0.8 0.0400391 0.0342857 0.845703
0 0.807617 0.80381 0.0371094 0.0457143 0.847168
0 0.328125 0.761905 0.0410156 0.0380952 0.849609
0 0.980469 0.265714 0.0390625 0.0438095 0.852539
0 0.806152 0.744762 0.0341797 0.0380952 0.854004
0 0.625488 0.801905 0.0419922 0.0380952 0.859375
0 0.745117 0.844762 0.0429688 0.0438095 0.868164
0 0.11377 0.0333333 0.0439453 0.0666667 0.872559
0 0.0307617 0.142857 0.0400391 0.0495238 0.875488
0 0.92627 0.171429 0.0361328 0.0533333 0.875977
0 0.963379 0.149524 0.0400391 0.047619 0.879395
0 0.488281 0.809524 0.0429688 0.0419048 0.881348
0 0.847656 0.759048 0.0351562 0.047619 0.888672
0 0.39209 0.784762 0.0380859 0.0380952 0.89209
0 0.550293 0.745714 0.0419922 0.0361905 0.897949
0 0.903809 0.866667 0.0439453 0.0647619 0.904297
0 0.827148 0.0828571 0.0410156 0.0857143 0.906738
0 0.114258 0.873333 0.0449219 0.0780952 0.916992
