0 0.836914 0.0409524 0.0214844 0.0438095 0.303711
0 0.894531 0.0390476 0.0429688 0.0780952 0.305176
0 0.672852 0.88 0.0429688 0.0419048 0.341309
0 0.92334 0.0209524 0.0341797 0.0419048 0.429932
0 0.503906 0.906667 0.0429688 0.0914286 0.524902
0 0.98291 0.97619 0.0322266 0.047619 0.636719
0 0.163574 0.792381 0.0458984 0.0685714 0.648926
0 0.263672 0.76381 0.0371094 0.0342857 0.665039
0 0.693359 0.794286 0.046875 0.0419048 0.724609
0 0.0864258 0.105714 0.0380859 0.0514286 0.745605
0 0.979004 0.0780952 0.0419922 0.0571429 0.761719
0 0.562988 0.864762 0.0458984 0.0685714 0.763672
0 0.177734 0.806667 0.0429688 0.0628571 0.76416
0 0.438477 0.747619 0.03125 0.032381 0.768555
0 0.755859 0.745714 0.03125 0.0361905 0.779297
0 0.280273 0.810476 0.0371094 0.04 0.783691
0 0.612305 0.880952 0.0410156 0.04 0.78418
0 0.896484 0.918095 0.0390625 0.0609524 0.798828
0 0.177246 0.0333333 0.0419922 0.0666667 0.804199
0 0.0668945 0.933333 0.0458984 0.0838095 0.805176
0 0.755859 0.800952 0.0410156 0.0438095 0.806641
0 0.947754 0.912381 0.0361328 0.0685714 0.819336
0 0.563477 0.8 0.0371094 0.0342857 0.820312
0 0.664551 0.741905 0.0341797 0.0361905 0.823242
0 0.858398 0.831429 0.0390625 0.0552381 0.82666
0 0.806152 0.744762 0.0341797 0.0380952 0.833496
0 0.905762 0.150476 0.0361328 0.0571429 0.849609
0 0.8125 0.805714 0.0390625 0.0457143 0.855957
0 0.899902 0.784762 0.0380859 0.0533333 0.858398
0 0.496094 0.808571 0.0429688 0.04 0.860352
0 0.019043 0.146667 0.0380859 0.0457143 0.861816
0 0.633789 0.802857 0.0429688 0.04 0.86377
0 0.960938 0.255238 0.0429688 0.0495238 0.864746
0 0.948242 0.14 0.0410156 0.0552381 0.864746
0 0.765625 0.847619 0.0429688 0.0419048 0.869141
0 0.334961 0.759048 0.0429688 0.04 0.870117
0 0.401367 0.784762 0.0371094 0.0380952 0.875
0 0.564941 0.746667 0.0400391 0.0380952 0.875977
0 0.848145 0.759048 0.0361328 0.047619 0.878418
0 0.947754 0.835238 0.0458984 0.0704762 0.883789
0 0.816406 0.0533333 0.0390625 0.0838095 0.892578
0 0.904785 0.867619 0.0439453 0.0628571 0.894043
0 0.121582 0.864762 0.0439453 0.0761905 0.906738
0 0.108887 0.0409524 0.0439453 0.0666667 0.916504
