0 0.0224609 0.140952 0.0390625 0.0419048 0.293945
0 0.92334 0.0219048 0.0341797 0.0438095 0.314697
0 0.771973 0.794286 0.0380859 0.0495238 0.424072
0 0.863281 0.0247619 0.0371094 0.0495238 0.446777
0 0.98291 0.975238 0.0322266 0.0495238 0.538574
0 0.859375 0.829524 0.0390625 0.0514286 0.540527
0 0.818359 0.810476 0.0390625 0.047619 0.58252
0 0.727051 0.798095 0.0380859 0.0380952 0.640625
0 0.15918 0.792381 0.046875 0.0685714 0.650879
0 0.905273 0.787619 0.0371094 0.0552381 0.662109
0 0.672363 0.880952 0.0419922 0.04 0.680664
0 0.0395508 0.092381 0.0439453 0.0514286 0.697266
0 0.689941 0.821905 0.0439453 0.0590476 0.759766
0 0.985352 0.154286 0.0292969 0.0457143 0.786621
0 0.766602 0.74381 0.03125 0.0361905 0.786621
0 0.515625 0.744762 0.03125 0.0304762 0.794434
0 0.611816 0.880952 0.0419922 0.04 0.79834
0 0.719727 0.742857 0.0371094 0.0380952 0.803223
0 0.328613 0.755238 0.0400391 0.0361905 0.818359
0 0.807129 0.744762 0.0341797 0.0380952 0.818848
0 0.60791 0.797143 0.0400391 0.0361905 0.827148
0 0.240723 0.773333 0.0439453 0.0495238 0.827637
0 0.333984 0.802857 0.0371094 0.0361905 0.828613
0 0.547852 0.805714 0.0429688 0.0380952 0.829102
0 0.11084 0.929524 0.0400391 0.0609524 0.833008
0 0.949219 0.911429 0.0410156 0.0704762 0.841797
0 0.463379 0.767619 0.0380859 0.0380952 0.856445
0 0.973145 0.0761905 0.0439453 0.0533333 0.864746
0 0.608398 0.842857 0.0429688 0.0438095 0.865723
0 0.186523 0.0352381 0.0390625 0.0704762 0.868164
0 0.853516 0.76 0.0390625 0.0495238 0.870117
0 0.109375 0.0590476 0.0390625 0.0647619 0.870605
0 0.643066 0.748571 0.0400391 0.0419048 0.873535
0 0.839355 0.108571 0.0361328 0.072381 0.875977
0 0.391602 0.754286 0.0410156 0.0380952 0.878418
0 0.928223 0.0866667 0.0439453 0.0704762 0.878418
0 0.972656 0.860952 0.0449219 0.0685714 0.881836
0 0.125 0.0961905 0.0429688 0.0704762 0.887207
0 0.523438 0.873333 0.0449219 0.0780952 0.88916
0 0.907715 0.868571 0.0419922 0.0609524 0.891113
0 0.172363 0.812381 0.0458984 0.0666667 0.891113
0 0.121094 0.856191 0.0429688 0.0742857 0.897949
0 0.893066 0.912381 0.0439453 0.0647619 0.901367
0 0.917969 0.21619 0.0371094 0.0552381 0.908691
