0 0.672363 0.88 0.0439453 0.0380952 0.279541
0 0.922363 0.0228571 0.0361328 0.0457143 0.346191
0 0.817871 0.809524 0.0341797 0.0419048 0.368164
0 0.0639648 0.047619 0.0439453 0.0571429 0.406982
0 0.979492 0.971429 0.0371094 0.0571429 0.533691
0 0.77002 0.795238 0.0380859 0.0438095 0.55957
0 0.611816 0.882857 0.0419922 0.04 0.635742
0 0.312012 0.805714 0.0361328 0.0342857 0.648926
0 0.856934 0.831429 0.0380859 0.047619 0.702148
0 0.901367 0.786667 0.0371094 0.0533333 0.719727
0 0.301758 0.759048 0.0371094 0.0361905 0.764648
0 0.970215 0.122857 0.0439453 0.0514286 0.76709
0 0.720703 0.798095 0.0371094 0.0380952 0.768555
0 0.70752 0.742857 0.0361328 0.0380952 0.771973
0 0.150391 0.832381 0.046875 0.0761905 0.780762
0 0.58252 0.852381 0.0439453 0.0590476 0.797852
0 0.806152 0.74381 0.0322266 0.0361905 0.810059
0 0.47998 0.746667 0.0322266 0.0342857 0.813965
0 0.0727539 0.072381 0.0439453 0.0647619 0.815918
0 0.515625 0.886667 0.0429688 0.0857143 0.816406
0 0.589844 0.799048 0.0390625 0.0361905 0.820312
0 0.766602 0.745714 0.03125 0.0361905 0.832031
0 0.150391 0.0647619 0.0429688 0.0761905 0.839355
0 0.21582 0.785714 0.0449219 0.0590476 0.842285
0 0.948242 0.912381 0.0410156 0.0685714 0.849121
0 0.612793 0.746667 0.0419922 0.0380952 0.851562
0 0.850586 0.760952 0.0371094 0.047619 0.853027
0 0.526367 0.806667 0.0429688 0.04 0.854492
0 0.132812 0.0333333 0.0390625 0.0666667 0.859375
0 0.973633 0.0752381 0.0449219 0.0552381 0.861328
0 0.979004 0.255238 0.0380859 0.0419048 0.861328
0 0.959473 0.847619 0.0439453 0.0685714 0.864258
0 0.666016 0.806667 0.0429688 0.047619 0.875
0 0.435547 0.775238 0.0390625 0.0419048 0.877441
0 0.882812 0.184762 0.0410156 0.0609524 0.879883
0 0.837402 0.0342857 0.0341797 0.0685714 0.881348
0 0.366211 0.75619 0.0410156 0.0380952 0.885742
0 0.102051 0.882857 0.0419922 0.0742857 0.88916
0 0.906738 0.868571 0.0419922 0.0609524 0.892578
0 0.892578 0.0752381 0.0390625 0.0704762 0.902344
0 0.845215 0.87619 0.0439453 0.0533333 0.913574
