0 0.817871 0.807619 0.0380859 0.0457143 0.369873
0 0.92334 0.0219048 0.0361328 0.0438095 0.369873
0 0.672363 0.88 0.0419922 0.0380952 0.560547
0 0.978027 0.972381 0.0400391 0.0552381 0.561523
0 0.0776367 0.967619 0.0419922 0.0647619 0.629395
0 0.770996 0.795238 0.0380859 0.047619 0.690918
0 0.319824 0.804762 0.0361328 0.032381 0.745605
0 0.806641 0.74381 0.0332031 0.0361905 0.796387
0 0.902344 0.787619 0.0351562 0.0514286 0.80127
0 0.611328 0.881905 0.0429688 0.0419048 0.802734
0 0.963379 0.853333 0.0439453 0.0685714 0.806641
0 0.723145 0.798095 0.0400391 0.0380952 0.808594
0 0.714844 0.741905 0.0351562 0.0361905 0.818848
0 0.589355 0.847619 0.0439453 0.0533333 0.823242
0 0.491699 0.745714 0.0322266 0.032381 0.834473
0 0.224121 0.781905 0.0439453 0.0552381 0.835449
0 0.310059 0.757143 0.0380859 0.0361905 0.835449
0 0.766113 0.74381 0.0322266 0.0361905 0.836426
0 0.948242 0.912381 0.0390625 0.0685714 0.841309
0 0.596191 0.797143 0.0400391 0.0361905 0.84668
0 0.956543 0.112381 0.0439453 0.0571429 0.849609
0 0.622559 0.748571 0.0419922 0.0419048 0.862793
0 0.0615234 0.08 0.0449219 0.0609524 0.86377
0 0.373047 0.755238 0.0429688 0.04 0.870605
0 0.518555 0.880952 0.0429688 0.0819048 0.87207
0 0.852539 0.760952 0.0371094 0.047619 0.872559
0 0.125488 0.0428571 0.0400391 0.0704762 0.872559
0 0.158691 0.826667 0.0439453 0.0685714 0.879883
0 0.973633 0.0752381 0.0449219 0.0552381 0.880371
0 0.141602 0.0771429 0.0429688 0.0742857 0.881836
0 0.86084 0.830476 0.0439453 0.0571429 0.884766
0 0.444824 0.773333 0.0380859 0.0419048 0.888184
0 0.907715 0.868571 0.0419922 0.0609524 0.890137
0 0.674316 0.811429 0.0439453 0.0533333 0.892578
0 0.862793 0.885714 0.0439453 0.0571429 0.896973
0 0.533691 0.806667 0.0439453 0.04 0.897949
0 0.958008 0.244762 0.0371094 0.047619 0.900879
0 0.867188 0.162857 0.0390625 0.0628571 0.901855
0 0.109375 0.872381 0.0429688 0.0761905 0.912109
0 0.882812 0.0552381 0.0371094 0.072381 0.918457
