0 0.765625 0.78381 0.0351562 0.0361905 0.341553
0 0.92334 0.0219048 0.0341797 0.0438095 0.406738
0 0.989258 0.138095 0.0214844 0.0514286 0.490234
0 0.98291 0.97619 0.0322266 0.047619 0.495361
0 0.671875 0.879048 0.0429688 0.04 0.518066
0 0.859863 0.829524 0.0419922 0.0514286 0.556152
0 0.147949 0.0238095 0.0419922 0.047619 0.557129
0 0.818848 0.915238 0.0439453 0.047619 0.589844
0 0.912598 0.934286 0.0517578 0.0819048 0.671875
0 0.00830078 0.150476 0.0166016 0.0419048 0.688965
0 0.0566406 0.100952 0.0371094 0.0457143 0.697266
0 0.296387 0.809524 0.0361328 0.0380952 0.722656
0 0.766113 0.801905 0.0361328 0.0380952 0.725098
0 0.711914 0.799048 0.0371094 0.0361905 0.73877
0 0.0634766 0.121905 0.0332031 0.0419048 0.740234
0 0.689453 0.742857 0.0351562 0.0380952 0.754395
0 0.509277 0.897143 0.0419922 0.0914286 0.765137
0 0.816406 0.810476 0.0371094 0.0438095 0.787598
0 0.765137 0.744762 0.0302734 0.0342857 0.803223
0 0.283203 0.759048 0.0371094 0.0361905 0.811523
0 0.57666 0.8 0.0400391 0.0342857 0.825195
0 0.458984 0.747619 0.03125 0.032381 0.825684
0 0.949219 0.912381 0.0429688 0.072381 0.826172
0 0.196777 0.794286 0.0478516 0.0609524 0.82666
0 0.806152 0.744762 0.0341797 0.0419048 0.830566
0 0.611816 0.881905 0.0400391 0.0380952 0.831055
0 0.899902 0.785714 0.0361328 0.0514286 0.834961
0 0.51123 0.806667 0.0439453 0.0438095 0.834961
0 0.974121 0.0761905 0.0458984 0.0533333 0.847656
0 0.351074 0.758095 0.0419922 0.0380952 0.853027
0 0.572754 0.856191 0.0439453 0.0628571 0.854004
0 0.418457 0.78 0.0400391 0.0438095 0.854492
0 0.591309 0.746667 0.0400391 0.0380952 0.855469
0 0.650391 0.80381 0.0429688 0.0419048 0.868164
0 0.0932617 0.0542857 0.0439453 0.0666667 0.87207
0 0.166016 0.0428571 0.0429688 0.0780952 0.876953
0 0.953125 0.840952 0.0429688 0.0666667 0.878906
0 0.807617 0.859048 0.0449219 0.0495238 0.880371
0 0.849121 0.759048 0.0361328 0.047619 0.881836
0 0.90625 0.867619 0.0429688 0.0628571 0.888672
0 0.919434 0.112381 0.0400391 0.0609524 0.893555
0 0.919434 0.225714 0.0400391 0.0552381 0.897949
0 0.867188 0.0971429 0.0351562 0.0647619 0.900879
0 0.0864258 0.905714 0.0439453 0.0819048 0.90332
0 0.135742 0.845714 0.0449219 0.0761905 0.915527
