0 0.672363 0.88 0.0419922 0.0380952 0.335938
0 0.00390625 0.148571 0.0078125 0.0419048 0.376953
0 0.933105 0.968571 0.0361328 0.0628571 0.441162
0 0.980957 0.973333 0.0361328 0.0533333 0.492676
0 0.820801 0.785714 0.0341797 0.04 0.503418
0 0.859375 0.829524 0.0410156 0.0514286 0.505371
0 0.92334 0.0219048 0.0341797 0.0438095 0.509277
0 0.981445 0.130476 0.0371094 0.047619 0.615234
0 0.577637 0.853333 0.0439453 0.0609524 0.633301
0 0.900879 0.787619 0.0361328 0.0514286 0.640137
0 0.990723 0.262857 0.0185547 0.0419048 0.703613
0 0.612793 0.881905 0.0400391 0.0380952 0.730469
0 0.699707 0.742857 0.0361328 0.0380952 0.735352
0 0.519043 0.805714 0.0419922 0.0419048 0.745605
0 0.512207 0.890476 0.0419922 0.0895238 0.752441
0 0.820312 0.917143 0.0429688 0.047619 0.776367
0 0.583496 0.799048 0.0400391 0.0361905 0.783691
0 0.29248 0.76 0.0361328 0.0342857 0.793945
0 0.304688 0.806667 0.0371094 0.0361905 0.796387
0 0.768066 0.797143 0.0400391 0.0438095 0.805664
0 0.817871 0.811429 0.0361328 0.0457143 0.805664
0 0.805664 0.745714 0.0332031 0.04 0.813477
0 0.949219 0.913333 0.0410156 0.0704762 0.82373
0 0.602539 0.746667 0.0410156 0.0380952 0.82373
0 0.207031 0.789524 0.0449219 0.0552381 0.824219
0 0.140625 0.0285714 0.0390625 0.0571429 0.828613
0 0.469238 0.746667 0.0322266 0.0304762 0.830078
0 0.716797 0.796191 0.0371094 0.0380952 0.834473
0 0.956543 0.84381 0.0439453 0.0685714 0.853516
0 0.766113 0.745714 0.0322266 0.0361905 0.85498
0 0.0849609 0.0619048 0.0449219 0.0628571 0.860352
0 0.35791 0.757143 0.0419922 0.0361905 0.866699
0 0.973633 0.0761905 0.0449219 0.0533333 0.870605
0 0.658691 0.805714 0.0439453 0.0457143 0.872559
0 0.900879 0.207619 0.0400391 0.0571429 0.873535
0 0.827637 0.868571 0.0439453 0.0533333 0.876465
0 0.426758 0.777143 0.0390625 0.0419048 0.876953
0 0.851074 0.76 0.0361328 0.0457143 0.880859
0 0.143066 0.839048 0.0439453 0.0742857 0.884277
0 0.905273 0.0942857 0.0410156 0.0666667 0.894531
0 0.907227 0.868571 0.0410156 0.0609524 0.897461
0 0.0947266 0.893333 0.0410156 0.0761905 0.899902
0 0.158203 0.0552381 0.0429688 0.072381 0.90332
0 0.851562 0.0657143 0.0351562 0.0666667 0.906738
