0 0.768555 0.904762 0.0410156 0.0457143 0.321045
0 0.983398 0.97619 0.0332031 0.047619 0.410645
0 0.883789 0.027619 0.0371094 0.0552381 0.419922
0 0.818848 0.916191 0.0439453 0.0495238 0.435059
0 0.0776367 0.974286 0.0478516 0.0514286 0.442871
0 0.186035 0.866667 0.0439453 0.0533333 0.458496
0 0.0136719 0.138095 0.0273438 0.0514286 0.460693
0 0.772461 0.8 0.0371094 0.0419048 0.462646
0 0.671875 0.88 0.0429688 0.0380952 0.481445
0 0.76709 0.74381 0.0322266 0.0361905 0.499756
0 0.716309 0.885714 0.0400391 0.0419048 0.517578
0 0.726074 0.744762 0.0341797 0.0380952 0.54248
0 0.587891 0.741905 0.0332031 0.032381 0.586426
0 0.0405273 0.0828571 0.0380859 0.0514286 0.614746
0 0.720215 0.842857 0.0419922 0.0438095 0.615723
0 0.611816 0.880952 0.0400391 0.04 0.623047
0 0.866211 0.835238 0.0390625 0.0514286 0.700195
0 0.59668 0.804762 0.0449219 0.04 0.725098
0 0.727051 0.8 0.0380859 0.0380952 0.73584
0 0.817871 0.810476 0.0380859 0.047619 0.739746
0 0.0732422 0.14 0.0429688 0.0590476 0.769043
0 0.554199 0.847619 0.0458984 0.0571429 0.781738
0 0.668457 0.746667 0.0400391 0.0380952 0.786133
0 0.662598 0.796191 0.0419922 0.0380952 0.790527
0 0.125977 0.12381 0.0449219 0.0685714 0.8125
0 0.809082 0.860952 0.0439453 0.0533333 0.825195
0 0.978516 0.274286 0.0390625 0.0457143 0.826172
0 0.306152 0.758095 0.0419922 0.0419048 0.82959
0 0.391602 0.796191 0.0351562 0.0342857 0.832031
0 0.949219 0.913333 0.0410156 0.0704762 0.833008
0 0.410156 0.752381 0.0390625 0.0342857 0.833008
0 0.814941 0.746667 0.0322266 0.0380952 0.84082
0 0.987305 0.211429 0.0253906 0.0533333 0.844727
0 0.482422 0.750476 0.0390625 0.0342857 0.845215
0 0.973633 0.0742857 0.0449219 0.0571429 0.849609
0 0.298828 0.82381 0.0371094 0.0361905 0.850098
0 0.200684 0.888571 0.0439453 0.0590476 0.865723
0 0.187012 0.0371429 0.0419922 0.0742857 0.865723
0 0.929688 0.809524 0.0390625 0.0609524 0.867676
0 0.544434 0.751429 0.0361328 0.0361905 0.872559
0 0.241699 0.77619 0.0439453 0.047619 0.876953
0 0.907715 0.868571 0.0400391 0.0609524 0.877441
0 0.0517578 0.102857 0.0410156 0.0533333 0.878906
0 0.876465 0.77619 0.0361328 0.0514286 0.881348
0 0.188965 0.789524 0.0439453 0.0628571 0.881836
0 0.143066 0.835238 0.0458984 0.0742857 0.895996
0 0.915527 0.172381 0.0458984 0.0666667 0.902344
0 0.851562 0.128571 0.0429688 0.0857143 0.911133
