0 0.715332 0.885714 0.0400391 0.0419048 0.281006
0 0.921875 0.0219048 0.0371094 0.0438095 0.290527
0 0.672363 0.88 0.0400391 0.0380952 0.294189
0 0.0131836 0.14 0.0263672 0.0438095 0.380859
0 0.726074 0.798095 0.0380859 0.0342857 0.394043
0 0.0380859 0.0857143 0.0371094 0.0495238 0.435303
0 0.818848 0.810476 0.0361328 0.047619 0.51709
0 0.773438 0.74381 0.03125 0.0361905 0.517578
0 0.763184 0.849524 0.0439453 0.0495238 0.534668
0 0.771973 0.801905 0.0380859 0.0419048 0.579102
0 0.675293 0.796191 0.0361328 0.0380952 0.612793
0 0.592773 0.741905 0.03125 0.032381 0.638672
0 0.612305 0.880952 0.0410156 0.04 0.655762
0 0.819824 0.917143 0.0439453 0.0514286 0.657715
0 0.582031 0.84381 0.0429688 0.0419048 0.713867
0 0.725098 0.741905 0.0361328 0.04 0.751465
0 0.868164 0.839048 0.0410156 0.0552381 0.76416
0 0.0722656 0.141905 0.0429688 0.0552381 0.772949
0 0.497559 0.749524 0.0419922 0.0361905 0.782227
0 0.441406 0.751429 0.0390625 0.032381 0.790039
0 0.337891 0.755238 0.046875 0.0438095 0.802734
0 0.98584 0.253333 0.0283203 0.0419048 0.810547
0 0.907715 0.228571 0.0380859 0.0533333 0.826172
0 0.953125 0.92 0.0390625 0.072381 0.826172
0 0.610352 0.80381 0.0449219 0.0419048 0.828125
0 0.349121 0.822857 0.0400391 0.0380952 0.82959
0 0.667969 0.747619 0.0390625 0.04 0.836914
0 0.401367 0.793333 0.0351562 0.0361905 0.845703
0 0.910156 0.872381 0.0410156 0.0609524 0.86377
0 0.55127 0.750476 0.0380859 0.0380952 0.864746
0 0.953613 0.0733333 0.0439453 0.0438095 0.865723
0 0.26416 0.769524 0.0419922 0.0457143 0.868652
0 0.046875 0.105714 0.0390625 0.0514286 0.874023
0 0.887695 0.782857 0.0371094 0.0533333 0.878418
0 0.208984 0.77619 0.0429688 0.0590476 0.878418
0 0.833008 0.749524 0.0332031 0.04 0.878906
0 0.867188 0.895238 0.0429688 0.0609524 0.880859
0 0.123535 0.126667 0.0439453 0.0666667 0.883789
0 0.173828 0.0580952 0.0429688 0.0819048 0.884277
0 0.978027 0.166667 0.0400391 0.0438095 0.884766
0 0.287109 0.86 0.0410156 0.04 0.887207
0 0.813477 0.0380952 0.0410156 0.0761905 0.887695
0 0.927246 0.16381 0.0478516 0.0685714 0.897949
0 0.160156 0.820952 0.046875 0.072381 0.899902
0 0.86084 0.0904762 0.0439453 0.0819048 0.907715
0 0.141602 0.908571 0.0429688 0.072381 0.915527
