0 0.984375 0.978095 0.03125 0.0438095 0.257812
0 0.768066 0.742857 0.0341797 0.0380952 0.393799
0 0.881836 0.0228571 0.0332031 0.0457143 0.44873
0 0.0141602 0.138095 0.0283203 0.0514286 0.450928
0 0.730469 0.844762 0.0390625 0.0438095 0.483643
0 0.671875 0.88 0.0429688 0.0380952 0.487793
0 0.559082 0.846667 0.0458984 0.0514286 0.53418
0 0.820312 0.919048 0.0429688 0.0514286 0.54541
0 0.0390625 0.0847619 0.0371094 0.0514286 0.567383
0 0.727539 0.8 0.0371094 0.0380952 0.624023
0 0.666016 0.795238 0.0371094 0.04 0.654297
0 0.589844 0.742857 0.03125 0.0304762 0.65625
0 0.611816 0.880952 0.0400391 0.04 0.665527
0 0.817871 0.810476 0.0380859 0.047619 0.666504
0 0.725586 0.742857 0.0351562 0.0380952 0.697266
0 0.867188 0.837143 0.0390625 0.0514286 0.765625
0 0.599121 0.804762 0.0439453 0.04 0.768066
0 0.959961 0.262857 0.0371094 0.0419048 0.771973
0 0.931152 0.810476 0.0380859 0.0628571 0.774902
0 0.313965 0.757143 0.0439453 0.04 0.784668
0 0.314941 0.821905 0.0380859 0.0361905 0.790039
0 0.667969 0.747619 0.0390625 0.04 0.791504
0 0.419434 0.751429 0.0380859 0.032381 0.798828
0 0.0727539 0.141905 0.0439453 0.0552381 0.813965
0 0.487793 0.749524 0.0400391 0.032381 0.827148
0 0.949219 0.912381 0.0390625 0.072381 0.835938
0 0.824219 0.867619 0.0429688 0.0552381 0.839355
0 0.097168 0.96381 0.0419922 0.072381 0.842285
0 0.39502 0.796191 0.0361328 0.0342857 0.842773
0 0.818848 0.746667 0.0322266 0.0380952 0.850098
0 0.124512 0.125714 0.0439453 0.0685714 0.861816
0 0.222656 0.87619 0.0429688 0.0533333 0.862793
0 0.97168 0.0752381 0.0449219 0.0552381 0.86377
0 0.246582 0.775238 0.0439453 0.0495238 0.869141
0 0.0498047 0.10381 0.0410156 0.0514286 0.873047
0 0.547363 0.750476 0.0361328 0.0380952 0.874023
0 0.149902 0.828571 0.0478516 0.072381 0.878418
0 0.878906 0.77619 0.0371094 0.0514286 0.879395
0 0.977051 0.20381 0.0439453 0.0571429 0.882812
0 0.908691 0.868571 0.0400391 0.0609524 0.884766
0 0.194824 0.785714 0.0419922 0.0628571 0.891602
0 0.182617 0.0428571 0.0429688 0.0819048 0.908203
0 0.899902 0.155238 0.0439453 0.0704762 0.912598
0 0.840332 0.104762 0.0439453 0.0876191 0.915527
