0 0.0419922 0.08 0.0371094 0.0495238 0.260742
0 0.772461 0.782857 0.0332031 0.0380952 0.34668
0 0.922363 0.0219048 0.0361328 0.0438095 0.353271
0 0.0136719 0.137143 0.0273438 0.0457143 0.386475
0 0.774414 0.80381 0.0351562 0.0419048 0.399658
0 0.996094 0.217143 0.0078125 0.0533333 0.429688
0 0.983887 0.882857 0.0322266 0.0742857 0.453857
0 0.727051 0.798095 0.0380859 0.0342857 0.474365
0 0.766602 0.744762 0.03125 0.0380952 0.534668
0 0.724121 0.74381 0.0361328 0.04 0.563477
0 0.611816 0.880952 0.0419922 0.04 0.583984
0 0.768555 0.904762 0.0410156 0.0457143 0.631836
0 0.983398 0.97619 0.0332031 0.047619 0.640137
0 0.671387 0.88 0.0419922 0.0380952 0.706543
0 0.585449 0.740952 0.0341797 0.0342857 0.729492
0 0.989258 0.278095 0.0214844 0.0419048 0.744141
0 0.668457 0.746667 0.0400391 0.0380952 0.748535
0 0.817383 0.808571 0.0390625 0.047619 0.760254
0 0.59375 0.804762 0.0429688 0.04 0.762207
0 0.191895 0.0314286 0.0400391 0.0628571 0.770996
0 0.8125 0.745714 0.0332031 0.0361905 0.779785
0 0.715332 0.885714 0.0400391 0.0419048 0.796387
0 0.549316 0.849524 0.0458984 0.0609524 0.810059
0 0.793945 0.86 0.0410156 0.047619 0.811035
0 0.657715 0.796191 0.0419922 0.0380952 0.81543
0 0.282227 0.82381 0.0371094 0.0361905 0.815918
0 0.0742188 0.14 0.0429688 0.0590476 0.821777
0 0.708984 0.84 0.0429688 0.0457143 0.833008
0 0.401367 0.751429 0.0390625 0.0361905 0.834961
0 0.387207 0.796191 0.0361328 0.0380952 0.835449
0 0.948242 0.913333 0.0390625 0.0704762 0.847656
0 0.475586 0.751429 0.0410156 0.0361905 0.849609
0 0.300293 0.76 0.0419922 0.0419048 0.851074
0 0.864746 0.835238 0.0458984 0.0590476 0.864746
0 0.886719 0.0342857 0.0429688 0.0685714 0.866699
0 0.928223 0.807619 0.0400391 0.0609524 0.868164
0 0.973145 0.0761905 0.0439453 0.0533333 0.869141
0 0.908691 0.869524 0.0400391 0.0628571 0.876465
0 0.12793 0.121905 0.0429688 0.0685714 0.878418
0 0.872559 0.773333 0.0380859 0.0533333 0.880859
0 0.0537109 0.102857 0.0410156 0.0533333 0.880859
0 0.540039 0.752381 0.0371094 0.0342857 0.885254
0 0.23584 0.778095 0.0439453 0.0514286 0.88916
0 0.183594 0.793333 0.0429688 0.0666667 0.890625
0 0.179199 0.901905 0.0439453 0.0628571 0.896484
0 0.134766 0.84381 0.0449219 0.072381 0.896973
0 0.930664 0.186667 0.0449219 0.0609524 0.903809
0 0.86377 0.154286 0.0439453 0.08 0.904785
