0 0.768555 0.905714 0.0410156 0.0438095 0.254395
0 0.0146484 0.141905 0.0292969 0.04 0.499756
0 0.751953 0.847619 0.0410156 0.0495238 0.572266
0 0.611816 0.881905 0.0400391 0.0380952 0.575684
0 0.771973 0.789524 0.0361328 0.04 0.584961
0 0.0566406 0.0666667 0.0390625 0.0495238 0.594238
0 0.983398 0.97619 0.0332031 0.047619 0.620117
0 0.727539 0.8 0.0371094 0.0380952 0.632812
0 0.765625 0.744762 0.03125 0.0380952 0.645508
0 0.222168 0.838095 0.0400391 0.0457143 0.669922
0 0.818359 0.809524 0.0390625 0.0457143 0.719727
0 0.64209 0.796191 0.0419922 0.0380952 0.738281
0 0.722168 0.741905 0.0361328 0.04 0.741211
0 0.71582 0.884762 0.0410156 0.0438095 0.74707
0 0.671387 0.880952 0.0400391 0.04 0.752441
0 0.668457 0.746667 0.0400391 0.0419048 0.757324
0 0.584961 0.805714 0.0449219 0.0419048 0.763672
0 0.575195 0.740952 0.0351562 0.0342857 0.782715
0 0.676758 0.837143 0.0410156 0.04 0.805176
0 0.808105 0.745714 0.0341797 0.0361905 0.811035
0 0.921875 0.80381 0.0351562 0.0533333 0.815918
0 0.117676 0.96 0.0458984 0.072381 0.824707
0 0.863281 0.765714 0.0351562 0.0457143 0.835938
0 0.371582 0.798095 0.0361328 0.0380952 0.841797
0 0.375977 0.752381 0.0390625 0.0342857 0.845215
0 0.160645 0.811429 0.0458984 0.072381 0.847168
0 0.540039 0.854286 0.046875 0.0704762 0.849121
0 0.44873 0.752381 0.0400391 0.0342857 0.854492
0 0.948242 0.913333 0.0371094 0.0666667 0.855469
0 0.281738 0.762857 0.0439453 0.0438095 0.856934
0 0.0859375 0.132381 0.0449219 0.0628571 0.857422
0 0.0649414 0.0952381 0.0400391 0.0533333 0.859375
0 0.973633 0.0752381 0.0449219 0.0552381 0.865723
0 0.861816 0.833333 0.0458984 0.0590476 0.867676
0 0.520996 0.755238 0.0361328 0.0361905 0.875488
0 0.0991211 0.88381 0.0458984 0.08 0.88623
0 0.911133 0.220952 0.0449219 0.0647619 0.88916
0 0.140625 0.108571 0.0449219 0.0761905 0.889648
0 0.907715 0.868571 0.0400391 0.0609524 0.891113
0 0.979004 0.215238 0.0400391 0.0457143 0.891113
0 0.216309 0.786667 0.0439453 0.0571429 0.901367
0 0.825684 0.08 0.0341797 0.072381 0.90332
0 0.916504 0.0819048 0.0458984 0.08 0.907715
