0 0.922363 0.0219048 0.0361328 0.0438095 0.299805
0 0.71582 0.88381 0.0390625 0.0457143 0.369141
0 0.820801 0.915238 0.0419922 0.047619 0.422363
0 0.671875 0.88 0.0429688 0.0380952 0.44043
0 0.771973 0.799048 0.0400391 0.0438095 0.454834
0 0.0131836 0.14 0.0263672 0.0438095 0.456787
0 0.742188 0.844762 0.0390625 0.04 0.479492
0 0.56543 0.845714 0.0449219 0.0457143 0.555664
0 0.993652 0.173333 0.0126953 0.0457143 0.557129
0 0.727051 0.801905 0.0400391 0.0380952 0.588379
0 0.612305 0.880952 0.0410156 0.04 0.592285
0 0.0385742 0.0847619 0.0380859 0.0514286 0.608887
0 0.770508 0.74381 0.0332031 0.0361905 0.634766
0 0.868164 0.837143 0.0371094 0.0514286 0.659668
0 0.0732422 0.141905 0.0429688 0.0552381 0.668457
0 0.817871 0.810476 0.0380859 0.047619 0.680176
0 0.669922 0.795238 0.0390625 0.0361905 0.690918
0 0.602051 0.80381 0.0439453 0.0419048 0.729004
0 0.591797 0.742857 0.03125 0.0304762 0.741699
0 0.428223 0.751429 0.0380859 0.032381 0.771484
0 0.935059 0.815238 0.0361328 0.0609524 0.783203
0 0.724609 0.742857 0.0351562 0.0380952 0.787598
0 0.943359 0.258095 0.0390625 0.0552381 0.80127
0 0.491699 0.749524 0.0419922 0.032381 0.810059
0 0.950684 0.913333 0.0400391 0.0704762 0.814941
0 0.397949 0.795238 0.0380859 0.0361905 0.815918
0 0.667969 0.747619 0.0410156 0.0438095 0.831543
0 0.328125 0.821905 0.0351562 0.0361905 0.833496
0 0.252441 0.773333 0.0439453 0.0457143 0.841309
0 0.823242 0.747619 0.0332031 0.04 0.847168
0 0.19873 0.781905 0.0439453 0.0590476 0.849609
0 0.244141 0.867619 0.0429688 0.0514286 0.850586
0 0.839355 0.87619 0.0439453 0.0533333 0.853516
0 0.320801 0.755238 0.0439453 0.04 0.857422
0 0.96582 0.0742857 0.0449219 0.0495238 0.864258
0 0.0478516 0.10381 0.0390625 0.0514286 0.867188
0 0.881836 0.778095 0.0371094 0.0514286 0.868164
0 0.549316 0.750476 0.0361328 0.0380952 0.870117
0 0.123535 0.126667 0.0439453 0.0666667 0.872559
0 0.908691 0.868571 0.0400391 0.0609524 0.876953
0 0.153809 0.824762 0.0458984 0.072381 0.881348
0 0.960938 0.191429 0.046875 0.0590476 0.887695
0 0.885742 0.134286 0.0449219 0.0742857 0.896973
0 0.111816 0.944762 0.0419922 0.072381 0.900391
0 0.177734 0.0495238 0.0429688 0.0838095 0.916016
0 0.831543 0.08 0.0419922 0.0876191 0.927734
