0 0.921875 0.0219048 0.0351562 0.0438095 0.288818
0 0.716309 0.884762 0.0380859 0.04 0.313232
0 0.0385742 0.0857143 0.0380859 0.0495238 0.343018
0 0.961426 0.851429 0.0341797 0.0609524 0.358398
0 0.728027 0.799048 0.0361328 0.0361905 0.362793
0 0.819824 0.915238 0.0439453 0.0514286 0.403076
0 0.0131836 0.141905 0.0263672 0.0438095 0.447266
0 0.671875 0.88 0.0410156 0.0380952 0.526855
0 0.774414 0.742857 0.03125 0.0380952 0.534668
0 0.772949 0.8 0.0400391 0.0457143 0.55957
0 0.67627 0.796191 0.0400391 0.0380952 0.605469
0 0.774902 0.855238 0.0439453 0.0533333 0.607422
0 0.808594 0.0266667 0.03125 0.0533333 0.643555
0 0.592773 0.742857 0.0292969 0.0304762 0.658203
0 0.501465 0.749524 0.0361328 0.032381 0.661621
0 0.446777 0.750476 0.0380859 0.0304762 0.697266
0 0.868652 0.838095 0.0400391 0.0533333 0.721191
0 0.0712891 0.141905 0.0429688 0.0552381 0.744141
0 0.726074 0.742857 0.0361328 0.0380952 0.771484
0 0.347656 0.754286 0.0449219 0.0380952 0.808594
0 0.891602 0.211429 0.0371094 0.0571429 0.810059
0 0.358398 0.822857 0.0371094 0.0380952 0.816406
0 0.611816 0.881905 0.0419922 0.0419048 0.816895
0 0.978027 0.248571 0.0439453 0.0514286 0.817871
0 0.212402 0.77619 0.0439453 0.0628571 0.826172
0 0.61377 0.80381 0.0439453 0.0419048 0.830078
0 0.59375 0.84381 0.0429688 0.0380952 0.832031
0 0.667969 0.747619 0.0390625 0.04 0.838867
0 0.163574 0.81619 0.0478516 0.0742857 0.849609
0 0.308105 0.859048 0.0400391 0.0380952 0.857422
0 0.964355 0.160952 0.0419922 0.047619 0.859863
0 0.551758 0.750476 0.0371094 0.0380952 0.860352
0 0.40332 0.792381 0.0351562 0.0380952 0.86084
0 0.959473 0.929524 0.0400391 0.0761905 0.862793
0 0.162598 0.887619 0.0517578 0.0761905 0.866211
0 0.879883 0.907619 0.0449219 0.0666667 0.875488
0 0.046875 0.105714 0.0390625 0.0514286 0.879883
0 0.123535 0.127619 0.0439453 0.0647619 0.881348
0 0.94873 0.072381 0.0439453 0.0419048 0.881348
0 0.839355 0.752381 0.0341797 0.0419048 0.881836
0 0.27002 0.769524 0.0419922 0.0495238 0.885742
0 0.891113 0.785714 0.0361328 0.0552381 0.888184
0 0.911133 0.871429 0.0410156 0.0590476 0.89209
0 0.911621 0.146667 0.0478516 0.072381 0.893555
0 0.172852 0.0590476 0.0429688 0.08 0.894531
0 0.850586 0.0657143 0.0410156 0.0857143 0.899414
