0 0.884277 0.124762 0.0361328 0.047619 0.26416
0 0.98584 0.120952 0.0283203 0.0552381 0.30835
0 0.71582 0.885714 0.0410156 0.0419048 0.316406
0 0.59375 0.742857 0.03125 0.0304762 0.371826
0 0.452637 0.749524 0.0380859 0.032381 0.42041
0 0.617676 0.802857 0.0439453 0.04 0.421143
0 0.0380859 0.0847619 0.0371094 0.047619 0.466309
0 0.503906 0.749524 0.03125 0.032381 0.51709
0 0.0131836 0.141905 0.0263672 0.04 0.536621
0 0.612305 0.880952 0.0410156 0.04 0.560547
0 0.819824 0.916191 0.0419922 0.0495238 0.64209
0 0.922363 0.0219048 0.0361328 0.0438095 0.647461
0 0.679688 0.796191 0.0410156 0.0419048 0.668457
0 0.779785 0.799048 0.0400391 0.04 0.675293
0 0.672363 0.88 0.0419922 0.0380952 0.68457
0 0.388672 0.82381 0.0351562 0.0361905 0.707031
0 0.731445 0.799048 0.0371094 0.0361905 0.724609
0 0.825195 0.810476 0.0371094 0.0514286 0.779297
0 0.793945 0.742857 0.0332031 0.0380952 0.78125
0 0.70752 0.839048 0.0419922 0.0438095 0.791992
0 0.895996 0.0304762 0.0419922 0.0609524 0.8125
0 0.731934 0.742857 0.0361328 0.0380952 0.822266
0 0.0693359 0.140952 0.0429688 0.0533333 0.822754
0 0.373535 0.754286 0.0439453 0.0380952 0.841309
0 0.249512 0.76 0.0439453 0.0495238 0.841309
0 0.552734 0.749524 0.0371094 0.0361905 0.848145
0 0.211426 0.807619 0.0419922 0.0380952 0.850586
0 0.523926 0.897143 0.0419922 0.0838095 0.855469
0 0.30957 0.76381 0.0410156 0.0419048 0.858398
0 0.814453 0.0590476 0.0332031 0.072381 0.860352
0 0.444824 0.857143 0.0419922 0.0419048 0.867188
0 0.894531 0.853333 0.0429688 0.0609524 0.868164
0 0.945312 0.194286 0.0449219 0.0533333 0.871094
0 0.668457 0.747619 0.0419922 0.0438095 0.871582
0 0.957031 0.15619 0.0429688 0.0533333 0.872559
0 0.270508 0.829524 0.0410156 0.0438095 0.874023
0 0.046875 0.105714 0.0390625 0.0514286 0.876465
0 0.890625 0.780952 0.0351562 0.0533333 0.880859
0 0.848145 0.880952 0.0439453 0.0552381 0.883789
0 0.950684 0.845714 0.0361328 0.0609524 0.883789
0 0.844238 0.04 0.0439453 0.08 0.888184
0 0.123535 0.127619 0.0439453 0.0647619 0.888184
0 0.172852 0.06 0.0429688 0.0819048 0.890625
0 0.945312 0.914286 0.0410156 0.0685714 0.890625
0 0.885254 0.169524 0.0498047 0.072381 0.89209
0 0.88916 0.1 0.0400391 0.0666667 0.892578
0 0.936035 0.251429 0.0400391 0.0533333 0.902344
