0 0.612305 0.88 0.0410156 0.0380952 0.297363
0 0.920898 0.0219048 0.0390625 0.0438095 0.300049
0 0.652344 0.838095 0.0429688 0.0380952 0.343506
0 0.819336 0.916191 0.0429688 0.0495238 0.353516
0 0.0136719 0.14 0.0273438 0.0438095 0.429932
0 0.672363 0.88 0.0400391 0.0380952 0.435303
0 0.995117 0.122857 0.00976562 0.0552381 0.44751
0 0.994629 0.177143 0.0107422 0.0495238 0.492188
0 0.501953 0.749524 0.0351562 0.032381 0.520996
0 0.0380859 0.0847619 0.0371094 0.047619 0.532715
0 0.593262 0.742857 0.0302734 0.0304762 0.584961
0 0.45166 0.750476 0.0380859 0.0342857 0.659668
0 0.18457 0.806667 0.0449219 0.0552381 0.721191
0 0.408203 0.786667 0.0351562 0.0380952 0.721191
0 0.497559 0.959048 0.0361328 0.0819048 0.726074
0 0.821777 0.812381 0.0341797 0.0438095 0.726562
0 0.727539 0.798095 0.0371094 0.0342857 0.741699
0 0.679199 0.796191 0.0380859 0.0380952 0.748535
0 0.616699 0.802857 0.0439453 0.04 0.753906
0 0.775391 0.797143 0.0390625 0.0438095 0.761719
0 0.369141 0.754286 0.0449219 0.0380952 0.782227
0 0.783203 0.741905 0.0332031 0.0361905 0.806641
0 0.873535 0.84 0.0458984 0.0609524 0.822754
0 0.980469 0.961905 0.0371094 0.0761905 0.833008
0 0.98291 0.213333 0.0341797 0.0457143 0.833496
0 0.377441 0.82381 0.0341797 0.032381 0.838379
0 0.817871 0.864762 0.0419922 0.0571429 0.839355
0 0.981934 0.270476 0.0341797 0.0457143 0.839355
0 0.223633 0.84381 0.0429688 0.0571429 0.844238
0 0.727539 0.742857 0.0351562 0.0380952 0.854004
0 0.391113 0.86381 0.0400391 0.0361905 0.857422
0 0.0698242 0.141905 0.0419922 0.0552381 0.85791
0 0.552246 0.749524 0.0361328 0.0361905 0.859863
0 0.233887 0.765714 0.0419922 0.0533333 0.871094
0 0.668457 0.747619 0.0400391 0.0438095 0.871582
0 0.914062 0.126667 0.0429688 0.0552381 0.87207
0 0.290527 0.765714 0.0419922 0.0457143 0.878906
0 0.839844 0.125714 0.0351562 0.0685714 0.880859
0 0.922363 0.812381 0.0361328 0.0590476 0.881348
0 0.046875 0.105714 0.0390625 0.0514286 0.882324
0 0.919922 0.207619 0.046875 0.0647619 0.882812
0 0.123535 0.127619 0.0439453 0.0647619 0.884277
0 0.925781 0.887619 0.0429688 0.0685714 0.88916
0 0.172852 0.06 0.0429688 0.0819048 0.890625
0 0.924316 0.06 0.0458984 0.0552381 0.891113
0 0.861816 0.761905 0.0361328 0.0457143 0.895508
0 0.863281 0.072381 0.046875 0.0876191 0.90332
