0 0.672363 0.880952 0.0400391 0.0361905 0.315674
0 0.492188 0.971429 0.0273438 0.0533333 0.400879
0 0.774414 0.799048 0.0371094 0.0438095 0.412842
0 0.0131836 0.140952 0.0263672 0.0419048 0.431885
0 0.0395508 0.0866667 0.0380859 0.047619 0.45459
0 0.727539 0.798095 0.0371094 0.0342857 0.4646
0 0.632812 0.84 0.0429688 0.0419048 0.483887
0 0.921875 0.0219048 0.0371094 0.0438095 0.505371
0 0.916992 0.950476 0.0449219 0.072381 0.510742
0 0.986328 0.907619 0.0273438 0.0857143 0.51123
0 0.50293 0.749524 0.0332031 0.032381 0.528809
0 0.453125 0.751429 0.0390625 0.032381 0.534668
0 0.819336 0.915238 0.0449219 0.0514286 0.571289
0 0.592773 0.741905 0.03125 0.032381 0.604004
0 0.679688 0.796191 0.0390625 0.0380952 0.624023
0 0.611816 0.882857 0.0400391 0.04 0.628418
0 0.407715 0.787619 0.0341797 0.04 0.700195
0 0.820801 0.813333 0.0361328 0.0419048 0.757324
0 0.989746 0.27619 0.0205078 0.0419048 0.768555
0 0.807617 0.861905 0.0449219 0.0552381 0.771484
0 0.78125 0.742857 0.03125 0.0380952 0.782715
0 0.989258 0.217143 0.0214844 0.0457143 0.797363
0 0.974609 0.951429 0.0390625 0.0742857 0.797852
0 0.617188 0.80381 0.0429688 0.0419048 0.818848
0 0.727539 0.742857 0.0351562 0.0380952 0.820801
0 0.373535 0.82381 0.0361328 0.0361905 0.826172
0 0.366699 0.753333 0.0439453 0.04 0.827148
0 0.0693359 0.140952 0.0429688 0.0533333 0.834961
0 0.20752 0.854286 0.0400391 0.0552381 0.841309
0 0.177734 0.808571 0.0449219 0.0590476 0.847656
0 0.850586 0.147619 0.0371094 0.0666667 0.850098
0 0.552734 0.750476 0.0371094 0.0380952 0.856934
0 0.371094 0.864762 0.0390625 0.0380952 0.86084
0 0.871094 0.838095 0.0449219 0.0609524 0.861816
0 0.667969 0.748571 0.0410156 0.0419048 0.864258
0 0.123535 0.127619 0.0439453 0.0647619 0.867676
0 0.285156 0.766667 0.0410156 0.0438095 0.868164
0 0.924316 0.137143 0.0419922 0.0571429 0.875977
0 0.0463867 0.105714 0.0400391 0.0514286 0.877441
0 0.931152 0.0657143 0.0458984 0.0514286 0.879883
0 0.227539 0.768571 0.0429688 0.0552381 0.881836
0 0.914551 0.80381 0.0361328 0.0571429 0.883301
0 0.171875 0.06 0.0429688 0.0819048 0.886719
0 0.933105 0.219048 0.0498047 0.0647619 0.894531
0 0.854492 0.758095 0.0371094 0.0457143 0.89502
0 0.921875 0.882857 0.0429688 0.0628571 0.899902
0 0.873047 0.0904762 0.046875 0.0857143 0.911133
