0 0.906738 0.152381 0.0341797 0.0457143 0.276367
0 0.920898 0.0209524 0.0371094 0.0419048 0.293701
0 0.992188 0.126667 0.015625 0.0628571 0.461914
0 0.593262 0.741905 0.0302734 0.032381 0.484131
0 0.0136719 0.141905 0.0273438 0.04 0.484131
0 0.410156 0.786667 0.0351562 0.0380952 0.546387
0 0.0385742 0.0847619 0.0380859 0.047619 0.552246
0 0.452148 0.749524 0.0390625 0.032381 0.588379
0 0.500488 0.748571 0.0380859 0.0342857 0.627441
0 0.679199 0.795238 0.0400391 0.04 0.669922
0 0.617188 0.802857 0.0449219 0.04 0.714844
0 0.612305 0.880952 0.0410156 0.04 0.716797
0 0.777344 0.798095 0.0410156 0.0457143 0.735352
0 0.671387 0.880952 0.0419922 0.04 0.740234
0 0.786133 0.742857 0.0332031 0.0380952 0.742676
0 0.820312 0.917143 0.0429688 0.047619 0.750977
0 0.98584 0.172381 0.0263672 0.0438095 0.750977
0 0.670898 0.83619 0.0449219 0.0419048 0.759277
0 0.984375 0.968571 0.03125 0.0628571 0.775391
0 0.728027 0.797143 0.0380859 0.0361905 0.788086
0 0.822754 0.810476 0.0380859 0.047619 0.815918
0 0.192383 0.804762 0.0429688 0.047619 0.83252
0 0.380371 0.822857 0.0341797 0.0342857 0.833008
0 0.0703125 0.141905 0.0429688 0.0552381 0.839355
0 0.371094 0.754286 0.0449219 0.0380952 0.847656
0 0.827637 0.870476 0.0439453 0.0533333 0.848633
0 0.410156 0.862857 0.0390625 0.0380952 0.852539
0 0.552246 0.750476 0.0361328 0.0380952 0.859863
0 0.23877 0.764762 0.0439453 0.0552381 0.861816
0 0.728027 0.742857 0.0361328 0.0380952 0.864258
0 0.668457 0.747619 0.0419922 0.0438095 0.867188
0 0.878906 0.84381 0.0429688 0.0609524 0.868164
0 0.296875 0.764762 0.0429688 0.0438095 0.868164
0 0.967285 0.264762 0.0380859 0.0419048 0.870117
0 0.915039 0.0504762 0.0449219 0.0666667 0.872559
0 0.972656 0.207619 0.0449219 0.0495238 0.873535
0 0.046875 0.105714 0.0390625 0.0514286 0.876465
0 0.505859 0.939048 0.0390625 0.0876191 0.878418
0 0.869629 0.766667 0.0361328 0.047619 0.878418
0 0.908203 0.195238 0.046875 0.0704762 0.886719
0 0.123535 0.127619 0.0439453 0.0647619 0.88916
0 0.82959 0.102857 0.0361328 0.072381 0.891113
0 0.172852 0.06 0.0429688 0.0819048 0.892578
0 0.903809 0.117143 0.0419922 0.0590476 0.896973
0 0.240234 0.837143 0.0410156 0.0514286 0.897949
0 0.931152 0.820952 0.0361328 0.0571429 0.899902
0 0.856445 0.0580952 0.0449219 0.0895238 0.90918
0 0.932129 0.895238 0.0419922 0.0685714 0.916504
