0 0.92334 0.0219048 0.0341797 0.0438095 0.320068
0 0.00488281 0.141905 0.00976562 0.0438095 0.322266
0 0.612305 0.880952 0.0410156 0.04 0.454834
0 0.0390625 0.0857143 0.0390625 0.0495238 0.58252
0 0.504395 0.750476 0.0302734 0.0304762 0.625488
0 0.847656 0.825714 0.0410156 0.047619 0.67041
0 0.696777 0.795238 0.0419922 0.04 0.747559
0 0.600098 0.740952 0.0341797 0.0342857 0.760742
0 0.78418 0.800952 0.0371094 0.0361905 0.765625
0 0.977051 0.160952 0.0439453 0.0552381 0.771973
0 0.0708008 0.141905 0.0439453 0.0552381 0.778809
0 0.534668 0.848571 0.0400391 0.04 0.813477
0 0.486816 0.814286 0.0361328 0.0361905 0.820312
0 0.900879 0.799048 0.0361328 0.0514286 0.830566
0 0.31543 0.812381 0.0429688 0.04 0.836426
0 0.80127 0.74381 0.0341797 0.032381 0.84082
0 0.374023 0.755238 0.0429688 0.04 0.84082
0 0.882324 0.132381 0.0439453 0.0819048 0.844727
0 0.716797 0.746667 0.0390625 0.0419048 0.848633
0 0.582031 0.82 0.0429688 0.0628571 0.854492
0 0.987305 0.905714 0.0253906 0.0704762 0.855957
0 0.552734 0.750476 0.0371094 0.0380952 0.858887
0 0.122559 0.127619 0.0439453 0.0647619 0.873535
0 0.907227 0.114286 0.0449219 0.072381 0.875488
0 0.327148 0.762857 0.0410156 0.04 0.875977
0 0.046875 0.105714 0.0410156 0.0514286 0.878418
0 0.946777 0.190476 0.0419922 0.0533333 0.880371
0 0.822754 0.0609524 0.0419922 0.0876191 0.881348
0 0.172363 0.06 0.0439453 0.0819048 0.890625
0 0.371094 0.82 0.0390625 0.04 0.896484
0 0.279297 0.75619 0.0410156 0.0419048 0.902832
0 0.848633 0.145714 0.0390625 0.0742857 0.902832
0 0.85791 0.0533333 0.0400391 0.0761905 0.908203
0 0.91748 0.881905 0.0361328 0.0571429 0.910156
