0 0.980469 0.977143 0.0292969 0.0457143 0.257812
0 0.45459 0.750476 0.0361328 0.0304762 0.28125
0 0.92334 0.0219048 0.0341797 0.0438095 0.339111
0 0.302246 0.812381 0.0439453 0.04 0.391602
0 0.686523 0.777143 0.0351562 0.0304762 0.394043
0 0.625 0.80381 0.0429688 0.0419048 0.446533
0 0.503906 0.750476 0.03125 0.0304762 0.501465
0 0.0107422 0.14 0.0214844 0.0438095 0.540527
0 0.0400391 0.0857143 0.0390625 0.0495238 0.552246
0 0.819824 0.917143 0.0419922 0.0514286 0.556152
0 0.612305 0.881905 0.0410156 0.0419048 0.563965
0 0.596191 0.741905 0.0322266 0.032381 0.67041
0 0.529297 0.848571 0.0410156 0.04 0.677246
0 0.687012 0.797143 0.0380859 0.0361905 0.697754
0 0.770508 0.8 0.0371094 0.0380952 0.699219
0 0.98291 0.166667 0.0341797 0.047619 0.762695
0 0.697754 0.747619 0.0419922 0.04 0.775391
0 0.0708008 0.141905 0.0439453 0.0552381 0.779297
0 0.82373 0.813333 0.0419922 0.0419048 0.78418
0 0.787109 0.741905 0.0351562 0.04 0.806641
0 0.871582 0.772381 0.0361328 0.0514286 0.808594
0 0.578125 0.821905 0.0429688 0.0666667 0.818848
0 0.466309 0.817143 0.0380859 0.0380952 0.820312
0 0.852539 0.874286 0.0449219 0.0571429 0.834961
0 0.373535 0.755238 0.0419922 0.04 0.84375
0 0.552734 0.749524 0.0371094 0.0361905 0.844727
0 0.358398 0.819048 0.0390625 0.0380952 0.871582
0 0.327637 0.762857 0.0400391 0.04 0.875977
0 0.0478516 0.104762 0.0410156 0.0533333 0.878418
0 0.884277 0.133333 0.0439453 0.0761905 0.884766
0 0.279785 0.75619 0.0400391 0.0419048 0.885254
0 0.172852 0.0590476 0.0429688 0.08 0.885742
0 0.123047 0.127619 0.0429688 0.0647619 0.885742
0 0.82666 0.067619 0.0458984 0.0895238 0.885742
0 0.95752 0.199048 0.0419922 0.0514286 0.889648
0 0.90625 0.112381 0.0449219 0.072381 0.889648
0 0.976074 0.875238 0.0361328 0.0628571 0.899902
0 0.889648 0.853333 0.0410156 0.0609524 0.901855
0 0.860352 0.0561905 0.0410156 0.0742857 0.902832
0 0.853516 0.155238 0.0390625 0.0742857 0.906738
