0 0.789551 0.785714 0.0498047 0.04 0.29834
0 0.996094 0.177143 0.0078125 0.0533333 0.352051
0 0.798828 0.809524 0.0429688 0.0380952 0.35376
0 0.592773 0.742857 0.0292969 0.0304762 0.407227
0 0.75 0.799048 0.0371094 0.032381 0.451172
0 0.612305 0.880952 0.0410156 0.04 0.490234
0 0.0131836 0.141905 0.0263672 0.04 0.503418
0 0.837402 0.751429 0.0322266 0.04 0.556152
0 0.679688 0.795238 0.0390625 0.04 0.581543
0 0.922363 0.0219048 0.0341797 0.0438095 0.616211
0 0.855957 0.830476 0.0361328 0.0457143 0.625488
0 0.809082 0.854286 0.0478516 0.0514286 0.62793
0 0.0390625 0.0838095 0.0390625 0.0495238 0.632812
0 0.277832 0.810476 0.0439453 0.04 0.67334
0 0.983398 0.214286 0.0332031 0.0438095 0.701172
0 0.500977 0.749524 0.0371094 0.032381 0.702148
0 0.515625 0.849524 0.0410156 0.0380952 0.751465
0 0.570801 0.829524 0.0439453 0.0666667 0.767578
0 0.0698242 0.141905 0.0419922 0.0514286 0.784668
0 0.764648 0.742857 0.0351562 0.0380952 0.796387
0 0.429199 0.822857 0.0380859 0.0380952 0.804199
0 0.420898 0.781905 0.0410156 0.04 0.810059
0 0.95166 0.933333 0.0458984 0.0838095 0.830078
0 0.675781 0.747619 0.0429688 0.0438095 0.834961
0 0.374023 0.754286 0.0429688 0.0380952 0.834961
0 0.552734 0.749524 0.0371094 0.0361905 0.852051
0 0.274902 0.755238 0.0419922 0.0438095 0.858887
0 0.908691 0.113333 0.0458984 0.0704762 0.860352
0 0.334473 0.818095 0.0400391 0.0438095 0.868164
0 0.327148 0.761905 0.0410156 0.0419048 0.880371
0 0.0473633 0.105714 0.0400391 0.0514286 0.882324
0 0.836914 0.0914286 0.0449219 0.0876191 0.88916
0 0.869141 0.181905 0.0390625 0.0704762 0.890625
0 0.123047 0.126667 0.0429688 0.0666667 0.890625
0 0.172363 0.06 0.0439453 0.0819048 0.891113
0 0.89209 0.145714 0.0439453 0.0742857 0.891113
0 0.950684 0.837143 0.0361328 0.0590476 0.892578
0 0.865723 0.0657143 0.0400391 0.0742857 0.909668
