0 0.672363 0.88 0.0419922 0.0380952 0.331299
0 0.611816 0.880952 0.0419922 0.04 0.536621
0 0.503418 0.750476 0.0322266 0.0304762 0.550293
0 0.0380859 0.0895238 0.0390625 0.0457143 0.556152
0 0.421875 0.782857 0.0429688 0.0419048 0.676758
0 0.704102 0.795238 0.0410156 0.04 0.703613
0 0.632324 0.804762 0.0419922 0.04 0.708008
0 0.992188 0.92 0.015625 0.0647619 0.726562
0 0.860352 0.831429 0.0410156 0.0514286 0.750488
0 0.60498 0.740952 0.0341797 0.0342857 0.795898
0 0.795898 0.80381 0.0371094 0.0380952 0.807617
0 0.0703125 0.141905 0.0429688 0.0552381 0.810547
0 0.494141 0.813333 0.0351562 0.0380952 0.813477
0 0.80957 0.745714 0.0332031 0.032381 0.817383
0 0.984375 0.269524 0.03125 0.0438095 0.831543
0 0.883789 0.133333 0.046875 0.0838095 0.833496
0 0.976074 0.160952 0.0439453 0.0514286 0.84082
0 0.374023 0.754286 0.0429688 0.0380952 0.841309
0 0.535645 0.849524 0.0400391 0.0380952 0.84668
0 0.914551 0.811429 0.0361328 0.0609524 0.84668
0 0.322266 0.813333 0.0449219 0.0419048 0.859375
0 0.583496 0.818095 0.0439453 0.0628571 0.859375
0 0.726562 0.746667 0.0410156 0.0457143 0.859375
0 0.553223 0.750476 0.0361328 0.0380952 0.864258
0 0.0454102 0.106667 0.0400391 0.0495238 0.875
0 0.376953 0.821905 0.0390625 0.04 0.87793
0 0.122559 0.126667 0.0439453 0.0666667 0.878418
0 0.907227 0.115238 0.0449219 0.0704762 0.882812
0 0.327148 0.761905 0.0410156 0.0380952 0.885254
0 0.172852 0.06 0.0449219 0.0819048 0.887695
0 0.820801 0.0571429 0.0419922 0.0876191 0.890625
0 0.931152 0.899048 0.0380859 0.0609524 0.899414
0 0.942871 0.186667 0.0419922 0.0571429 0.901367
0 0.279297 0.75619 0.0410156 0.0419048 0.902832
0 0.85791 0.052381 0.0400391 0.0742857 0.90332
0 0.84668 0.14381 0.0390625 0.0742857 0.90918
