0 0.69043 0.747619 0.0429688 0.0438095 0.254883
0 0.682129 0.797143 0.0380859 0.032381 0.343018
0 0.92334 0.171429 0.0263672 0.0304762 0.350342
0 0.612305 0.880952 0.0410156 0.04 0.412109
0 0.0117188 0.128571 0.0234375 0.0438095 0.414307
0 0.925293 0.0219048 0.0283203 0.0438095 0.4375
0 0.50293 0.749524 0.0332031 0.032381 0.439453
0 0.594238 0.741905 0.0322266 0.032381 0.529297
0 0.972656 0.968571 0.0390625 0.0628571 0.616211
0 0.819824 0.917143 0.0419922 0.0514286 0.625488
0 0.525391 0.848571 0.0410156 0.04 0.648438
0 0.0395508 0.0847619 0.0400391 0.0514286 0.654297
0 0.576172 0.82381 0.0429688 0.0628571 0.731934
0 0.762695 0.800952 0.0371094 0.0361905 0.73877
0 0.813477 0.810476 0.0429688 0.0438095 0.764648
0 0.986816 0.168571 0.0263672 0.0438095 0.773438
0 0.453613 0.819048 0.0361328 0.0380952 0.778809
0 0.0712891 0.141905 0.0449219 0.0552381 0.779297
0 0.373047 0.754286 0.0429688 0.0380952 0.803223
0 0.855957 0.761905 0.0419922 0.0533333 0.803711
0 0.29541 0.813333 0.0439453 0.0419048 0.825684
0 0.552734 0.749524 0.0371094 0.0361905 0.833496
0 0.779785 0.742857 0.0341797 0.0380952 0.845703
0 0.838379 0.866667 0.0458984 0.0571429 0.851562
0 0.0478516 0.104762 0.0410156 0.0533333 0.86084
0 0.351074 0.818095 0.0380859 0.04 0.866699
0 0.966309 0.202857 0.0419922 0.047619 0.870117
0 0.876953 0.841905 0.0390625 0.0571429 0.873047
0 0.905273 0.114286 0.0449219 0.0761905 0.877441
0 0.123047 0.127619 0.0429688 0.0647619 0.881836
0 0.862305 0.0609524 0.0410156 0.0761905 0.884766
0 0.327637 0.760952 0.0400391 0.04 0.885742
0 0.172852 0.06 0.0429688 0.0819048 0.890625
0 0.88623 0.137143 0.0439453 0.0761905 0.893066
0 0.828613 0.0752381 0.0439453 0.0895238 0.896973
0 0.967285 0.861905 0.0361328 0.0628571 0.901855
0 0.857422 0.162857 0.0390625 0.0704762 0.901855
0 0.279297 0.75619 0.0410156 0.0419048 0.910645
