0 0.921875 0.0209524 0.0351562 0.0419048 0.344971
0 0.0131836 0.128571 0.0263672 0.032381 0.557617
0 0.98291 0.961905 0.0341797 0.0647619 0.693848
0 0.611816 0.880952 0.0400391 0.04 0.76123
0 0.420898 0.780952 0.0410156 0.0419048 0.787598
0 0.816406 0.0438095 0.0351562 0.0685714 0.796387
0 0.0175781 0.153333 0.0332031 0.0438095 0.803711
0 0.373535 0.754286 0.0419922 0.0380952 0.8125
0 0.70459 0.737143 0.0341797 0.0342857 0.822266
0 0.796875 0.802857 0.0410156 0.04 0.82373
0 0.521484 0.748571 0.0410156 0.0342857 0.833984
0 0.563965 0.845714 0.0400391 0.0419048 0.836914
0 0.898438 0.860952 0.0429688 0.0609524 0.842285
0 0.708008 0.800952 0.0429688 0.04 0.842285
0 0.609863 0.805714 0.0419922 0.0495238 0.844238
0 0.975586 0.160952 0.0449219 0.0514286 0.844727
0 0.113281 0.135238 0.0449219 0.0685714 0.847656
0 0.527344 0.807619 0.0351562 0.0380952 0.853516
0 0.902344 0.794286 0.0371094 0.0533333 0.865723
0 0.812012 0.750476 0.0400391 0.0419048 0.865723
0 0.612305 0.745714 0.0390625 0.0361905 0.867676
0 0.981934 0.21619 0.0361328 0.0438095 0.871094
0 0.882812 0.130476 0.0429688 0.0742857 0.874512
0 0.374512 0.821905 0.0419922 0.04 0.880371
0 0.172852 0.06 0.0429688 0.0819048 0.884277
0 0.327148 0.762857 0.0410156 0.04 0.887695
0 0.895996 0.210476 0.0400391 0.0628571 0.88916
0 0.442871 0.822857 0.0400391 0.0419048 0.896484
0 0.856445 0.0504762 0.0390625 0.0742857 0.898438
0 0.905762 0.112381 0.0439453 0.072381 0.898926
0 0.844727 0.138095 0.0371094 0.0742857 0.899902
0 0.932617 0.178095 0.0410156 0.0590476 0.905762
0 0.279297 0.75619 0.0410156 0.0419048 0.90625
