0 0.921875 0.0209524 0.0351562 0.0419048 0.293701
0 0.672363 0.88 0.0419922 0.0380952 0.337646
0 0.0693359 0.141905 0.0429688 0.0514286 0.359131
0 0.875 0.810476 0.0351562 0.047619 0.401123
0 0.503418 0.750476 0.0341797 0.0304762 0.427979
0 0.993652 0.222857 0.0126953 0.0419048 0.541504
0 0.611328 0.880952 0.0429688 0.04 0.68457
0 0.897461 0.910476 0.046875 0.0647619 0.724121
0 0.611816 0.740952 0.0361328 0.0342857 0.773926
0 0.818848 0.748571 0.0361328 0.0342857 0.775879
0 0.714355 0.796191 0.0380859 0.0380952 0.791992
0 0.875488 0.841905 0.0419922 0.0571429 0.800781
0 0.329102 0.814286 0.0449219 0.04 0.809082
0 0.5 0.811429 0.0371094 0.0380952 0.8125
0 0.636719 0.802857 0.0429688 0.0438095 0.813477
0 0.374023 0.754286 0.0410156 0.0380952 0.821777
0 0.807129 0.806667 0.0380859 0.04 0.824219
0 0.883789 0.134286 0.0449219 0.0819048 0.830566
0 0.736328 0.746667 0.0410156 0.0457143 0.844238
0 0.537598 0.848571 0.0400391 0.04 0.863281
0 0.90625 0.115238 0.0449219 0.0742857 0.86377
0 0.327148 0.761905 0.0410156 0.0380952 0.873535
0 0.0415039 0.107619 0.0380859 0.047619 0.874023
0 0.966797 0.259048 0.0390625 0.0457143 0.875
0 0.123047 0.127619 0.0429688 0.0647619 0.875977
0 0.976074 0.160952 0.0439453 0.0514286 0.877441
0 0.584961 0.817143 0.0449219 0.0647619 0.878418
0 0.930176 0.835238 0.0341797 0.0590476 0.878418
0 0.553711 0.750476 0.0371094 0.0380952 0.880859
0 0.945312 0.918095 0.0351562 0.0609524 0.889648
0 0.938477 0.18381 0.0390625 0.0552381 0.890625
0 0.172363 0.06 0.0439453 0.0819048 0.894531
0 0.820312 0.0533333 0.0390625 0.0876191 0.897949
0 0.857422 0.0504762 0.0390625 0.0742857 0.899414
0 0.279297 0.75619 0.0410156 0.0419048 0.902832
0 0.845703 0.141905 0.0390625 0.0742857 0.90332
0 0.382812 0.822857 0.0390625 0.0419048 0.911133
