0 0.0673828 0.140952 0.0410156 0.0495238 0.302246
0 0.819336 0.777143 0.0371094 0.0380952 0.341309
0 0.611328 0.880952 0.0429688 0.04 0.564941
0 0.501953 0.749524 0.0351562 0.032381 0.652832
0 0.991211 0.22381 0.0175781 0.04 0.657715
0 0.504883 0.809524 0.0371094 0.0380952 0.733398
0 0.643555 0.802857 0.0429688 0.04 0.756836
0 0.825684 0.748571 0.0361328 0.0380952 0.779297
0 0.723145 0.796191 0.0380859 0.0380952 0.786621
0 0.746582 0.747619 0.0400391 0.0438095 0.82373
0 0.335449 0.815238 0.0439453 0.0419048 0.82666
0 0.976074 0.161905 0.0439453 0.0533333 0.829102
0 0.374023 0.754286 0.0429688 0.0380952 0.833008
0 0.947754 0.861905 0.0322266 0.0590476 0.833984
0 0.123047 0.127619 0.0429688 0.0647619 0.833984
0 0.621094 0.740952 0.0351562 0.0342857 0.835449
0 0.585449 0.817143 0.0439453 0.0609524 0.838379
0 0.539062 0.848571 0.0410156 0.04 0.842773
0 0.818359 0.811429 0.0390625 0.0457143 0.85498
0 0.908203 0.920952 0.046875 0.0666667 0.859375
0 0.959473 0.939048 0.0380859 0.0647619 0.862793
0 0.906738 0.114286 0.0439453 0.0685714 0.866699
0 0.882812 0.133333 0.0429688 0.08 0.874512
0 0.327148 0.762857 0.0410156 0.04 0.876953
0 0.936035 0.180952 0.0400391 0.0533333 0.881348
0 0.388672 0.824762 0.0390625 0.0419048 0.881348
0 0.947754 0.251429 0.0400391 0.0533333 0.883301
0 0.0351562 0.111429 0.0390625 0.0514286 0.884766
0 0.555176 0.749524 0.0380859 0.0361905 0.887207
0 0.891113 0.854286 0.0419922 0.0590476 0.888672
0 0.819336 0.052381 0.0390625 0.0857143 0.892578
0 0.172363 0.06 0.0439453 0.0819048 0.900879
0 0.279297 0.75619 0.0410156 0.0419048 0.901367
0 0.856934 0.0514286 0.0400391 0.0761905 0.901367
0 0.845703 0.14 0.0390625 0.0742857 0.911133
