0 0.835938 0.0866667 0.0234375 0.0438095 0.268799
0 0.891602 0.0247619 0.0390625 0.0495238 0.489502
0 0.921875 0.0228571 0.0371094 0.0457143 0.507324
0 0.505371 0.749524 0.0361328 0.0285714 0.661621
0 0.611328 0.880952 0.0429688 0.04 0.70752
0 0.671875 0.88 0.0410156 0.0380952 0.719727
0 0.629883 0.746667 0.0390625 0.0380952 0.738281
0 0.608398 0.801905 0.0371094 0.0342857 0.77002
0 0.809082 0.740952 0.0341797 0.0342857 0.819824
0 0.814941 0.805714 0.0419922 0.0419048 0.821777
0 0.687012 0.838095 0.0419922 0.0380952 0.831543
0 0.874023 0.119048 0.046875 0.0857143 0.844238
0 0.458496 0.815238 0.0439453 0.0457143 0.844727
0 0.444824 0.762857 0.0341797 0.04 0.844727
0 0.700684 0.784762 0.0419922 0.0457143 0.853027
0 0.743652 0.744762 0.0361328 0.0380952 0.856934
0 0.375488 0.754286 0.0439453 0.0380952 0.85791
0 0.167969 0.0333333 0.0371094 0.0666667 0.859375
0 0.975586 0.16 0.0449219 0.0533333 0.865723
0 0.910156 0.797143 0.0449219 0.0628571 0.866211
0 0.875 0.185714 0.0429688 0.0704762 0.876953
0 0.523926 0.806667 0.0400391 0.04 0.883789
0 0.981445 0.215238 0.0371094 0.0457143 0.88623
0 0.279785 0.75619 0.0400391 0.0419048 0.887695
0 0.117676 0.132381 0.0439453 0.0704762 0.887695
0 0.932129 0.177143 0.0400391 0.0571429 0.889648
0 0.806152 0.0371429 0.0341797 0.0742857 0.891113
0 0.327148 0.761905 0.0410156 0.0419048 0.892578
0 0.901855 0.105714 0.0439453 0.0780952 0.89502
0 0.95459 0.0904762 0.0458984 0.0552381 0.899414
0 0.894531 0.851429 0.0410156 0.0609524 0.90332
