0 0.920898 0.0219048 0.0410156 0.0438095 0.337891
0 0.979004 0.927619 0.0361328 0.0647619 0.436523
0 0.86084 0.828571 0.0400391 0.0495238 0.575195
0 0.57373 0.746667 0.0400391 0.0342857 0.772949
0 0.472168 0.748571 0.0380859 0.0342857 0.77832
0 0.612305 0.880952 0.0410156 0.04 0.790527
0 0.914062 0.0495238 0.0527344 0.0838095 0.793945
0 0.981934 0.106667 0.0361328 0.0495238 0.796387
0 0.374512 0.754286 0.0419922 0.0380952 0.813965
0 0.42334 0.779048 0.0400391 0.0495238 0.82373
0 0.558105 0.805714 0.0380859 0.0342857 0.839355
0 0.159668 0.0819048 0.0458984 0.0838095 0.840332
0 0.979004 0.880952 0.0380859 0.0628571 0.844238
0 0.693848 0.745714 0.0380859 0.04 0.852051
0 0.966797 0.950476 0.0390625 0.0685714 0.855469
0 0.628418 0.841905 0.0400391 0.0380952 0.856934
0 0.976562 0.160952 0.0429688 0.0514286 0.858398
0 0.656738 0.796191 0.0419922 0.0419048 0.864258
0 0.84375 0.032381 0.0390625 0.0647619 0.865723
0 0.423828 0.821905 0.0429688 0.0438095 0.871582
0 0.769531 0.738095 0.0351562 0.032381 0.873047
0 0.869629 0.769524 0.0439453 0.0533333 0.873047
0 0.771973 0.799048 0.0419922 0.04 0.875488
0 0.981445 0.215238 0.0371094 0.0419048 0.881836
0 0.933594 0.18 0.0410156 0.0590476 0.884766
0 0.327148 0.761905 0.0410156 0.0419048 0.885254
0 0.882324 0.130476 0.0439453 0.0780952 0.885742
0 0.887207 0.200952 0.0419922 0.0666667 0.897461
0 0.279785 0.75619 0.0400391 0.0419048 0.899414
0 0.486816 0.813333 0.0400391 0.0419048 0.900879
0 0.82666 0.0971429 0.0380859 0.0761905 0.901367
0 0.903809 0.109524 0.0458984 0.0742857 0.902832
