0 0.672852 0.88 0.0429688 0.0380952 0.259033
0 0.805664 0.0228571 0.0332031 0.0457143 0.334229
0 0.929688 0.0628571 0.0507812 0.0838095 0.466064
0 0.0913086 0.15619 0.0419922 0.0609524 0.488037
0 0.169922 0.0628571 0.0429688 0.0838095 0.575195
0 0.834961 0.815238 0.0449219 0.0533333 0.708496
0 0.460938 0.751429 0.0390625 0.032381 0.736816
0 0.419922 0.78 0.0390625 0.0438095 0.744141
0 0.989258 0.110476 0.0214844 0.0419048 0.768555
0 0.40332 0.825714 0.0429688 0.04 0.784668
0 0.552734 0.747619 0.0390625 0.0361905 0.821777
0 0.635742 0.800952 0.0410156 0.0438095 0.828125
0 0.661621 0.744762 0.0380859 0.0380952 0.845703
0 0.541992 0.807619 0.0371094 0.0342857 0.848633
0 0.976562 0.160952 0.0429688 0.0514286 0.86084
0 0.374023 0.755238 0.0429688 0.04 0.865234
0 0.601074 0.842857 0.0400391 0.04 0.867676
0 0.946777 0.838095 0.0380859 0.0571429 0.868652
0 0.611816 0.882857 0.0419922 0.04 0.87207
0 0.327148 0.762857 0.0410156 0.04 0.874512
0 0.938477 0.908571 0.0390625 0.0609524 0.878418
0 0.932617 0.179048 0.0410156 0.0609524 0.878906
0 0.470703 0.818095 0.0390625 0.0438095 0.880371
0 0.279785 0.75619 0.0400391 0.0419048 0.882812
0 0.981445 0.215238 0.0371094 0.0457143 0.887207
0 0.748047 0.800952 0.0429688 0.0438095 0.887695
0 0.746094 0.738095 0.0351562 0.032381 0.888672
0 0.882812 0.130476 0.0429688 0.0780952 0.894531
0 0.851562 0.0409524 0.0390625 0.0742857 0.894531
0 0.903809 0.110476 0.0458984 0.072381 0.89502
0 0.836914 0.121905 0.0390625 0.0761905 0.901367
0 0.890625 0.20381 0.0429688 0.0647619 0.90625
0 0.846191 0.76 0.0439453 0.0457143 0.906738
