0 0.611328 0.88 0.0410156 0.0380952 0.415771
0 0.853027 0.119048 0.0224609 0.0438095 0.416504
0 0.988281 0.905714 0.0234375 0.0742857 0.457764
0 0.921875 0.0238095 0.0390625 0.047619 0.51123
0 0.838379 0.027619 0.0380859 0.0552381 0.61084
0 0.871094 0.837143 0.0429688 0.0590476 0.616211
0 0.0424805 0.159048 0.0458984 0.047619 0.627441
0 0.0517578 0.178095 0.0449219 0.047619 0.695801
0 0.979004 0.964762 0.0419922 0.0704762 0.700195
0 0.90918 0.0409524 0.046875 0.0819048 0.732422
0 0.585938 0.744762 0.0410156 0.0380952 0.744141
0 0.479492 0.749524 0.0371094 0.032381 0.748535
0 0.64209 0.84 0.0419922 0.0380952 0.760742
0 0.569336 0.805714 0.0371094 0.0342857 0.803711
0 0.432617 0.82 0.0449219 0.047619 0.824707
0 0.977051 0.10381 0.0419922 0.0514286 0.833496
0 0.78125 0.799048 0.0429688 0.04 0.835938
0 0.708496 0.744762 0.0361328 0.0380952 0.837402
0 0.66748 0.795238 0.0419922 0.0438095 0.840332
0 0.780273 0.738095 0.0332031 0.032381 0.848145
0 0.425293 0.775238 0.0380859 0.0495238 0.849609
0 0.374023 0.754286 0.0429688 0.0380952 0.85498
0 0.975586 0.160952 0.0449219 0.0514286 0.867676
0 0.882324 0.130476 0.0439453 0.0780952 0.881348
0 0.981445 0.215238 0.0371094 0.0457143 0.884766
0 0.933105 0.178095 0.0419922 0.0590476 0.884766
0 0.327148 0.762857 0.0410156 0.04 0.888184
0 0.494629 0.812381 0.0400391 0.0438095 0.896973
0 0.151367 0.092381 0.0449219 0.0780952 0.896973
0 0.902832 0.109524 0.0439453 0.0742857 0.899902
0 0.279297 0.75619 0.0410156 0.0419048 0.902344
0 0.820312 0.08 0.0351562 0.0761905 0.907715
0 0.880371 0.77619 0.0458984 0.0590476 0.913574
0 0.88623 0.199048 0.0419922 0.0666667 0.91748
