0 0.720703 0.76 0.046875 0.0495238 0.253418
0 0.61377 0.838095 0.0224609 0.0228571 0.289062
0 0.716309 0.884762 0.0400391 0.04 0.385986
0 0.104492 0.067619 0.03125 0.047619 0.397705
0 0.839844 0.791429 0.0449219 0.0438095 0.397705
0 0.922852 0.0209524 0.0371094 0.0419048 0.515137
0 0.674805 0.746667 0.0390625 0.0380952 0.552246
0 0.671875 0.880952 0.0429688 0.04 0.558105
0 0.75293 0.839048 0.0410156 0.0438095 0.64209
0 0.54834 0.748571 0.0380859 0.0304762 0.683594
0 0.841309 0.817143 0.0458984 0.0495238 0.711914
0 0.394531 0.757143 0.0449219 0.04 0.813477
0 0.611816 0.88 0.0400391 0.0380952 0.819336
0 0.733398 0.778095 0.0410156 0.047619 0.827148
0 0.839844 0.751429 0.0371094 0.0438095 0.827637
0 0.665527 0.800952 0.0361328 0.0361905 0.838379
0 0.775879 0.745714 0.0361328 0.0361905 0.85791
0 0.974121 0.16 0.0458984 0.0533333 0.861816
0 0.903809 0.861905 0.0458984 0.0666667 0.868164
0 0.279785 0.75619 0.0400391 0.0419048 0.868164
0 0.502441 0.807619 0.0439453 0.0419048 0.869629
0 0.480469 0.751429 0.0351562 0.0361905 0.873535
0 0.981445 0.214286 0.0371094 0.0438095 0.880859
0 0.0454102 0.175238 0.0419922 0.0533333 0.880859
0 0.914551 0.0514286 0.0439453 0.072381 0.882812
0 0.116211 0.0933333 0.0371094 0.0571429 0.883301
0 0.92627 0.172381 0.0419922 0.0590476 0.885742
0 0.891602 0.0866667 0.0410156 0.0819048 0.889648
0 0.571777 0.802857 0.0400391 0.04 0.889648
0 0.853027 0.0628571 0.0400391 0.0914286 0.894043
0 0.327148 0.762857 0.0410156 0.04 0.898926
0 0.921387 0.808571 0.0439453 0.0704762 0.905273
0 0.854492 0.154286 0.0410156 0.072381 0.914551
