0 0.922363 0.0219048 0.0341797 0.0438095 0.569336
0 0.6875 0.8 0.0351562 0.0380952 0.571289
0 0.671387 0.88 0.0400391 0.0380952 0.574707
0 0.611816 0.880952 0.0419922 0.04 0.663574
0 0.78418 0.844762 0.0449219 0.0552381 0.709473
0 0.574707 0.748571 0.0400391 0.0304762 0.733398
0 0.689941 0.748571 0.0380859 0.0419048 0.758789
0 0.851074 0.821905 0.0439453 0.0514286 0.773926
0 0.498047 0.747619 0.0351562 0.032381 0.82373
0 0.898438 0.032381 0.0429688 0.0647619 0.828613
0 0.851074 0.754286 0.0361328 0.0419048 0.830078
0 0.524902 0.80381 0.0439453 0.0419048 0.836426
0 0.19043 0.0314286 0.0410156 0.0628571 0.842285
0 0.790527 0.746667 0.0380859 0.0380952 0.851074
0 0.0766602 0.121905 0.0361328 0.0419048 0.85498
0 0.986816 0.114286 0.0263672 0.0419048 0.858398
0 0.741699 0.774286 0.0419922 0.047619 0.86084
0 0.90625 0.864762 0.0390625 0.0609524 0.861816
0 0.841797 0.0371429 0.0390625 0.0742857 0.865723
0 0.981934 0.215238 0.0361328 0.0419048 0.868164
0 0.279785 0.755238 0.0400391 0.0438095 0.868164
0 0.597656 0.8 0.0390625 0.0380952 0.875977
0 0.411133 0.759048 0.0449219 0.04 0.87793
0 0.921387 0.808571 0.0439453 0.0704762 0.881348
0 0.915039 0.158095 0.0410156 0.0647619 0.884277
0 0.965332 0.155238 0.0439453 0.0514286 0.896973
0 0.844727 0.137143 0.0410156 0.0761905 0.904785
0 0.32959 0.761905 0.0419922 0.0419048 0.906738
0 0.884277 0.0733333 0.0419922 0.0819048 0.918945
