0 0.721191 0.742857 0.0380859 0.0342857 0.346436
0 0.820312 0.915238 0.0429688 0.047619 0.362793
0 0.864258 0.0257143 0.0332031 0.0514286 0.595703
0 0.566406 0.745714 0.0351562 0.032381 0.615234
0 0.86084 0.757143 0.0322266 0.0438095 0.651367
0 0.74707 0.805714 0.0390625 0.0419048 0.672363
0 0.990723 0.168571 0.0185547 0.047619 0.700195
0 0.61084 0.88 0.0419922 0.0380952 0.704102
0 0.906738 0.864762 0.0439453 0.0647619 0.713379
0 0.855957 0.824762 0.0439453 0.0571429 0.731934
0 0.779297 0.760952 0.0390625 0.04 0.733398
0 0.603027 0.797143 0.0439453 0.04 0.757324
0 0.48584 0.768571 0.0458984 0.04 0.79541
0 0.820312 0.750476 0.0351562 0.0380952 0.813477
0 0.867676 0.888571 0.0419922 0.0590476 0.819336
0 0.944336 0.193333 0.0390625 0.0514286 0.856445
0 0.669922 0.794286 0.0390625 0.0419048 0.86084
0 0.185059 0.0352381 0.0341797 0.0666667 0.86377
0 0.282227 0.754286 0.0410156 0.0419048 0.864746
0 0.92041 0.807619 0.0439453 0.0685714 0.871094
0 0.400879 0.758095 0.0419922 0.0419048 0.874512
0 0.92041 0.111429 0.0439453 0.0704762 0.881348
0 0.928223 0.0685714 0.0439453 0.0647619 0.882812
0 0.880859 0.1 0.0390625 0.0819048 0.898438
0 0.834961 0.118095 0.0410156 0.08 0.912109
0 0.0795898 0.151429 0.0419922 0.0590476 0.92334
