0 0.0615234 0.0619048 0.0429688 0.0628571 0.265137
0 0.677734 0.8 0.0351562 0.0380952 0.327393
0 0.846191 0.818095 0.0478516 0.0514286 0.450684
0 0.683594 0.746667 0.0390625 0.0380952 0.456787
0 0.921875 0.0228571 0.0371094 0.0457143 0.472168
0 0.611816 0.88 0.0419922 0.0380952 0.5
0 0.561035 0.748571 0.0380859 0.0304762 0.680176
0 0.991211 0.12 0.0175781 0.0419048 0.729004
0 0.51416 0.805714 0.0439453 0.0419048 0.796387
0 0.488281 0.749524 0.0351562 0.032381 0.818359
0 0.783691 0.745714 0.0361328 0.0361905 0.84082
0 0.401855 0.758095 0.0439453 0.0380952 0.844238
0 0.736328 0.77619 0.0429688 0.0514286 0.847656
0 0.90625 0.862857 0.0410156 0.0609524 0.855469
0 0.097168 0.109524 0.0380859 0.0552381 0.859375
0 0.845215 0.751429 0.0380859 0.0438095 0.861328
0 0.981934 0.215238 0.0361328 0.0419048 0.866699
0 0.0219727 0.182857 0.0419922 0.0457143 0.868164
0 0.971191 0.157143 0.0439453 0.0514286 0.876465
0 0.583984 0.8 0.0390625 0.0380952 0.880371
0 0.90625 0.0390476 0.0429688 0.0742857 0.881836
0 0.921387 0.167619 0.0419922 0.0609524 0.884277
0 0.327637 0.761905 0.0419922 0.0419048 0.887207
0 0.921387 0.809524 0.0439453 0.0685714 0.887695
0 0.279785 0.75619 0.0400391 0.0419048 0.893555
0 0.849121 0.146667 0.0400391 0.0761905 0.900879
0 0.887695 0.0780952 0.0410156 0.08 0.908203
0 0.84668 0.0457143 0.0410156 0.0876191 0.913086
