0 0.819336 0.917143 0.0410156 0.047619 0.262695
0 0.671875 0.88 0.0429688 0.0380952 0.33667
0 0.922363 0.0219048 0.0341797 0.0438095 0.348389
0 0.729492 0.796191 0.0371094 0.0380952 0.503906
0 0.611328 0.880952 0.0429688 0.04 0.688965
0 0.62793 0.750476 0.0390625 0.0342857 0.727539
0 0.86084 0.758095 0.0341797 0.0457143 0.737305
0 0.770508 0.765714 0.0410156 0.0457143 0.789062
0 0.90625 0.864762 0.0410156 0.0609524 0.805176
0 0.855957 0.825714 0.0439453 0.0552381 0.816895
0 0.463867 0.766667 0.0449219 0.04 0.830566
0 0.546875 0.745714 0.0351562 0.032381 0.834473
0 0.81543 0.750476 0.0371094 0.0380952 0.842285
0 0.946777 0.0876191 0.0439453 0.0609524 0.849609
0 0.651855 0.796191 0.0400391 0.0380952 0.854492
0 0.582031 0.8 0.0429688 0.0380952 0.86084
0 0.959473 0.201905 0.0380859 0.0495238 0.864258
0 0.851562 0.877143 0.0429688 0.0552381 0.865234
0 0.870117 0.0380952 0.0390625 0.0761905 0.869629
0 0.279297 0.75619 0.0410156 0.0419048 0.871094
0 0.920898 0.809524 0.0449219 0.0685714 0.875488
0 0.116211 0.122857 0.0429688 0.0666667 0.882812
0 0.929688 0.121905 0.0449219 0.0685714 0.89502
0 0.37207 0.758095 0.0429688 0.0419048 0.898438
0 0.835938 0.118095 0.0410156 0.08 0.904785
0 0.890625 0.12 0.0390625 0.0761905 0.916992
