0 0.72998 0.791429 0.0439453 0.0438095 0.293945
0 0.717285 0.74381 0.0380859 0.0361905 0.416504
0 0.199707 0.0228571 0.0380859 0.0457143 0.456055
0 0.994629 0.167619 0.0107422 0.0495238 0.539551
0 0.73877 0.804762 0.0361328 0.04 0.575684
0 0.610352 0.880952 0.0429688 0.04 0.630859
0 0.867188 0.032381 0.0351562 0.0647619 0.709961
0 0.860352 0.759048 0.0332031 0.0438095 0.743164
0 0.90625 0.864762 0.0390625 0.0609524 0.787598
0 0.557129 0.744762 0.0341797 0.0342857 0.813477
0 0.476562 0.769524 0.0449219 0.0380952 0.821777
0 0.592285 0.799048 0.0419922 0.04 0.827148
0 0.855957 0.825714 0.0439453 0.0552381 0.82959
0 0.951172 0.198095 0.0390625 0.0495238 0.833984
0 0.818848 0.750476 0.0380859 0.0380952 0.851074
0 0.661621 0.796191 0.0400391 0.0419048 0.868164
0 0.775391 0.764762 0.0410156 0.0438095 0.870117
0 0.885254 0.111429 0.0400391 0.0819048 0.876465
0 0.859863 0.882857 0.0439453 0.0590476 0.879395
0 0.937012 0.0780952 0.0439453 0.0647619 0.881348
0 0.92041 0.809524 0.0439453 0.0685714 0.883789
0 0.92334 0.11619 0.0458984 0.0685714 0.884277
0 0.279297 0.75619 0.0410156 0.0419048 0.886719
0 0.0981445 0.138095 0.0439453 0.0628571 0.891113
0 0.385254 0.759048 0.0419922 0.04 0.895508
0 0.834961 0.117143 0.0410156 0.0780952 0.90918
