0 0.616211 0.745714 0.0273438 0.0361905 0.265625
0 0.995117 0.2 0.00976562 0.0457143 0.321777
0 0.989746 0.262857 0.0205078 0.0419048 0.330078
0 0.67334 0.879048 0.0419922 0.0361905 0.331543
0 0.908691 0.027619 0.0263672 0.0552381 0.443359
0 0.613281 0.88 0.0410156 0.0419048 0.446533
0 0.885254 0.905714 0.0439453 0.0590476 0.451172
0 0.925781 0.0209524 0.0273438 0.0419048 0.478271
0 0.993164 0.159048 0.0136719 0.04 0.532715
0 0.786621 0.762857 0.0400391 0.0438095 0.553223
0 0.140137 0.0714286 0.0400391 0.0819048 0.592285
0 0.858398 0.826667 0.0449219 0.0533333 0.60791
0 0.737793 0.74381 0.0400391 0.04 0.668457
0 0.803711 0.813333 0.0371094 0.0495238 0.693848
0 0.579102 0.786667 0.0449219 0.0419048 0.718262
0 0.936035 0.129524 0.0361328 0.0533333 0.75
0 0.82373 0.750476 0.0361328 0.0380952 0.77832
0 0.862793 0.758095 0.0341797 0.0457143 0.78418
0 0.908691 0.865714 0.0400391 0.0628571 0.807617
0 0.0356445 0.17619 0.0361328 0.047619 0.829102
0 0.736328 0.792381 0.0390625 0.0419048 0.84668
0 0.669922 0.799048 0.0429688 0.0438095 0.852051
0 0.980469 0.115238 0.0371094 0.047619 0.868652
0 0.512695 0.75619 0.0410156 0.0419048 0.873535
0 0.401855 0.751429 0.0400391 0.04 0.88916
0 0.893555 0.13619 0.0390625 0.0666667 0.893066
0 0.156738 0.0914286 0.0419922 0.0761905 0.895996
0 0.837891 0.11619 0.0390625 0.08 0.902832
0 0.922363 0.809524 0.0439453 0.0685714 0.908203
0 0.899902 0.0780952 0.0439453 0.08 0.90918
