0 0.90332 0.0209524 0.0234375 0.0419048 0.279053
0 0.994629 0.198095 0.0107422 0.0457143 0.440918
0 0.926758 0.0209524 0.03125 0.0419048 0.456299
0 0.15332 0.0238095 0.0390625 0.047619 0.491943
0 0.977539 0.257143 0.0390625 0.0495238 0.548828
0 0.737305 0.74381 0.0429688 0.0438095 0.554199
0 0.991211 0.158095 0.0175781 0.0380952 0.614746
0 0.859375 0.82381 0.0429688 0.0552381 0.654297
0 0.887695 0.906667 0.0449219 0.0647619 0.657715
0 0.587402 0.786667 0.0439453 0.0380952 0.680176
0 0.787109 0.762857 0.0390625 0.0438095 0.686523
0 0.863281 0.757143 0.0351562 0.047619 0.702637
0 0.824707 0.752381 0.0361328 0.0380952 0.760254
0 0.675293 0.799048 0.0439453 0.0438095 0.77832
0 0.0166016 0.184762 0.0332031 0.0419048 0.790527
0 0.90918 0.86381 0.0390625 0.0590476 0.806152
0 0.935059 0.127619 0.0380859 0.0571429 0.816895
0 0.807129 0.813333 0.0380859 0.0495238 0.835449
0 0.979492 0.113333 0.0390625 0.047619 0.851074
0 0.520508 0.757143 0.0410156 0.04 0.853516
0 0.742188 0.794286 0.0390625 0.0419048 0.874023
0 0.886719 0.124762 0.0390625 0.0704762 0.895996
0 0.418457 0.750476 0.0400391 0.0380952 0.896484
0 0.837891 0.11619 0.0390625 0.08 0.900879
0 0.922852 0.808571 0.0449219 0.0704762 0.905762
0 0.141602 0.112381 0.0429688 0.0761905 0.908691
0 0.898438 0.072381 0.0429688 0.08 0.913086
