0 0.651855 0.744762 0.0380859 0.0380952 0.281006
0 0.728027 0.740952 0.0380859 0.0380952 0.307129
0 0.780762 0.759048 0.0400391 0.0438095 0.389648
0 0.819336 0.914286 0.0449219 0.0571429 0.403076
0 0.919922 0.0238095 0.0390625 0.047619 0.41626
0 0.820801 0.749524 0.0341797 0.04 0.435303
0 0.610352 0.875238 0.0410156 0.04 0.531738
0 0.855469 0.82381 0.046875 0.0590476 0.532715
0 0.762207 0.80381 0.0380859 0.0457143 0.605957
0 0.878906 0.9 0.0410156 0.0590476 0.702148
0 0.918945 0.809524 0.0449219 0.072381 0.735352
0 0.507324 0.766667 0.0458984 0.04 0.770508
0 0.979004 0.164762 0.0380859 0.0438095 0.786133
0 0.620605 0.793333 0.0439453 0.04 0.818848
0 0.686035 0.790476 0.0400391 0.0419048 0.838867
0 0.910645 0.0485714 0.0439453 0.0780952 0.841797
0 0.157715 0.067619 0.0380859 0.0666667 0.855957
0 0.931641 0.186667 0.0390625 0.0533333 0.867676
0 0.296387 0.746667 0.0400391 0.0419048 0.877441
0 0.871094 0.0771429 0.0390625 0.0819048 0.883301
0 0.432617 0.751429 0.0410156 0.04 0.884766
0 0.0371094 0.164762 0.0429688 0.0552381 0.891602
0 0.912598 0.105714 0.0439453 0.0742857 0.905273
0 0.833984 0.119048 0.0390625 0.0819048 0.90625
