0 0.785156 0.761905 0.0410156 0.0419048 0.2771
0 0.0585938 0.118095 0.0371094 0.0419048 0.33252
0 0.792969 0.812381 0.0429688 0.047619 0.344971
0 0.050293 0.0952381 0.0400391 0.0419048 0.399414
0 0.924316 0.0533333 0.0283203 0.0457143 0.426025
0 0.922852 0.0219048 0.0332031 0.0438095 0.51709
0 0.0688477 0.139048 0.0380859 0.0419048 0.554199
0 0.558594 0.781905 0.0449219 0.04 0.561523
0 0.734863 0.742857 0.0400391 0.0380952 0.594238
0 0.861816 0.758095 0.0322266 0.0457143 0.729492
0 0.82373 0.750476 0.0341797 0.0380952 0.730469
0 0.078125 0.158095 0.0371094 0.0457143 0.73584
0 0.939453 0.133333 0.0390625 0.0533333 0.758789
0 0.856934 0.0247619 0.0302734 0.0495238 0.760254
0 0.657715 0.798095 0.0439453 0.0419048 0.811035
0 0.496582 0.757143 0.0419922 0.04 0.821289
0 0.726074 0.793333 0.0400391 0.04 0.843262
0 0.983398 0.117143 0.0332031 0.0438095 0.844727
0 0.908203 0.15619 0.0390625 0.0609524 0.873535
0 0.920898 0.808571 0.0449219 0.0704762 0.87793
0 0.371094 0.751429 0.0410156 0.04 0.885742
0 0.902832 0.0847619 0.0419922 0.0780952 0.895996
0 0.835938 0.117143 0.0390625 0.0780952 0.902832
0 0.18457 0.0419048 0.0410156 0.0761905 0.914062
