0 0.922852 0.0209524 0.03125 0.0419048 0.302246
0 0.777344 0.805714 0.0371094 0.0380952 0.382812
0 0.994629 0.127619 0.0107422 0.0533333 0.449707
0 0.665039 0.749524 0.0351562 0.0361905 0.526855
0 0.905273 0.864762 0.0410156 0.0609524 0.536621
0 0.896973 0.0314286 0.0419922 0.0628571 0.586426
0 0.00683594 0.179048 0.0136719 0.0457143 0.606934
0 0.611816 0.879048 0.0419922 0.04 0.607422
0 0.783203 0.761905 0.0390625 0.0419048 0.62207
0 0.86084 0.758095 0.0322266 0.0457143 0.637207
0 0.822754 0.750476 0.0341797 0.0380952 0.659668
0 0.733887 0.741905 0.0380859 0.0361905 0.663086
0 0.958496 0.147619 0.0380859 0.047619 0.738281
0 0.529297 0.774286 0.046875 0.04 0.800293
0 0.130859 0.107619 0.0351562 0.0590476 0.8125
0 0.703613 0.792381 0.0380859 0.0419048 0.851562
0 0.92041 0.808571 0.0439453 0.0666667 0.87207
0 0.638672 0.798095 0.0429688 0.0419048 0.874023
0 0.322754 0.748571 0.0400391 0.0419048 0.875
0 0.46582 0.754286 0.0410156 0.0380952 0.89502
0 0.865723 0.0542857 0.0361328 0.0819048 0.898438
0 0.834961 0.117143 0.0390625 0.0780952 0.90918
0 0.923828 0.17619 0.0390625 0.0590476 0.909668
0 0.908691 0.0961905 0.0439453 0.0742857 0.920898
