0 0.92334 0.0209524 0.0341797 0.0419048 0.257568
0 0.856445 0.0152381 0.0214844 0.0304762 0.276123
0 0.996094 0.16 0.0078125 0.0419048 0.316406
0 0.85791 0.825714 0.0439453 0.0552381 0.325195
0 0.0307617 0.130476 0.0341797 0.04 0.366455
0 0.916504 0.0428571 0.0283203 0.047619 0.441406
0 0.908691 0.867619 0.0419922 0.0628571 0.55957
0 0.861816 0.757143 0.0341797 0.047619 0.581543
0 0.82373 0.752381 0.0341797 0.0380952 0.586426
0 0.569336 0.784762 0.0449219 0.0380952 0.665039
0 0.73584 0.744762 0.0419922 0.0419048 0.713379
0 0.0478516 0.150476 0.0390625 0.0419048 0.724609
0 0.0595703 0.168571 0.0371094 0.04 0.766113
0 0.9375 0.130476 0.0371094 0.0552381 0.793945
0 0.663574 0.8 0.0439453 0.0419048 0.806152
0 0.981934 0.115238 0.0361328 0.047619 0.854492
0 0.504883 0.758095 0.0410156 0.0380952 0.861816
0 0.732422 0.794286 0.0390625 0.0419048 0.873047
0 0.170898 0.0685714 0.0410156 0.0761905 0.885742
0 0.38623 0.752381 0.0400391 0.0419048 0.88623
0 0.900391 0.146667 0.0390625 0.0647619 0.888184
0 0.901855 0.0819048 0.0439453 0.08 0.889648
0 0.836914 0.11619 0.0390625 0.08 0.902832
0 0.921875 0.808571 0.0449219 0.0704762 0.904297
