0 0.859863 0.02 0.0283203 0.04 0.257812
0 0.0390625 0.134286 0.046875 0.0552381 0.350098
0 0.609863 0.790476 0.0458984 0.0419048 0.375488
0 0.874512 0.889524 0.0439453 0.0647619 0.456787
0 0.820312 0.746667 0.0351562 0.0457143 0.538574
0 0.495117 0.764762 0.0449219 0.04 0.577148
0 0.755371 0.8 0.0380859 0.0457143 0.583008
0 0.779297 0.757143 0.0410156 0.0438095 0.733398
0 0.985352 0.165714 0.0292969 0.0457143 0.771484
0 0.918945 0.805714 0.046875 0.0761905 0.777832
0 0.875 0.0895238 0.0410156 0.0838095 0.822266
0 0.918945 0.06 0.0449219 0.0742857 0.835449
0 0.915527 0.109524 0.0439453 0.0704762 0.840332
0 0.9375 0.189524 0.0390625 0.0552381 0.847656
0 0.168945 0.0533333 0.0351562 0.0685714 0.859375
0 0.677246 0.789524 0.0400391 0.0438095 0.869141
0 0.285645 0.748571 0.0400391 0.0419048 0.879883
0 0.0561523 0.16 0.0419922 0.0533333 0.882324
0 0.415039 0.751429 0.0410156 0.04 0.885254
0 0.833008 0.117143 0.0390625 0.0819048 0.904297
