0 0.790039 0.761905 0.0390625 0.0419048 0.320068
0 0.676758 0.879048 0.0410156 0.04 0.357666
0 0.105469 0.032381 0.0371094 0.0609524 0.414307
0 0.687012 0.751429 0.0380859 0.04 0.433838
0 0.928223 0.0209524 0.0322266 0.0419048 0.451172
0 0.827637 0.751429 0.0361328 0.0361905 0.561523
0 0.993164 0.194286 0.0136719 0.0457143 0.601074
0 0.865723 0.758095 0.0341797 0.0457143 0.651367
0 0.605957 0.787619 0.0439453 0.04 0.67334
0 0.740234 0.745714 0.0390625 0.04 0.720215
0 0.812988 0.815238 0.0361328 0.0457143 0.72168
0 0.989258 0.15619 0.0214844 0.0380952 0.741211
0 0.86084 0.824762 0.0439453 0.0571429 0.758789
0 0.687988 0.799048 0.0439453 0.0438095 0.788086
0 0.911133 0.86381 0.0390625 0.0590476 0.802734
0 0.941406 0.23619 0.0351562 0.0495238 0.827148
0 0.751465 0.794286 0.0380859 0.0419048 0.844727
0 0.978516 0.110476 0.0390625 0.0457143 0.86377
0 0.93457 0.124762 0.0371094 0.0552381 0.869629
0 0.924805 0.809524 0.0449219 0.072381 0.882812
0 0.536133 0.759048 0.0410156 0.04 0.896484
0 0.447754 0.751429 0.0400391 0.04 0.898438
0 0.875 0.10381 0.0390625 0.0742857 0.898438
0 0.893066 0.06 0.0419922 0.0819048 0.902344
0 0.109375 0.147619 0.0410156 0.0628571 0.902832
0 0.120117 0.06 0.0390625 0.0666667 0.911621
0 0.839844 0.117143 0.0410156 0.0819048 0.913086
