0 0.71875 0.796191 0.0429688 0.0457143 0.272949
0 0.892578 0.897143 0.0546875 0.072381 0.286133
0 0.651855 0.790476 0.0419922 0.0419048 0.290771
0 0.996094 0.193333 0.0078125 0.0590476 0.324707
0 0.209473 0.0266667 0.0439453 0.0533333 0.358643
0 0.826172 0.817143 0.0390625 0.0495238 0.534668
0 0.118652 0.0285714 0.0419922 0.0571429 0.536621
0 0.875488 0.758095 0.0341797 0.0457143 0.536621
0 0.522461 0.957143 0.0371094 0.0857143 0.591309
0 0.936523 0.0209524 0.0332031 0.0419048 0.592285
0 0.0820312 0.144762 0.0449219 0.0533333 0.603516
0 0.837402 0.751429 0.0361328 0.0361905 0.618164
0 0.854492 0.908571 0.0410156 0.0495238 0.624023
0 0.881836 0.0238095 0.0332031 0.047619 0.64209
0 0.871582 0.826667 0.0439453 0.0533333 0.657715
0 0.921875 0.864762 0.0410156 0.0571429 0.714844
0 0.776367 0.799048 0.0371094 0.04 0.775391
0 0.0112305 0.138095 0.0224609 0.047619 0.79541
0 0.584473 0.767619 0.0419922 0.0457143 0.816895
0 0.0151367 0.189524 0.0302734 0.0438095 0.833008
0 0.886719 0.172381 0.0371094 0.0590476 0.858398
0 0.516113 0.749524 0.0400391 0.04 0.881836
0 0.130371 0.0495238 0.0419922 0.0685714 0.885742
0 0.977539 0.10381 0.0390625 0.0514286 0.897461
0 0.86084 0.0514286 0.0361328 0.0761905 0.901367
0 0.915039 0.0866667 0.0390625 0.0666667 0.901855
0 0.967285 0.14 0.0380859 0.047619 0.901855
0 0.936035 0.809524 0.0458984 0.072381 0.910156
0 0.849609 0.114286 0.0390625 0.08 0.910156
