0 0.746582 0.74381 0.0400391 0.04 0.259521
0 0.508301 0.978095 0.0263672 0.04 0.298584
0 0.888672 0.899048 0.0546875 0.0761905 0.353027
0 0.994629 0.194286 0.0107422 0.0457143 0.483154
0 0.933594 0.0209524 0.03125 0.0419048 0.520996
0 0.871582 0.75619 0.0341797 0.0457143 0.563477
0 0.833496 0.752381 0.0341797 0.0380952 0.575195
0 0.820312 0.815238 0.0390625 0.0495238 0.614746
0 0.867676 0.825714 0.0419922 0.0552381 0.713379
0 0.916992 0.864762 0.0410156 0.0609524 0.765625
0 0.881836 0.032381 0.0390625 0.0647619 0.772949
0 0.847656 0.908571 0.0429688 0.0533333 0.81543
0 0.895508 0.189524 0.0390625 0.0590476 0.827148
0 0.769043 0.797143 0.0380859 0.04 0.845703
0 0.496094 0.750476 0.0410156 0.0419048 0.85498
0 0.568359 0.764762 0.0410156 0.0438095 0.86084
0 0.0454102 0.184762 0.0380859 0.0457143 0.868164
0 0.863281 0.0657143 0.0371094 0.0780952 0.885742
0 0.930176 0.808571 0.0439453 0.0666667 0.887695
0 0.921875 0.10381 0.0390625 0.0628571 0.891113
0 0.980957 0.151429 0.0361328 0.04 0.895996
0 0.978516 0.109524 0.0390625 0.047619 0.896484
0 0.0463867 0.124762 0.0380859 0.0514286 0.896973
0 0.845703 0.11619 0.0390625 0.08 0.902832
