0 0.618164 0.879048 0.0410156 0.04 0.301758
0 0.899902 0.154286 0.0224609 0.0419048 0.380859
0 0.688965 0.751429 0.0380859 0.04 0.480225
0 0.993164 0.194286 0.0136719 0.0457143 0.485107
0 0.928711 0.0219048 0.0332031 0.0438095 0.590332
0 0.814941 0.814286 0.0380859 0.0514286 0.601562
0 0.828125 0.751429 0.0351562 0.0361905 0.634766
0 0.866211 0.757143 0.0332031 0.0438095 0.640137
0 0.614746 0.788571 0.0439453 0.0380952 0.714844
0 0.861816 0.824762 0.0419922 0.0533333 0.718262
0 0.987305 0.155238 0.0253906 0.0361905 0.753906
0 0.92627 0.22381 0.0361328 0.0514286 0.760254
0 0.694336 0.799048 0.0429688 0.0438095 0.760742
0 0.741211 0.74381 0.0410156 0.04 0.761719
0 0.912598 0.864762 0.0380859 0.0571429 0.839355
0 0.978516 0.110476 0.0390625 0.0457143 0.865723
0 0.755859 0.794286 0.0390625 0.0419048 0.866211
0 0.543945 0.76 0.0410156 0.0419048 0.876465
0 0.933594 0.121905 0.0371094 0.0571429 0.879883
0 0.926758 0.809524 0.0449219 0.0685714 0.884277
0 0.460938 0.751429 0.0410156 0.04 0.89502
0 0.0947266 0.160952 0.0410156 0.0590476 0.895508
0 0.103516 0.0809524 0.0390625 0.0628571 0.907715
0 0.871094 0.0933333 0.0390625 0.0761905 0.911133
0 0.84082 0.11619 0.0410156 0.08 0.917969
0 0.890625 0.052381 0.0429688 0.0819048 0.92041
