0 0.895508 0.02 0.03125 0.04 0.28125
0 0.922852 0.906667 0.046875 0.0685714 0.300537
0 0.996094 0.109524 0.0078125 0.0552381 0.358643
0 0.647461 0.87619 0.0410156 0.0419048 0.365967
0 0.749023 0.795238 0.0429688 0.0438095 0.388184
0 0.894531 0.824762 0.0429688 0.0571429 0.476074
0 0.799805 0.797143 0.0390625 0.0438095 0.478027
0 0.943848 0.865714 0.0380859 0.0590476 0.530273
0 0.877441 0.905714 0.0419922 0.0514286 0.583984
0 0.147461 0.133333 0.0429688 0.0647619 0.634766
0 0.898926 0.161905 0.0341797 0.0571429 0.657715
0 0.0585938 0.165714 0.0390625 0.0380952 0.702148
0 0.643555 0.777143 0.0429688 0.0457143 0.799805
0 0.163574 0.92381 0.0439453 0.08 0.807617
0 0.135254 0.9 0.0400391 0.0704762 0.820312
0 0.970703 0.138095 0.0390625 0.0590476 0.841309
0 0.597656 0.746667 0.0390625 0.0380952 0.85791
0 0.958496 0.811429 0.0458984 0.0685714 0.881836
0 0.972656 0.0847619 0.0390625 0.0590476 0.884766
0 0.931152 0.0714286 0.0380859 0.0666667 0.885742
0 0.878418 0.0390476 0.0361328 0.0742857 0.886719
0 0.974121 0.250476 0.0439453 0.0552381 0.895996
0 0.870117 0.113333 0.0371094 0.0780952 0.903809
