0 0.645996 0.877143 0.0400391 0.04 0.30835
0 0.895996 0.757143 0.0341797 0.047619 0.355469
0 0.797852 0.798095 0.0390625 0.0419048 0.388184
0 0.995117 0.109524 0.00976562 0.0590476 0.410156
0 0.896973 0.0247619 0.0341797 0.0495238 0.422119
0 0.59668 0.857143 0.0449219 0.0685714 0.481689
0 0.89209 0.82381 0.0419922 0.0552381 0.563477
0 0.875 0.907619 0.0429688 0.0514286 0.599609
0 0.920898 0.906667 0.0449219 0.0647619 0.624023
0 0.94043 0.864762 0.0371094 0.0609524 0.683594
0 0.98291 0.260952 0.0341797 0.0571429 0.773926
0 0.641602 0.779048 0.0410156 0.0457143 0.790039
0 0.970703 0.141905 0.0390625 0.0590476 0.800293
0 0.875488 0.0380952 0.0361328 0.0761905 0.840332
0 0.59375 0.746667 0.0390625 0.0380952 0.876465
0 0.956543 0.811429 0.0439453 0.0685714 0.881836
0 0.161133 0.11619 0.0449219 0.072381 0.887207
0 0.970703 0.0857143 0.0390625 0.0571429 0.890137
0 0.932129 0.0761905 0.0361328 0.0685714 0.899902
0 0.869141 0.115238 0.0390625 0.0780952 0.908691
