0 0.850586 0.0495238 0.0214844 0.0495238 0.265869
0 0.179199 0.906667 0.0439453 0.0761905 0.320557
0 0.996094 0.110476 0.0078125 0.0609524 0.3479
0 0.901855 0.160952 0.0361328 0.0590476 0.410889
0 0.943848 0.866667 0.0361328 0.0571429 0.456299
0 0.159668 0.865714 0.0400391 0.0742857 0.483887
0 0.648926 0.877143 0.0419922 0.04 0.531738
0 0.0410156 0.170476 0.0371094 0.032381 0.608887
0 0.130371 0.146667 0.0458984 0.0647619 0.736816
0 0.966797 0.133333 0.0390625 0.0609524 0.855469
0 0.64502 0.779048 0.0439453 0.0457143 0.857422
0 0.959473 0.810476 0.0458984 0.0704762 0.859375
0 0.599121 0.745714 0.0400391 0.04 0.868164
0 0.962402 0.241905 0.0439453 0.0571429 0.880859
0 0.973633 0.0828571 0.0390625 0.0590476 0.88623
0 0.879395 0.0380952 0.0361328 0.0761905 0.898438
0 0.87207 0.114286 0.0390625 0.0761905 0.90332
0 0.929688 0.0647619 0.0371094 0.0685714 0.908691
