0 0.915039 0.902857 0.0527344 0.0761905 0.274902
0 0.955078 0.0209524 0.03125 0.0419048 0.292236
0 0.992188 0.195238 0.015625 0.0361905 0.313721
0 0.0942383 0.155238 0.0458984 0.047619 0.384766
0 0.644043 0.877143 0.0419922 0.04 0.389404
0 0.0844727 0.138095 0.0458984 0.0552381 0.410889
0 0.995117 0.109524 0.00976562 0.0590476 0.431396
0 0.894531 0.759048 0.0332031 0.0438095 0.435547
0 0.896973 0.161905 0.0341797 0.0571429 0.447021
0 0.873535 0.908571 0.0419922 0.0533333 0.454102
0 0.796387 0.798095 0.0380859 0.0419048 0.460449
0 0.9375 0.865714 0.0351562 0.0590476 0.563477
0 0.890137 0.824762 0.0419922 0.0533333 0.573242
0 0.59082 0.862857 0.0449219 0.0685714 0.581055
0 0.638672 0.778095 0.0429688 0.0438095 0.625488
0 0.989746 0.266667 0.0205078 0.0457143 0.718262
0 0.898438 0.0295238 0.0371094 0.0590476 0.841309
0 0.588867 0.747619 0.0390625 0.04 0.860352
0 0.874512 0.0390476 0.0361328 0.0780952 0.882812
0 0.95459 0.811429 0.0439453 0.0685714 0.883789
0 0.969727 0.0857143 0.0371094 0.0571429 0.889648
0 0.174316 0.1 0.0458984 0.0780952 0.89502
0 0.973633 0.148571 0.0410156 0.0609524 0.896973
0 0.933105 0.0809524 0.0361328 0.0666667 0.908203
0 0.866211 0.115238 0.0390625 0.0780952 0.918457
