0 0.740723 0.797143 0.0439453 0.0438095 0.257568
0 0.00585938 0.130476 0.0117188 0.0514286 0.269775
0 0.578613 0.872381 0.0439453 0.072381 0.281006
0 0.852051 0.753333 0.0361328 0.0361905 0.282715
0 0.700195 0.88 0.0410156 0.0380952 0.290039
0 0.949219 0.0209524 0.03125 0.0419048 0.34668
0 0.996094 0.119048 0.0078125 0.0666667 0.371094
0 0.890137 0.759048 0.0361328 0.0438095 0.406982
0 0.839844 0.81619 0.0390625 0.0514286 0.433838
0 0.914551 0.906667 0.0419922 0.0609524 0.567383
0 0.93457 0.864762 0.0371094 0.0609524 0.605469
0 0.791992 0.798095 0.0371094 0.0419048 0.631348
0 0.196289 0.0638095 0.0429688 0.0819048 0.631348
0 0.868652 0.908571 0.0419922 0.0533333 0.647461
0 0.631836 0.778095 0.0429688 0.047619 0.683105
0 0.88623 0.824762 0.0439453 0.0571429 0.745605
0 0.893066 0.161905 0.0361328 0.0609524 0.785156
0 0.899902 0.0361905 0.0361328 0.072381 0.859863
0 0.577148 0.748571 0.0390625 0.0380952 0.86084
0 0.980469 0.162857 0.0390625 0.0628571 0.867676
0 0.935059 0.0904762 0.0380859 0.0628571 0.874512
0 0.870605 0.0390476 0.0361328 0.0780952 0.878418
0 0.966797 0.0885714 0.0390625 0.0590476 0.891602
0 0.950195 0.811429 0.0449219 0.0685714 0.894531
0 0.862305 0.114286 0.0371094 0.0761905 0.899414
