0 0.853027 0.752381 0.0361328 0.0342857 0.282715
0 0.643066 0.877143 0.0419922 0.04 0.338379
0 0.951172 0.0209524 0.03125 0.0419048 0.394775
0 0.585449 0.868571 0.0439453 0.072381 0.443359
0 0.915527 0.905714 0.0439453 0.0628571 0.491943
0 0.89209 0.759048 0.0322266 0.0438095 0.515137
0 0.995117 0.113333 0.00976562 0.0628571 0.587891
0 0.871582 0.907619 0.0419922 0.0514286 0.590332
0 0.9375 0.865714 0.0390625 0.0590476 0.592285
0 0.635742 0.778095 0.0429688 0.0438095 0.657715
0 0.794434 0.799048 0.0380859 0.04 0.676758
0 0.887207 0.825714 0.0439453 0.0552381 0.69873
0 0.894531 0.161905 0.0351562 0.0571429 0.78418
0 0.977051 0.15619 0.0419922 0.0647619 0.825195
0 0.186035 0.0838095 0.0439453 0.0761905 0.853516
0 0.583984 0.747619 0.0390625 0.04 0.869629
0 0.871094 0.0390476 0.0371094 0.0780952 0.880859
0 0.933594 0.0857143 0.0371094 0.0647619 0.881836
0 0.952148 0.811429 0.0449219 0.0685714 0.888184
0 0.967773 0.0866667 0.0390625 0.0590476 0.888672
0 0.863281 0.114286 0.0371094 0.0761905 0.89209
0 0.898926 0.0333333 0.0361328 0.0666667 0.912598
