0 0.872559 0.0219048 0.0302734 0.0438095 0.35376
0 0.921875 0.9 0.0527344 0.0742857 0.51123
0 0.901855 0.757143 0.0361328 0.0438095 0.515137
0 0.17627 0.830476 0.0439453 0.072381 0.522949
0 0.850586 0.814286 0.0390625 0.047619 0.544434
0 0.988281 0.10381 0.0234375 0.0628571 0.555664
0 0.751465 0.795238 0.0439453 0.0438095 0.606934
0 0.862793 0.750476 0.0361328 0.0380952 0.654297
0 0.945312 0.865714 0.0351562 0.0552381 0.702148
0 0.311523 0.812381 0.0429688 0.0514286 0.702148
0 0.879395 0.906667 0.0439453 0.0533333 0.733398
0 0.904785 0.160952 0.0361328 0.0628571 0.741211
0 0.63916 0.834286 0.0419922 0.0457143 0.749512
0 0.803223 0.798095 0.0380859 0.0419048 0.763672
0 0.649902 0.877143 0.0419922 0.04 0.774902
0 0.39502 0.769524 0.0400391 0.0380952 0.777344
0 0.898438 0.824762 0.0449219 0.0571429 0.784668
0 0.133789 0.139048 0.0449219 0.0647619 0.823242
0 0.646973 0.779048 0.0419922 0.0419048 0.825684
0 0.941895 0.153333 0.0341797 0.0552381 0.828613
0 0.601562 0.745714 0.0390625 0.04 0.860352
0 0.926758 0.0685714 0.0371094 0.072381 0.871582
0 0.950195 0.0495238 0.0390625 0.0685714 0.881348
0 0.20752 0.0571429 0.0361328 0.0685714 0.890137
0 0.933105 0.208571 0.0439453 0.0628571 0.892578
0 0.962891 0.811429 0.046875 0.0685714 0.896484
0 0.868164 0.1 0.0390625 0.0819048 0.913086
