1 0.981934 0.0952381 0.0361328 0.0685714 0.259521
0 0.924316 0.901905 0.0478516 0.0666667 0.308838
0 0.0703125 0.955238 0.0390625 0.0704762 0.310547
0 0.0878906 0.145714 0.046875 0.0514286 0.369873
0 0.82666 0.9 0.0400391 0.0438095 0.427002
0 0.981934 0.0952381 0.0341797 0.0685714 0.471191
0 0.984863 0.147619 0.0283203 0.047619 0.485352
0 0.344727 0.80381 0.0410156 0.0495238 0.506836
0 0.993164 0.210476 0.0136719 0.047619 0.536621
0 0.850586 0.810476 0.0390625 0.0514286 0.601562
0 0.21875 0.795238 0.0429688 0.0628571 0.616211
0 0.0961914 0.162857 0.0478516 0.0552381 0.64209
0 0.0854492 0.960952 0.0419922 0.0780952 0.65625
0 0.901855 0.755238 0.0361328 0.0438095 0.729004
0 0.880371 0.904762 0.0419922 0.0533333 0.741211
0 0.170898 0.105714 0.0371094 0.0666667 0.760254
0 0.646484 0.833333 0.0410156 0.04 0.76709
0 0.751465 0.794286 0.0439453 0.0457143 0.797852
0 0.862793 0.747619 0.0361328 0.04 0.797852
0 0.649902 0.87619 0.0419922 0.0380952 0.798828
0 0.953125 0.868571 0.0429688 0.0609524 0.807617
0 0.803223 0.795238 0.0380859 0.04 0.814941
0 0.903809 0.824762 0.0458984 0.0571429 0.818359
0 0.126465 0.964762 0.0419922 0.0704762 0.838867
0 0.175781 0.0409524 0.0566406 0.0819048 0.838867
0 0.914062 0.04 0.0351562 0.072381 0.843262
0 0.927246 0.127619 0.0361328 0.0647619 0.843262
0 0.445312 0.773333 0.0390625 0.0380952 0.848145
0 0.647461 0.777143 0.0410156 0.0419048 0.850098
0 0.903809 0.155238 0.0341797 0.0628571 0.86084
0 0.602051 0.744762 0.0400391 0.0419048 0.885742
0 0.941406 0.0333333 0.0371094 0.0666667 0.889648
0 0.933105 0.205714 0.0419922 0.0647619 0.891602
0 0.970215 0.814286 0.0458984 0.0704762 0.900879
0 0.861328 0.0771429 0.0390625 0.0819048 0.917969
