0 0.851562 0.0447619 0.0214844 0.047619 0.383057
0 0.903809 0.16 0.0341797 0.0571429 0.401367
0 0.901855 0.758095 0.0361328 0.0457143 0.405273
0 0.862793 0.750476 0.0361328 0.0380952 0.445312
0 0.624023 0.841905 0.0410156 0.0533333 0.463135
0 0.896973 0.824762 0.0458984 0.0571429 0.464355
0 0.751465 0.796191 0.0439453 0.0457143 0.479492
0 0.183594 0.899048 0.0429688 0.0685714 0.534668
0 0.995117 0.104762 0.00976562 0.0609524 0.535645
0 0.944336 0.860952 0.0410156 0.0609524 0.536133
0 0.274902 0.78 0.0439453 0.0438095 0.638672
0 0.803223 0.797143 0.0380859 0.04 0.647461
0 0.649902 0.877143 0.0419922 0.04 0.655273
0 0.880371 0.906667 0.0419922 0.0495238 0.727051
0 0.646484 0.779048 0.0429688 0.0457143 0.8125
0 0.0566406 0.17619 0.0429688 0.0438095 0.828125
0 0.602051 0.745714 0.0400391 0.04 0.833008
0 0.973633 0.186667 0.0371094 0.0533333 0.836426
0 0.912598 0.0304762 0.0361328 0.0609524 0.852539
0 0.955078 0.112381 0.0390625 0.0647619 0.871094
0 0.880371 0.0371429 0.0361328 0.0742857 0.875488
0 0.873047 0.112381 0.0390625 0.08 0.891113
0 0.19873 0.0695238 0.0439453 0.0780952 0.893066
0 0.936035 0.211429 0.0439453 0.0647619 0.894531
0 0.960938 0.809524 0.046875 0.072381 0.913574
0 0.96582 0.0714286 0.0410156 0.0628571 0.933105
