0 0.549316 0.786667 0.0400391 0.0380952 0.259277
0 0.682129 0.839048 0.0419922 0.04 0.331299
0 0.772461 0.74 0.0449219 0.04 0.342773
0 0.990723 0.267619 0.0185547 0.0666667 0.411621
1 0.96875 0.08 0.0625 0.0876191 0.541016
0 0.185547 0.08 0.0390625 0.0685714 0.563477
0 0.0605469 0.182857 0.0390625 0.0457143 0.58252
0 0.968262 0.0771429 0.0634766 0.0819048 0.621582
0 0.0488281 0.125714 0.0566406 0.0571429 0.664062
0 0.751953 0.794286 0.0449219 0.0457143 0.687012
0 0.381836 0.800952 0.0449219 0.0361905 0.69873
0 0.646484 0.78 0.0429688 0.0438095 0.735352
0 0.824707 0.759048 0.0419922 0.0438095 0.776855
0 0.921875 0.906667 0.0449219 0.0533333 0.791504
0 0.969238 0.133333 0.0419922 0.0571429 0.816895
0 0.157227 0.946667 0.0449219 0.0761905 0.827148
0 0.983398 0.830476 0.0332031 0.0609524 0.828125
0 0.441895 0.790476 0.0419922 0.0419048 0.833984
0 0.601562 0.746667 0.0390625 0.0380952 0.835938
0 0.822754 0.800952 0.0380859 0.04 0.84082
0 0.85791 0.0685714 0.0322266 0.0685714 0.84668
0 0.38916 0.740952 0.0400391 0.0380952 0.86084
0 0.886719 0.757143 0.0410156 0.0438095 0.869629
0 0.262695 0.761905 0.0410156 0.0533333 0.888672
0 0.260742 0.830476 0.0410156 0.0533333 0.889648
0 0.174805 0.833333 0.0410156 0.0666667 0.890625
0 0.901855 0.162857 0.0419922 0.0742857 0.900879
0 0.956543 0.179048 0.0419922 0.0609524 0.91748
