0 0.98877 0.850476 0.0224609 0.0742857 0.273438
0 0.187012 0.0857143 0.0400391 0.0761905 0.290527
0 0.975098 0.0809524 0.0498047 0.0742857 0.298828
0 0.852539 0.812381 0.0390625 0.0438095 0.401367
0 0.932617 0.0209524 0.0332031 0.0419048 0.424072
0 0.710938 0.875238 0.0390625 0.0361905 0.444336
0 0.10498 0.161905 0.0361328 0.0495238 0.456787
0 0.980469 0.90381 0.0371094 0.0704762 0.584473
0 0.141113 0.0742857 0.0595703 0.0914286 0.628906
0 0.388184 0.795238 0.0419922 0.0438095 0.682129
0 0.279785 0.758095 0.0419922 0.0533333 0.685547
0 0.882324 0.901905 0.0439453 0.0552381 0.693359
0 0.751953 0.792381 0.0429688 0.0457143 0.727539
0 0.0302734 0.181905 0.0410156 0.0438095 0.76416
0 0.500488 0.779048 0.0400391 0.0419048 0.780762
0 0.864746 0.746667 0.0361328 0.0380952 0.78125
0 0.804199 0.794286 0.0380859 0.0419048 0.794922
0 0.979492 0.140952 0.0410156 0.0533333 0.800781
0 0.985352 0.20381 0.0292969 0.0533333 0.80957
0 0.649902 0.875238 0.0419922 0.04 0.810547
0 0.659668 0.832381 0.0419922 0.0380952 0.816406
0 0.933594 0.909524 0.0449219 0.0666667 0.820312
0 0.91748 0.760952 0.0361328 0.047619 0.824219
0 0.921875 0.84 0.0449219 0.0609524 0.838867
0 0.903809 0.0819048 0.0361328 0.0685714 0.859863
0 0.901855 0.149524 0.0361328 0.0628571 0.86084
0 0.847656 0.0361905 0.0351562 0.072381 0.870117
0 0.602539 0.741905 0.0390625 0.04 0.876465
0 0.648438 0.775238 0.0429688 0.0457143 0.882812
0 0.933105 0.201905 0.0439453 0.0647619 0.889648
0 0.139648 0.87619 0.0410156 0.072381 0.890625
0 0.168945 0.909524 0.0390625 0.0666667 0.918945
