0 0.871094 0.02 0.0273438 0.04 0.300537
0 0.54248 0.788571 0.0380859 0.0380952 0.327393
0 0.649414 0.87619 0.0410156 0.0380952 0.331543
0 0.199707 0.0571429 0.0400391 0.0761905 0.343018
0 0.710449 0.879048 0.0400391 0.0361905 0.382568
0 0.994629 0.264762 0.0107422 0.0571429 0.434814
0 0.824219 0.759048 0.0429688 0.0438095 0.595215
0 0.647949 0.78 0.0419922 0.0438095 0.643555
0 0.879883 0.821905 0.0410156 0.0552381 0.648926
0 0.67627 0.838095 0.0400391 0.0380952 0.656738
0 0.751465 0.793333 0.0439453 0.0438095 0.683594
0 0.984375 0.92381 0.03125 0.0761905 0.697266
0 0.0654297 0.120952 0.0566406 0.0666667 0.708984
0 0.375488 0.8 0.0419922 0.0380952 0.786133
0 0.814941 0.8 0.0380859 0.0380952 0.792969
0 0.969727 0.0780952 0.0605469 0.08 0.803223
0 0.969238 0.134286 0.0419922 0.0552381 0.813477
0 0.866699 0.0904762 0.0341797 0.0666667 0.82959
0 0.436035 0.791429 0.0400391 0.04 0.834473
0 0.602051 0.745714 0.0400391 0.04 0.849609
0 0.372559 0.74 0.0419922 0.04 0.870117
0 0.87793 0.754286 0.0371094 0.0380952 0.871094
0 0.972656 0.811429 0.0390625 0.0609524 0.875
0 0.246094 0.84 0.0390625 0.0571429 0.881348
0 0.964355 0.185714 0.0439453 0.0590476 0.883789
0 0.154785 0.856191 0.0400391 0.0704762 0.889648
0 0.240234 0.774286 0.0410156 0.0552381 0.890137
0 0.910156 0.178095 0.0429688 0.0742857 0.900879
