0 0.958008 0.130476 0.0371094 0.0590476 0.287598
0 0.709961 0.882857 0.0390625 0.0361905 0.309326
0 0.946289 0.0542857 0.0761719 0.108571 0.311279
0 0.991211 0.220952 0.0175781 0.0457143 0.389404
0 0.856934 0.809524 0.0478516 0.0495238 0.39209
0 0.84375 0.749524 0.0449219 0.0438095 0.538574
0 0.993164 0.164762 0.0136719 0.0438095 0.594238
0 0.424805 0.798095 0.0410156 0.0380952 0.693848
0 0.487793 0.742857 0.0419922 0.0380952 0.776855
0 0.910156 0.185714 0.0429688 0.0780952 0.79541
0 0.918945 0.132381 0.0390625 0.0704762 0.797852
0 0.601562 0.752381 0.0390625 0.0419048 0.833984
0 0.352051 0.746667 0.0380859 0.0380952 0.836426
0 0.927246 0.788571 0.0458984 0.0609524 0.838379
0 0.223633 0.787619 0.0371094 0.0590476 0.840332
0 0.427734 0.742857 0.0390625 0.0380952 0.841309
0 0.648438 0.78381 0.0429688 0.047619 0.844727
0 0.481445 0.790476 0.0410156 0.0380952 0.847656
0 0.275391 0.828571 0.046875 0.0609524 0.861816
0 0.367188 0.809524 0.0390625 0.0419048 0.883789
0 0.966309 0.878095 0.0439453 0.0647619 0.916016
