0 0.709961 0.88 0.0410156 0.0380952 0.255127
0 0.187012 0.0771429 0.0771484 0.131429 0.373047
0 0.94043 0.0485714 0.0644531 0.0971429 0.463135
0 0.949707 0.120952 0.0439453 0.0704762 0.577148
0 0.651855 0.78381 0.0439453 0.0438095 0.581055
0 0.855957 0.751429 0.0439453 0.0438095 0.61084
0 0.428711 0.797143 0.0390625 0.0361905 0.685547
0 0.990723 0.165714 0.0185547 0.0495238 0.727539
0 0.981445 0.900952 0.0371094 0.072381 0.738281
0 0.241699 0.774286 0.0361328 0.0552381 0.788574
0 0.981445 0.210476 0.0371094 0.0514286 0.800293
0 0.946777 0.800952 0.0439453 0.0628571 0.819336
0 0.361328 0.74381 0.0390625 0.0361905 0.827637
0 0.601562 0.749524 0.0390625 0.04 0.831055
0 0.483887 0.789524 0.0419922 0.04 0.844238
0 0.904785 0.108571 0.0400391 0.0761905 0.858887
0 0.285156 0.821905 0.0429688 0.0590476 0.861816
0 0.43457 0.741905 0.0390625 0.0361905 0.868164
0 0.493652 0.742857 0.0400391 0.0380952 0.873535
0 0.897949 0.164762 0.0439453 0.0780952 0.892578
0 0.37207 0.807619 0.0390625 0.0419048 0.896484
