0 0.0131836 0.133333 0.0263672 0.0533333 0.31543
0 0.694824 0.788571 0.0419922 0.0457143 0.348389
0 0.835449 0.902857 0.0419922 0.0495238 0.362793
1 0.963379 0.0714286 0.0732422 0.0971429 0.379639
0 0.709961 0.878095 0.0410156 0.0380952 0.532227
0 0.400879 0.798095 0.0400391 0.0380952 0.588379
0 0.710938 0.837143 0.0410156 0.04 0.62207
0 0.992188 0.210476 0.015625 0.0590476 0.631348
0 0.09375 0.959048 0.0390625 0.0704762 0.64209
0 0.650391 0.87619 0.0429688 0.0380952 0.646484
0 0.966309 0.947619 0.0439453 0.0704762 0.660156
0 0.647949 0.780952 0.0419922 0.0457143 0.697266
0 0.96875 0.131429 0.0429688 0.0571429 0.719727
0 0.963867 0.0695238 0.0722656 0.0933333 0.754395
0 0.199707 0.892381 0.0458984 0.0704762 0.76416
0 0.929199 0.853333 0.0498047 0.0647619 0.77832
0 0.782227 0.739048 0.0410156 0.0419048 0.779785
0 0.979004 0.254286 0.0400391 0.0666667 0.791992
0 0.765625 0.794286 0.0429688 0.0457143 0.832031
0 0.855469 0.805714 0.0429688 0.0457143 0.853516
0 0.835938 0.759048 0.0429688 0.0514286 0.854492
0 0.603027 0.745714 0.0400391 0.04 0.859863
0 0.459473 0.788571 0.0419922 0.0419048 0.874512
0 0.329102 0.74381 0.0390625 0.04 0.890137
0 0.874023 0.107619 0.0390625 0.0819048 0.890625
0 0.430664 0.739048 0.0410156 0.0380952 0.893066
0 0.306152 0.813333 0.0400391 0.0457143 0.900391
0 0.235352 0.778095 0.0410156 0.0552381 0.901367
0 0.928223 0.784762 0.0400391 0.0571429 0.906738
0 0.927246 0.141905 0.0419922 0.0742857 0.906738
