0 0.943848 0.0571429 0.0966797 0.114286 0.250488
0 0.84082 0.804762 0.0449219 0.0438095 0.289062
0 0.830566 0.744762 0.0400391 0.0380952 0.320557
0 0.206543 0.800952 0.0380859 0.0628571 0.325684
0 0.993652 0.16381 0.0126953 0.0533333 0.454346
0 0.867188 0.0238095 0.0292969 0.047619 0.645508
0 0.647949 0.78381 0.0439453 0.047619 0.671875
0 0.959473 0.129524 0.0439453 0.0647619 0.727539
0 0.423828 0.799048 0.0390625 0.0361905 0.771484
0 0.909668 0.777143 0.0419922 0.0533333 0.790039
0 0.92334 0.201905 0.0458984 0.0761905 0.791504
0 0.478516 0.791429 0.0429688 0.04 0.811035
0 0.265625 0.833333 0.0449219 0.0628571 0.812012
0 0.602539 0.750476 0.0390625 0.0380952 0.827148
0 0.339844 0.747619 0.0390625 0.04 0.833496
0 0.481934 0.742857 0.0419922 0.0380952 0.865723
0 0.418945 0.742857 0.0390625 0.0380952 0.865723
0 0.932617 0.151429 0.0371094 0.0666667 0.875977
0 0.363281 0.809524 0.0390625 0.0419048 0.879883
0 0.949219 0.86 0.0429688 0.0590476 0.910645
