0 0.824707 0.801905 0.0439453 0.0419048 0.350098
0 0.995117 0.160952 0.00976562 0.0552381 0.393311
0 0.894043 0.766667 0.0419922 0.047619 0.632812
0 0.648438 0.78 0.0429688 0.0438095 0.683594
0 0.187012 0.820952 0.0380859 0.0647619 0.735352
0 0.421387 0.798095 0.0400391 0.0380952 0.804199
0 0.949219 0.167619 0.0390625 0.0609524 0.813477
0 0.936035 0.214286 0.0439453 0.0704762 0.815918
0 0.963379 0.129524 0.0419922 0.0609524 0.827148
0 0.475586 0.74 0.0410156 0.0361905 0.833008
0 0.256348 0.84 0.0458984 0.0647619 0.843262
0 0.603516 0.748571 0.0390625 0.0419048 0.844727
0 0.326172 0.747619 0.0390625 0.04 0.849609
0 0.477539 0.788571 0.0410156 0.0380952 0.853516
0 0.35791 0.807619 0.0380859 0.0380952 0.871094
0 0.40918 0.740952 0.0390625 0.0342857 0.872559
0 0.933105 0.845714 0.0419922 0.0609524 0.884766
0 0.875977 0.0361905 0.0390625 0.072381 0.896484
