0 0.955566 0.0609524 0.0810547 0.106667 0.36377
0 0.648438 0.780952 0.0429688 0.0457143 0.427979
0 0.785156 0.794286 0.0429688 0.0457143 0.441406
1 0.957031 0.0657143 0.0859375 0.11619 0.442139
0 0.838379 0.904762 0.0439453 0.0495238 0.460693
0 0.651367 0.87619 0.0410156 0.0380952 0.506836
0 0.966309 0.131429 0.0439453 0.0571429 0.640137
0 0.962402 0.885714 0.0361328 0.0533333 0.668457
0 0.85498 0.75619 0.0419922 0.0419048 0.69043
0 0.885254 0.81619 0.0419922 0.0514286 0.724609
0 0.410156 0.797143 0.0410156 0.0361905 0.786621
0 0.224609 0.868571 0.046875 0.0685714 0.806152
0 0.964844 0.24 0.0449219 0.0647619 0.821777
0 0.982422 0.197143 0.0351562 0.0590476 0.833008
0 0.132812 0.899048 0.0351562 0.0685714 0.836914
0 0.46875 0.787619 0.0410156 0.04 0.845215
0 0.603516 0.745714 0.0390625 0.04 0.864258
0 0.367188 0.74 0.0390625 0.0361905 0.869629
0 0.275391 0.759048 0.0410156 0.0514286 0.875
0 0.45166 0.738095 0.0400391 0.0361905 0.875977
0 0.33252 0.809524 0.0400391 0.0419048 0.898438
0 0.963379 0.815238 0.0419922 0.0609524 0.898438
0 0.85791 0.0628571 0.0380859 0.0838095 0.898438
0 0.907227 0.10381 0.0410156 0.0780952 0.915527
