1 0.955078 0.0638095 0.0898438 0.12 0.258789
0 0.953125 0.0580952 0.0859375 0.11619 0.290771
0 0.838867 0.90381 0.0449219 0.0552381 0.350098
0 0.711426 0.879048 0.0400391 0.0361905 0.375977
0 0.647949 0.779048 0.0419922 0.0457143 0.418213
0 0.753906 0.84 0.0410156 0.0419048 0.524414
0 0.150391 0.869524 0.0371094 0.0666667 0.530762
0 0.650879 0.87619 0.0400391 0.0380952 0.575195
0 0.798828 0.74 0.0429688 0.04 0.590332
0 0.79541 0.793333 0.0458984 0.047619 0.650879
0 0.23584 0.858095 0.0458984 0.0666667 0.69043
0 0.966309 0.131429 0.0458984 0.0647619 0.719727
0 0.978027 0.906667 0.0361328 0.0571429 0.79541
0 0.292969 0.753333 0.0410156 0.047619 0.807617
0 0.865723 0.759048 0.0400391 0.0438095 0.812012
0 0.460449 0.739048 0.0400391 0.0380952 0.817871
0 0.414062 0.797143 0.0410156 0.0361905 0.819824
0 0.899902 0.822857 0.0400391 0.0533333 0.827637
0 0.95459 0.232381 0.0458984 0.0647619 0.833008
0 0.47168 0.787619 0.0410156 0.04 0.859375
0 0.603516 0.747619 0.0390625 0.04 0.865234
0 0.973145 0.189524 0.0419922 0.0552381 0.875977
0 0.850098 0.0409524 0.0380859 0.0819048 0.883789
0 0.382812 0.74 0.0390625 0.0361905 0.884766
0 0.342285 0.807619 0.0380859 0.0419048 0.887695
0 0.979004 0.83619 0.0400391 0.0647619 0.910645
0 0.895508 0.0809524 0.0390625 0.0819048 0.913086
