0 0.129883 0.888571 0.0527344 0.0895238 0.255859
0 0.960938 0.0219048 0.03125 0.0438095 0.313721
1 0.152344 0.94381 0.0742188 0.112381 0.323975
0 0.92627 0.0361905 0.0498047 0.072381 0.425537
0 0.664062 0.787619 0.0429688 0.0438095 0.427734
0 0.151855 0.94381 0.0751953 0.112381 0.454834
0 0.433105 0.8 0.0400391 0.0380952 0.703613
0 0.299316 0.820952 0.0439453 0.0571429 0.717773
0 0.503906 0.746667 0.0410156 0.0380952 0.810547
0 0.938965 0.109524 0.0380859 0.0666667 0.821777
0 0.600098 0.752381 0.0380859 0.0380952 0.822754
0 0.377441 0.747619 0.0400391 0.0361905 0.842773
0 0.443359 0.745714 0.0390625 0.0361905 0.844238
0 0.486816 0.792381 0.0419922 0.0380952 0.852539
0 0.37793 0.811429 0.0390625 0.0419048 0.858398
0 0.270996 0.762857 0.0361328 0.0514286 0.871094
0 0.986328 0.16381 0.0273438 0.0609524 0.87207
0 0.882324 0.0561905 0.0361328 0.0780952 0.884277
0 0.945801 0.178095 0.0419922 0.0628571 0.891602
0 0.872559 0.121905 0.0419922 0.0838095 0.911133
