0 0.708496 0.74 0.0400391 0.0438095 0.322021
0 0.647949 0.878095 0.0419922 0.0380952 0.363281
0 0.387695 0.777143 0.03125 0.0304762 0.380859
0 0.956055 0.0209524 0.0410156 0.0419048 0.433838
0 0.074707 0.970476 0.0419922 0.0590476 0.484131
0 0.708008 0.879048 0.0410156 0.0361905 0.525879
1 0.11084 0.162857 0.0830078 0.108571 0.536621
0 0.437988 0.793333 0.0400391 0.0361905 0.550293
0 0.705078 0.792381 0.0429688 0.0457143 0.778809
0 0.84375 0.0409524 0.0351562 0.0819048 0.831543
0 0.532715 0.948571 0.0302734 0.0838095 0.840332
0 0.919922 0.0704762 0.0390625 0.0761905 0.845703
0 0.901855 0.110476 0.0419922 0.0761905 0.853027
0 0.307617 0.746667 0.0332031 0.0419048 0.859863
0 0.490723 0.788571 0.0419922 0.0380952 0.860352
0 0.51709 0.740952 0.0400391 0.0380952 0.86084
0 0.392578 0.74381 0.0390625 0.0361905 0.86084
0 0.987305 0.0952381 0.0253906 0.0533333 0.865723
0 0.315918 0.811429 0.0439453 0.0533333 0.865723
0 0.452637 0.741905 0.0380859 0.0361905 0.869141
0 0.978027 0.150476 0.0439453 0.0685714 0.873047
0 0.599609 0.748571 0.0390625 0.0419048 0.875
0 0.385254 0.807619 0.0380859 0.0380952 0.876465
0 0.181152 0.0533333 0.0361328 0.0647619 0.918457
