0 0.453613 0.770476 0.0283203 0.032381 0.357422
0 0.899414 0.0238095 0.0292969 0.047619 0.384521
0 0.441895 0.796191 0.0380859 0.0304762 0.401367
0 0.864746 0.0228571 0.0283203 0.0457143 0.567383
0 0.545898 0.89619 0.0390625 0.0895238 0.604492
0 0.646484 0.879048 0.0429688 0.04 0.609863
0 0.78418 0.74 0.0410156 0.04 0.79248
0 0.579102 0.792381 0.0410156 0.0380952 0.813477
0 0.706543 0.880952 0.0400391 0.0361905 0.830078
0 0.625 0.747619 0.0390625 0.04 0.849121
0 0.775391 0.895238 0.0429688 0.0495238 0.851562
0 0.494141 0.789524 0.0410156 0.0361905 0.855957
0 0.782715 0.8 0.0419922 0.0457143 0.855957
0 0.532227 0.742857 0.0410156 0.0380952 0.861328
0 0.957031 0.127619 0.0488281 0.072381 0.864746
0 0.459961 0.742857 0.0371094 0.0380952 0.868652
0 0.104492 0.119048 0.0351562 0.047619 0.872559
0 0.402832 0.74381 0.0380859 0.0361905 0.874512
0 0.390137 0.807619 0.0361328 0.0380952 0.875977
0 0.330078 0.74381 0.0332031 0.04 0.878418
0 0.202637 0.06 0.0439453 0.0819048 0.882324
0 0.327148 0.809524 0.0429688 0.0457143 0.883789
0 0.95459 0.0552381 0.0380859 0.0647619 0.88623
0 0.955566 0.18381 0.0458984 0.0628571 0.896973
0 0.171875 0.0304762 0.0429688 0.0609524 0.900879
0 0.134766 0.88381 0.0410156 0.072381 0.907715
