0 0.441895 0.794286 0.0361328 0.0342857 0.289062
1 0.0952148 0.169524 0.0830078 0.0914286 0.449951
0 0.838379 0.0266667 0.0283203 0.0533333 0.595703
0 0.723633 0.792381 0.0429688 0.0457143 0.685547
0 0.727539 0.737143 0.0371094 0.0380952 0.697266
0 0.708008 0.879048 0.0410156 0.0361905 0.776367
0 0.647949 0.878095 0.0419922 0.0380952 0.807617
0 0.602539 0.747619 0.0390625 0.04 0.849609
0 0.522461 0.740952 0.0410156 0.0380952 0.851562
0 0.98291 0.0876191 0.0341797 0.0571429 0.852539
0 0.915527 0.0590476 0.0380859 0.0761905 0.853027
0 0.974609 0.14381 0.046875 0.0666667 0.853516
0 0.0898438 0.955238 0.0429688 0.0780952 0.86377
0 0.491699 0.788571 0.0400391 0.0380952 0.864746
0 0.318848 0.810476 0.0439453 0.0514286 0.869141
0 0.316406 0.744762 0.0332031 0.0419048 0.872559
0 0.163574 0.0742857 0.0361328 0.0571429 0.877441
0 0.386719 0.806667 0.0390625 0.04 0.878418
0 0.395996 0.741905 0.0380859 0.0361905 0.878906
0 0.455078 0.740952 0.0371094 0.0342857 0.884277
0 0.535156 0.934286 0.03125 0.0857143 0.888672
0 0.890625 0.0828571 0.0390625 0.0780952 0.896484
