0 0.26709 0.969524 0.0712891 0.0571429 0.29126
0 0.508301 0.97619 0.0244141 0.04 0.297119
0 0.828125 0.367619 0.113281 0.24 0.313477
0 0.938477 0.0266667 0.0390625 0.0533333 0.32373
0 0.62793 0.885714 0.0410156 0.0380952 0.478027
0 0.776367 0.80381 0.0449219 0.0533333 0.505371
0 0.977539 0.864762 0.0390625 0.0647619 0.530273
0 0.993652 0.17619 0.0126953 0.0552381 0.531738
0 0.675293 0.800952 0.0400391 0.0438095 0.538574
0 0.27832 0.760952 0.0390625 0.04 0.594727
0 0.455078 0.800952 0.0429688 0.032381 0.650879
0 0.619629 0.753333 0.0380859 0.0361905 0.685059
0 0.779785 0.911429 0.0419922 0.0552381 0.771484
0 0.147461 0.955238 0.0410156 0.0666667 0.807617
0 0.6875 0.886667 0.0410156 0.04 0.818848
0 0.0253906 0.12381 0.0429688 0.0419048 0.824219
0 0.955078 0.92 0.046875 0.0761905 0.838379
0 0.310059 0.81619 0.0419922 0.047619 0.844238
0 0.116699 0.948571 0.0400391 0.0761905 0.852539
0 0.475098 0.750476 0.0380859 0.0342857 0.852539
0 0.546387 0.788571 0.0419922 0.0457143 0.854492
0 0.400879 0.752381 0.0380859 0.0342857 0.865234
0 0.318359 0.751429 0.0332031 0.04 0.874023
0 0.103516 0.914286 0.0429688 0.0761905 0.87793
0 0.380859 0.815238 0.0371094 0.0380952 0.886719
0 0.813477 0.761905 0.0410156 0.0457143 0.899902
0 0.92334 0.117143 0.0419922 0.0704762 0.902832
0 0.945312 0.08 0.0390625 0.0647619 0.916016
0 0.22168 0.787619 0.0410156 0.0590476 0.924316
0 0.181641 0.848571 0.0449219 0.0590476 0.924316
