0 0.928223 0.80381 0.0361328 0.0533333 0.3396
0 0.445801 0.8 0.0380859 0.0304762 0.395752
0 0.0117188 0.0771429 0.0234375 0.04 0.39917
0 0.14502 0.962857 0.0400391 0.0666667 0.483887
0 0.929199 0.0485714 0.0361328 0.0628571 0.51709
0 0.0771484 0.962857 0.0410156 0.0742857 0.595703
0 0.710449 0.798095 0.0419922 0.0419048 0.624023
0 0.945312 0.0238095 0.0371094 0.047619 0.640137
0 0.0078125 0.114286 0.015625 0.0380952 0.643555
0 0.281738 0.759048 0.0380859 0.0361905 0.665039
0 0.0444336 0.173333 0.0419922 0.0419048 0.680176
0 0.916992 0.868571 0.0449219 0.0609524 0.697266
0 0.584961 0.748571 0.0390625 0.0380952 0.732422
0 0.635254 0.88381 0.0419922 0.0419048 0.733398
0 0.694336 0.88381 0.0410156 0.0380952 0.787109
0 0.620605 0.819048 0.0439453 0.0533333 0.79541
0 0.887207 0.0419048 0.0439453 0.0838095 0.818359
0 0.213867 0.794286 0.0429688 0.0647619 0.82373
0 0.523438 0.792381 0.0390625 0.0380952 0.841309
0 0.464355 0.747619 0.0361328 0.0361905 0.850586
0 0.325684 0.748571 0.0341797 0.0419048 0.856934
0 0.316406 0.814286 0.0429688 0.047619 0.858398
0 0.400879 0.749524 0.0380859 0.0361905 0.872559
0 0.962402 0.147619 0.0400391 0.0590476 0.879883
0 0.981934 0.107619 0.0361328 0.0552381 0.884277
0 0.384277 0.813333 0.0380859 0.0380952 0.888184
0 0.753906 0.753333 0.0390625 0.04 0.888184
0 0.0947266 0.10381 0.0449219 0.0590476 0.896484
0 0.157227 0.867619 0.0449219 0.0666667 0.907227
