1 0.228027 0.878095 0.0830078 0.110476 0.299316
0 0.983887 0.1 0.0322266 0.0552381 0.3125
0 0.926758 0.0228571 0.03125 0.0457143 0.313477
0 0.703613 0.88 0.0419922 0.0419048 0.418213
0 0.491699 0.766667 0.0283203 0.0285714 0.51709
0 0.780762 0.9 0.0439453 0.0514286 0.518066
0 0.444824 0.798095 0.0400391 0.0342857 0.540527
0 0.643066 0.880952 0.0419922 0.04 0.559082
0 0.93457 0.104762 0.0449219 0.0761905 0.616211
0 0.104492 0.933333 0.0449219 0.0761905 0.648926
0 0.839844 0.813333 0.0429688 0.0495238 0.724609
0 0.27002 0.757143 0.0419922 0.047619 0.726074
0 0.616699 0.795238 0.0400391 0.0361905 0.796387
0 0.561523 0.867619 0.0429688 0.0742857 0.840332
0 0.0493164 0.14381 0.0341797 0.04 0.84668
0 0.900879 0.120952 0.0419922 0.0780952 0.848633
0 0.500488 0.790476 0.0400391 0.0380952 0.854004
0 0.541992 0.74381 0.0390625 0.0361905 0.854492
0 0.147949 0.125714 0.0439453 0.0685714 0.857422
0 0.331543 0.744762 0.0341797 0.0419048 0.861328
0 0.666504 0.747619 0.0400391 0.0438095 0.861328
0 0.173828 0.831429 0.0429688 0.0704762 0.861816
0 0.458008 0.74381 0.0371094 0.0361905 0.870605
0 0.112305 0.0838095 0.0429688 0.0609524 0.875977
0 0.324707 0.810476 0.0439453 0.047619 0.875977
0 0.405273 0.745714 0.0371094 0.0361905 0.880859
0 0.390137 0.810476 0.0361328 0.0361905 0.894531
