0 0.856934 0.82 0.0458984 0.0552381 0.325684
0 0.503418 0.76381 0.0302734 0.0266667 0.33252
0 0.953613 0.0228571 0.0341797 0.0457143 0.362793
0 0.179688 0.0257143 0.0429688 0.0514286 0.408691
0 0.275879 0.758095 0.0380859 0.0419048 0.538574
0 0.993164 0.166667 0.0136719 0.0514286 0.574707
0 0.114746 0.916191 0.0439453 0.072381 0.582031
0 0.125488 0.14381 0.0517578 0.0704762 0.643555
0 0.70166 0.880952 0.0400391 0.04 0.645508
0 0.641113 0.880952 0.0419922 0.04 0.664551
0 0.633301 0.795238 0.0400391 0.0361905 0.75
0 0.568359 0.859048 0.0449219 0.072381 0.762695
0 0.925293 0.0961905 0.0439453 0.0819048 0.782227
0 0.546875 0.74381 0.0390625 0.0361905 0.828613
0 0.682617 0.748571 0.0390625 0.0419048 0.84668
0 0.185547 0.82 0.0429688 0.0704762 0.848633
0 0.405273 0.746667 0.0371094 0.0380952 0.86084
0 0.458008 0.744762 0.0371094 0.0342857 0.864258
0 0.331055 0.744762 0.0332031 0.0419048 0.865723
0 0.322754 0.811429 0.0439453 0.0457143 0.866211
0 0.504395 0.790476 0.0400391 0.0380952 0.867188
0 0.0327148 0.146667 0.0341797 0.0380952 0.868652
0 0.389648 0.811429 0.0371094 0.0380952 0.890137
0 0.0913086 0.0952381 0.0419922 0.0533333 0.894531
0 0.88623 0.092381 0.0419922 0.0819048 0.908691
