0 0.460449 0.77619 0.0302734 0.0285714 0.260986
0 0.689453 0.8 0.0371094 0.0419048 0.395752
0 0.0649414 0.168571 0.0439453 0.0514286 0.398682
0 0.946777 0.0228571 0.0361328 0.0457143 0.453125
0 0.442871 0.8 0.0400391 0.0304762 0.528809
0 0.281738 0.759048 0.0361328 0.0361905 0.556152
0 0.847656 0.0247619 0.0332031 0.0495238 0.56543
0 0.904785 0.855238 0.0419922 0.0571429 0.577148
0 0.140625 0.966667 0.0410156 0.0666667 0.605469
0 0.573242 0.747619 0.0390625 0.0361905 0.70459
0 0.696289 0.884762 0.0410156 0.0361905 0.735352
0 0.636719 0.88381 0.0410156 0.0380952 0.740723
0 0.94043 0.0628571 0.0371094 0.0609524 0.786133
0 0.602051 0.829524 0.0419922 0.0552381 0.824707
0 0.986328 0.110476 0.0273438 0.0495238 0.834961
0 0.460449 0.746667 0.0361328 0.0342857 0.850098
0 0.326172 0.747619 0.0332031 0.04 0.853516
0 0.73584 0.751429 0.0400391 0.04 0.854492
0 0.516113 0.792381 0.0400391 0.0380952 0.865723
0 0.401855 0.747619 0.0380859 0.0361905 0.870117
0 0.0195312 0.111429 0.0371094 0.04 0.875488
0 0.317383 0.813333 0.0429688 0.0457143 0.875488
0 0.385254 0.812381 0.0380859 0.04 0.880859
0 0.208496 0.799048 0.0419922 0.0628571 0.887207
0 0.145996 0.87619 0.0439453 0.0685714 0.88916
0 0.116211 0.0857143 0.0449219 0.0685714 0.893555
0 0.896973 0.0580952 0.0419922 0.0819048 0.895996
0 0.972656 0.154286 0.0410156 0.0533333 0.897949
