0 0.988281 0.101905 0.0234375 0.047619 0.250732
0 0.644531 0.88 0.0429688 0.0380952 0.335693
0 0.82373 0.752381 0.0341797 0.0342857 0.406982
0 0.956055 0.0304762 0.0390625 0.0609524 0.47998
0 0.848145 0.915238 0.0419922 0.0438095 0.512695
0 0.445801 0.796191 0.0400391 0.0380952 0.51709
0 0.907227 0.840952 0.0449219 0.0628571 0.676758
0 0.820801 0.806667 0.0419922 0.047619 0.683594
0 0.705078 0.88 0.0390625 0.0380952 0.697266
0 0.602051 0.794286 0.0400391 0.0342857 0.729004
0 0.957031 0.837143 0.0371094 0.0628571 0.754395
0 0.942871 0.113333 0.0458984 0.0742857 0.764648
0 0.779785 0.899048 0.0439453 0.0533333 0.769531
0 0.555664 0.875238 0.0410156 0.0819048 0.782227
0 0.935059 0.0304762 0.0361328 0.0609524 0.79248
0 0.065918 0.138095 0.0341797 0.04 0.808105
0 0.538086 0.742857 0.0410156 0.0380952 0.831055
0 0.651855 0.748571 0.0400391 0.0419048 0.843262
0 0.498047 0.790476 0.0410156 0.0380952 0.844238
0 0.326172 0.808571 0.0429688 0.047619 0.859375
0 0.332031 0.74381 0.0332031 0.04 0.864258
0 0.458496 0.74381 0.0380859 0.0361905 0.867188
0 0.0922852 0.953333 0.0458984 0.0780952 0.869141
0 0.404785 0.744762 0.0380859 0.0342857 0.880859
0 0.390625 0.808571 0.0371094 0.0361905 0.881348
0 0.918457 0.14381 0.0419922 0.0742857 0.881348
0 0.16748 0.106667 0.0439453 0.072381 0.89209
0 0.161133 0.846667 0.0410156 0.0704762 0.908691
0 0.133789 0.0666667 0.0429688 0.0685714 0.917969
