0 0.983398 0.958095 0.0332031 0.072381 0.281982
0 0.732422 0.799048 0.0429688 0.04 0.412842
0 0.941406 0.0238095 0.0351562 0.047619 0.561523
0 0.876465 0.0342857 0.0439453 0.0685714 0.580566
0 0.916504 0.032381 0.0341797 0.0647619 0.581055
0 0.632812 0.884762 0.0410156 0.04 0.653809
0 0.692383 0.885714 0.0390625 0.0380952 0.706543
0 0.595703 0.749524 0.0390625 0.04 0.757324
0 0.106934 0.966667 0.0400391 0.0666667 0.76709
0 0.0209961 0.173333 0.0400391 0.0419048 0.772949
0 0.280762 0.759048 0.0380859 0.04 0.777344
0 0.446777 0.8 0.0400391 0.0342857 0.806152
0 0.145996 0.960952 0.0400391 0.0666667 0.811035
0 0.944824 0.821905 0.0361328 0.0552381 0.822266
0 0.0708008 0.113333 0.0478516 0.0552381 0.851562
0 0.323242 0.748571 0.0332031 0.0419048 0.851562
0 0.529785 0.790476 0.0400391 0.0419048 0.857422
0 0.466309 0.748571 0.0380859 0.0342857 0.862305
0 0.636719 0.810476 0.0429688 0.047619 0.866699
0 0.314941 0.81619 0.0419922 0.047619 0.871094
0 0.398926 0.749524 0.0380859 0.0361905 0.871582
0 0.931152 0.88381 0.0458984 0.0685714 0.881348
0 0.0864258 0.947619 0.0419922 0.0780952 0.883789
0 0.381836 0.815238 0.0371094 0.0380952 0.887207
0 0.771973 0.754286 0.0400391 0.0419048 0.895508
0 0.165527 0.86 0.0458984 0.0666667 0.896484
0 0.948242 0.139048 0.0410156 0.0609524 0.898438
0 0.216797 0.792381 0.0429688 0.0609524 0.902832
0 0.970215 0.100952 0.0400391 0.0571429 0.914551
