0 0.555176 0.819048 0.0224609 0.0228571 0.279785
0 0.0991211 0.0552381 0.0439453 0.0761905 0.308838
0 0.256836 0.970476 0.0703125 0.0590476 0.345215
0 0.894531 0.0228571 0.0351562 0.0457143 0.371826
0 0.773926 0.916191 0.0419922 0.0495238 0.445312
0 0.677246 0.886667 0.0419922 0.04 0.454346
1 0.229004 0.873333 0.0986328 0.100952 0.459961
0 0.11084 0.0752381 0.0419922 0.0742857 0.486084
0 0.929688 0.0257143 0.0371094 0.0514286 0.538574
0 0.677246 0.752381 0.0380859 0.0419048 0.581055
0 0.267578 0.760952 0.0351562 0.0361905 0.631348
0 0.767578 0.787619 0.0410156 0.0438095 0.678711
0 0.171875 0.0295238 0.0429688 0.0590476 0.765625
0 0.967285 0.161905 0.0458984 0.0571429 0.798828
0 0.588867 0.778095 0.0410156 0.0438095 0.82666
0 0.307617 0.751429 0.0332031 0.04 0.830566
0 0.477051 0.8 0.0419922 0.0342857 0.833984
0 0.399902 0.814286 0.0380859 0.04 0.862305
0 0.507324 0.751429 0.0380859 0.0361905 0.87207
0 0.420898 0.751429 0.0371094 0.0361905 0.87207
0 0.197266 0.834286 0.0429688 0.0533333 0.879395
0 0.300293 0.819048 0.0419922 0.0457143 0.885742
0 0.144531 0.946667 0.0390625 0.0647619 0.890625
0 0.131348 0.86381 0.0419922 0.0704762 0.89209
0 0.135254 0.906667 0.0400391 0.0685714 0.896973
0 0.530273 0.901905 0.0390625 0.0780952 0.898438
0 0.217285 0.784762 0.0419922 0.0571429 0.898438
0 0.897461 0.811429 0.0449219 0.0647619 0.90918
0 0.873047 0.0552381 0.0390625 0.0761905 0.916992
