0 0.59082 0.819048 0.0214844 0.0228571 0.270508
0 0.770508 0.916191 0.0410156 0.0495238 0.271729
0 0.0595703 0.0866667 0.0449219 0.0514286 0.310791
1 0.227051 0.874286 0.0966797 0.0952381 0.374756
0 0.820312 0.794286 0.0410156 0.0419048 0.51123
0 0.61377 0.887619 0.0419922 0.0380952 0.518066
0 0.0683594 0.111429 0.0429688 0.0552381 0.595703
0 0.924805 0.0257143 0.0371094 0.0514286 0.599609
0 0.263184 0.76 0.0380859 0.0380952 0.647461
0 0.0615234 0.954286 0.0390625 0.0685714 0.678711
0 0.854492 0.0295238 0.0390625 0.0590476 0.736816
0 0.138672 0.0571429 0.0429688 0.072381 0.76709
0 0.673828 0.887619 0.0410156 0.0380952 0.775391
0 0.494629 0.800952 0.0419922 0.0361905 0.826172
0 0.941406 0.145714 0.0429688 0.0628571 0.841309
0 0.299805 0.817143 0.0410156 0.0457143 0.850586
0 0.533203 0.752381 0.0371094 0.0342857 0.855469
0 0.197266 0.834286 0.0429688 0.0533333 0.86377
0 0.437988 0.753333 0.0380859 0.0361905 0.86377
0 0.615234 0.772381 0.0429688 0.0438095 0.867676
0 0.143555 0.890476 0.0390625 0.0666667 0.870117
0 0.908691 0.887619 0.0439453 0.0685714 0.875
0 0.213867 0.786667 0.0429688 0.0571429 0.881348
0 0.304688 0.751429 0.0332031 0.04 0.881836
0 0.416992 0.814286 0.0371094 0.0361905 0.882324
0 0.141113 0.946667 0.0400391 0.0647619 0.892578
0 0.137695 0.852381 0.0429688 0.0704762 0.892578
0 0.54834 0.871429 0.0419922 0.0666667 0.916992
0 0.936523 0.856191 0.0449219 0.0742857 0.918945
