0 0.71875 0.794286 0.0429688 0.0457143 0.262695
0 0.262695 0.968571 0.0703125 0.0590476 0.320557
0 0.62207 0.885714 0.0410156 0.0380952 0.327881
0 0.681152 0.886667 0.0400391 0.0361905 0.406006
0 0.645508 0.753333 0.0390625 0.04 0.481445
0 0.933105 0.0257143 0.0361328 0.0514286 0.481934
0 0.777344 0.914286 0.0429688 0.0533333 0.544434
0 0.98291 0.173333 0.0322266 0.0647619 0.561035
0 0.82373 0.821905 0.0419922 0.0514286 0.75
0 0.271973 0.761905 0.0380859 0.0380952 0.764648
0 0.464844 0.800952 0.0410156 0.0361905 0.828613
0 0.312012 0.751429 0.0322266 0.04 0.834961
0 0.56543 0.78381 0.0410156 0.0438095 0.837891
0 0.487305 0.751429 0.0371094 0.0361905 0.84668
0 0.303223 0.81619 0.0419922 0.047619 0.855469
0 0.975586 0.957143 0.0449219 0.0819048 0.870117
0 0.125 0.926667 0.0410156 0.0704762 0.872559
0 0.385742 0.81619 0.0371094 0.04 0.873047
0 0.191895 0.839048 0.0439453 0.0552381 0.881836
0 0.855469 0.779048 0.0429688 0.0533333 0.881836
0 0.14502 0.950476 0.0400391 0.0647619 0.884766
0 0.117188 0.886667 0.0429688 0.0742857 0.885742
0 0.406738 0.751429 0.0380859 0.0361905 0.891602
0 0.896973 0.0866667 0.0400391 0.0742857 0.902832
0 0.219727 0.785714 0.0410156 0.0590476 0.90332
0 0.514648 0.944762 0.0371094 0.0876191 0.90332
0 0.916016 0.047619 0.0390625 0.072381 0.925293
