0 0.0439453 0.927619 0.0351562 0.072381 0.318848
0 0.771973 0.916191 0.0419922 0.0495238 0.364502
0 0.694824 0.753333 0.0400391 0.04 0.367432
0 0.572754 0.819048 0.0224609 0.0228571 0.397949
1 0.226074 0.87619 0.102539 0.102857 0.512695
0 0.0517578 0.968571 0.0371094 0.0628571 0.554199
0 0.0893555 0.0942857 0.0419922 0.0628571 0.599121
0 0.88916 0.864762 0.0419922 0.0647619 0.634766
0 0.265625 0.761905 0.0390625 0.0380952 0.716797
0 0.792969 0.789524 0.0390625 0.04 0.763184
0 0.614746 0.887619 0.0400391 0.0380952 0.767578
0 0.927246 0.0266667 0.0361328 0.0533333 0.782227
0 0.155273 0.0390476 0.0429688 0.0780952 0.803711
0 0.485352 0.8 0.0410156 0.0342857 0.8125
0 0.674805 0.887619 0.0410156 0.0380952 0.819824
0 0.299316 0.819048 0.0419922 0.0457143 0.833984
0 0.519043 0.752381 0.0380859 0.0342857 0.840332
0 0.95459 0.155238 0.0439453 0.0552381 0.848633
0 0.197266 0.834286 0.0429688 0.0533333 0.869141
0 0.139648 0.898095 0.0410156 0.0704762 0.874512
0 0.428711 0.753333 0.0371094 0.0361905 0.875488
0 0.408691 0.815238 0.0380859 0.0380952 0.878418
0 0.21582 0.784762 0.0410156 0.0571429 0.878418
0 0.305664 0.751429 0.0332031 0.04 0.880859
0 0.602539 0.775238 0.0410156 0.0419048 0.883301
0 0.863281 0.0380952 0.0390625 0.0761905 0.884277
0 0.143066 0.946667 0.0400391 0.0647619 0.891113
0 0.135254 0.856191 0.0419922 0.0704762 0.891113
0 0.539062 0.885714 0.0410156 0.072381 0.899902
0 0.91748 0.832381 0.0439453 0.0685714 0.900879
