1 0.230469 0.872381 0.101562 0.0990476 0.344238
0 0.620117 0.885714 0.0410156 0.0419048 0.38208
0 0.678711 0.887619 0.0410156 0.0380952 0.390869
0 0.742676 0.791429 0.0419922 0.0438095 0.393799
0 0.980469 0.965714 0.0390625 0.0685714 0.560547
0 0.930664 0.0257143 0.0410156 0.0514286 0.573242
0 0.839844 0.827619 0.0566406 0.0704762 0.575195
0 0.27002 0.760952 0.0361328 0.0361905 0.729004
0 0.978027 0.167619 0.0419922 0.0533333 0.788574
0 0.577148 0.780952 0.0410156 0.0419048 0.841309
0 0.470215 0.8 0.0419922 0.0342857 0.842285
0 0.30957 0.751429 0.0332031 0.04 0.84668
0 0.496582 0.752381 0.0380859 0.0342857 0.86084
0 0.144531 0.949524 0.0410156 0.0666667 0.864746
0 0.30127 0.818095 0.0419922 0.047619 0.864746
0 0.130859 0.917143 0.0410156 0.0704762 0.865234
0 0.413086 0.751429 0.0371094 0.0361905 0.866699
0 0.904297 0.0333333 0.0390625 0.0666667 0.872559
0 0.195312 0.837143 0.0429688 0.0514286 0.879395
0 0.391602 0.815238 0.0371094 0.0380952 0.879883
0 0.21875 0.785714 0.0410156 0.0590476 0.89502
0 0.876465 0.794286 0.0458984 0.0571429 0.896484
0 0.125488 0.873333 0.0439453 0.0742857 0.904297
0 0.884277 0.072381 0.0400391 0.0761905 0.905273
0 0.522461 0.922857 0.0390625 0.0819048 0.914551
