0 0.0131836 0.141905 0.0263672 0.0552381 0.250244
0 0.0581055 0.141905 0.0439453 0.0438095 0.429932
1 0.22998 0.871429 0.102539 0.100952 0.511719
0 0.958984 0.953333 0.0390625 0.0704762 0.561035
0 0.768066 0.916191 0.0419922 0.0495238 0.586426
0 0.616211 0.886667 0.0410156 0.0361905 0.594727
0 0.898926 0.828571 0.0439453 0.0571429 0.67627
0 0.924316 0.0266667 0.0380859 0.0533333 0.700195
0 0.0864258 0.10381 0.0439453 0.0628571 0.719727
0 0.0961914 0.961905 0.0400391 0.072381 0.787109
0 0.532715 0.797143 0.0400391 0.0361905 0.794434
0 0.659668 0.76381 0.0400391 0.0419048 0.795898
0 0.983398 0.938095 0.0332031 0.0857143 0.795898
0 0.0922852 0.912381 0.0361328 0.0647619 0.802734
0 0.674805 0.887619 0.0410156 0.0380952 0.822754
0 0.263184 0.761905 0.0380859 0.0380952 0.827637
0 0.772461 0.754286 0.0390625 0.0380952 0.830566
0 0.199219 0.834286 0.0429688 0.0533333 0.833984
0 0.212891 0.785714 0.0410156 0.0552381 0.855469
0 0.578125 0.752381 0.0371094 0.0342857 0.86377
0 0.44873 0.815238 0.0380859 0.0380952 0.864258
0 0.152832 0.879048 0.0400391 0.0666667 0.865723
0 0.316895 0.814286 0.0400391 0.04 0.87207
0 0.154785 0.0333333 0.0380859 0.0666667 0.87207
0 0.589355 0.838095 0.0419922 0.0495238 0.874512
0 0.473633 0.751429 0.0390625 0.0361905 0.876953
0 0.141602 0.846667 0.0429688 0.0742857 0.879395
0 0.319336 0.749524 0.0332031 0.0361905 0.884766
0 0.14209 0.944762 0.0400391 0.0647619 0.887695
0 0.192383 0.0380952 0.0371094 0.0761905 0.897949
0 0.903809 0.102857 0.0419922 0.0761905 0.90332
