0 0.081543 0.971429 0.0478516 0.0571429 0.308838
0 0.0644531 0.949524 0.0585938 0.0895238 0.320557
1 0.227051 0.875238 0.100586 0.0971429 0.385254
0 0.610352 0.82 0.0214844 0.0209524 0.460938
0 0.924316 0.0266667 0.0380859 0.0533333 0.581055
0 0.61377 0.887619 0.0419922 0.0380952 0.669434
0 0.507324 0.799048 0.0400391 0.032381 0.721191
0 0.0478516 0.126667 0.0410156 0.0514286 0.721191
0 0.674316 0.887619 0.0400391 0.0380952 0.80127
0 0.262695 0.761905 0.0390625 0.0380952 0.801758
0 0.928223 0.134286 0.0439453 0.0666667 0.825195
0 0.732422 0.751429 0.0390625 0.04 0.827148
0 0.629883 0.769524 0.0390625 0.0419048 0.838867
0 0.927246 0.905714 0.0439453 0.0704762 0.843262
0 0.198242 0.833333 0.0429688 0.0514286 0.854492
0 0.121094 0.0742857 0.0429688 0.0685714 0.858398
0 0.54834 0.753333 0.0361328 0.032381 0.86377
0 0.449707 0.753333 0.0380859 0.0361905 0.866699
0 0.303223 0.817143 0.0439453 0.0457143 0.867676
0 0.307129 0.752381 0.0322266 0.0380952 0.868652
0 0.141602 0.946667 0.0410156 0.0647619 0.872559
0 0.427734 0.814286 0.0371094 0.0361905 0.875977
0 0.147949 0.885714 0.0419922 0.0647619 0.876953
0 0.213867 0.786667 0.0429688 0.0571429 0.880371
0 0.140625 0.848571 0.0429688 0.0742857 0.885742
0 0.560059 0.86 0.0419922 0.0628571 0.902344
0 0.955566 0.88381 0.0439453 0.0761905 0.927246
