0 0.768066 0.916191 0.0419922 0.0495238 0.532715
0 0.67041 0.825714 0.0224609 0.0247619 0.571777
0 0.924805 0.0266667 0.0371094 0.0533333 0.605469
0 0.794434 0.757143 0.0400391 0.04 0.630859
0 0.0708008 0.113333 0.0439453 0.0590476 0.662109
0 0.989746 0.960952 0.0205078 0.0780952 0.697266
0 0.970703 0.967619 0.0390625 0.0647619 0.738281
0 0.619141 0.886667 0.0429688 0.04 0.785156
0 0.677246 0.889524 0.0400391 0.0380952 0.795898
0 0.674316 0.762857 0.0400391 0.0438095 0.796387
0 0.0986328 0.902857 0.0351562 0.0609524 0.813477
0 0.265625 0.761905 0.0390625 0.0380952 0.817383
0 0.592285 0.753333 0.0361328 0.032381 0.829102
0 0.201172 0.833333 0.0429688 0.0514286 0.833008
0 0.545898 0.797143 0.0410156 0.0361905 0.84375
0 0.154297 0.877143 0.0390625 0.0666667 0.860352
0 0.212891 0.785714 0.0429688 0.0590476 0.860352
0 0.460938 0.815238 0.0371094 0.0380952 0.866699
0 0.102051 0.951429 0.0400391 0.0742857 0.869141
0 0.327637 0.812381 0.0419922 0.04 0.870117
0 0.487305 0.753333 0.0390625 0.0361905 0.871094
0 0.924316 0.848571 0.0439453 0.0628571 0.876953
0 0.605469 0.831429 0.0410156 0.0438095 0.878418
0 0.32959 0.748571 0.0322266 0.0342857 0.880859
0 0.143066 0.0495238 0.0380859 0.0685714 0.881836
0 0.893066 0.0838095 0.0419922 0.0838095 0.885742
0 0.179199 0.0628571 0.0380859 0.072381 0.891113
0 0.141602 0.846667 0.0429688 0.0742857 0.901367
0 0.143066 0.94381 0.0400391 0.0628571 0.905273
