0 0.166016 0.0209524 0.0351562 0.0419048 0.279297
1 0.25 0.862857 0.0859375 0.0876191 0.282471
0 0.0336914 0.122857 0.0400391 0.047619 0.312744
0 0.180664 0.0238095 0.0214844 0.04 0.341309
0 0.768066 0.916191 0.0400391 0.0495238 0.470459
0 0.680176 0.888571 0.0400391 0.0361905 0.490723
0 0.708008 0.759048 0.0390625 0.04 0.624023
0 0.924805 0.0285714 0.0410156 0.0571429 0.675293
0 0.96875 0.9 0.0449219 0.0742857 0.765625
0 0.571777 0.797143 0.0419922 0.0361905 0.77002
0 0.837402 0.766667 0.0419922 0.047619 0.819824
0 0.205078 0.830476 0.0429688 0.0533333 0.82959
0 0.27832 0.761905 0.0390625 0.0380952 0.848145
0 0.625 0.886667 0.0429688 0.04 0.852539
0 0.149902 0.937143 0.0400391 0.0647619 0.854492
0 0.87207 0.04 0.0410156 0.08 0.856445
0 0.514648 0.754286 0.0371094 0.0342857 0.862305
0 0.157227 0.875238 0.0410156 0.0666667 0.864746
0 0.615234 0.753333 0.0371094 0.0361905 0.866699
0 0.485352 0.813333 0.0371094 0.0380952 0.868164
0 0.214844 0.78381 0.0410156 0.0552381 0.870117
0 0.347656 0.809524 0.0429688 0.0419048 0.871582
0 0.356934 0.749524 0.0302734 0.032381 0.871582
0 0.148926 0.107619 0.0400391 0.0704762 0.876953
0 0.640625 0.824762 0.0390625 0.0380952 0.879395
0 0.14209 0.846667 0.0419922 0.0742857 0.888184
0 0.104492 0.895238 0.0332031 0.0609524 0.89502
0 0.117188 0.0809524 0.0390625 0.0628571 0.895508
0 0.112793 0.93619 0.0380859 0.0704762 0.900879
