0 0.134277 0.827619 0.0341797 0.0628571 0.538574
0 0.643066 0.885714 0.0419922 0.0380952 0.570312
0 0.618164 0.787619 0.0527344 0.0438095 0.586914
0 0.692871 0.888571 0.0400391 0.0361905 0.633789
0 0.930176 0.032381 0.0361328 0.0647619 0.669922
0 0.0561523 0.96 0.0419922 0.072381 0.687012
0 0.767578 0.915238 0.0410156 0.047619 0.688965
0 0.143555 0.844762 0.0410156 0.0742857 0.775391
0 0.10498 0.894286 0.0341797 0.0590476 0.823242
0 0.675293 0.750476 0.0361328 0.0380952 0.833496
0 0.0991211 0.0942857 0.0458984 0.0704762 0.841797
0 0.0532227 0.189524 0.0400391 0.0514286 0.847168
0 0.750977 0.819048 0.0410156 0.0419048 0.852051
0 0.34668 0.757143 0.0410156 0.0361905 0.86084
0 0.258301 0.767619 0.0400391 0.0495238 0.862305
0 0.415039 0.802857 0.0410156 0.04 0.87207
0 0.799316 0.76381 0.0419922 0.0419048 0.872559
0 0.173828 0.86 0.0429688 0.0666667 0.874512
0 0.174805 0.910476 0.0410156 0.0609524 0.875488
0 0.443359 0.751429 0.0332031 0.0361905 0.875977
0 0.0390625 0.134286 0.0371094 0.04 0.877441
0 0.126953 0.918095 0.0390625 0.0685714 0.87793
0 0.227051 0.821905 0.0419922 0.0514286 0.87793
0 0.566406 0.754286 0.0371094 0.0342857 0.884277
0 0.54248 0.812381 0.0380859 0.0361905 0.886719
0 0.933594 0.834286 0.0449219 0.0685714 0.896484
