0 0.767578 0.915238 0.0390625 0.047619 0.34668
1 0.236816 0.865714 0.104492 0.0971429 0.350098
0 0.81543 0.761905 0.0410156 0.0457143 0.490967
0 0.923828 0.027619 0.0390625 0.0552381 0.682129
0 0.949219 0.873333 0.0429688 0.0666667 0.694336
0 0.678223 0.889524 0.0400391 0.0380952 0.785156
0 0.557129 0.797143 0.0400391 0.0361905 0.82666
0 0.202637 0.831429 0.0439453 0.0514286 0.827148
0 0.69043 0.760952 0.0390625 0.04 0.833008
0 0.621582 0.886667 0.0419922 0.04 0.845215
0 0.341309 0.748571 0.0322266 0.0342857 0.850098
0 0.27002 0.761905 0.0380859 0.0380952 0.851074
0 0.102051 0.899048 0.0361328 0.0609524 0.851562
0 0.604004 0.752381 0.0361328 0.0342857 0.852539
0 0.623047 0.826667 0.0390625 0.0380952 0.856445
0 0.500488 0.753333 0.0380859 0.0361905 0.856445
0 0.212402 0.785714 0.0419922 0.0552381 0.857422
0 0.155762 0.87619 0.0400391 0.0685714 0.860352
0 0.881836 0.06 0.0410156 0.0857143 0.870117
0 0.108398 0.942857 0.0371094 0.0685714 0.876465
0 0.472656 0.813333 0.0371094 0.0380952 0.876953
0 0.336426 0.810476 0.0419922 0.04 0.883301
0 0.145508 0.941905 0.0410156 0.0628571 0.892578
0 0.142578 0.846667 0.0429688 0.0742857 0.894043
0 0.165527 0.0857143 0.0400391 0.072381 0.896973
0 0.129883 0.0666667 0.0390625 0.0685714 0.905762
