0 0.0249023 0.175238 0.0361328 0.0342857 0.36084
0 0.64502 0.884762 0.0400391 0.0361905 0.403564
0 0.144531 0.842857 0.0429688 0.0742857 0.631348
0 0.767578 0.916191 0.0410156 0.0495238 0.69873
0 0.0620117 0.951429 0.0380859 0.0666667 0.700195
0 0.202637 0.0295238 0.0380859 0.0590476 0.739746
0 0.10498 0.895238 0.0341797 0.0609524 0.774414
0 0.694824 0.887619 0.0400391 0.0380952 0.774902
0 0.818359 0.767619 0.0390625 0.0419048 0.797852
0 0.931152 0.0333333 0.0380859 0.0666667 0.820312
0 0.0336914 0.199048 0.0380859 0.0438095 0.847168
0 0.362305 0.75619 0.0390625 0.0342857 0.851074
0 0.128906 0.913333 0.0390625 0.0666667 0.854492
0 0.689453 0.750476 0.0371094 0.0380952 0.856934
0 0.574707 0.754286 0.0380859 0.0380952 0.862305
0 0.179199 0.854286 0.0419922 0.0666667 0.864258
0 0.0219727 0.14 0.0380859 0.04 0.864258
0 0.431641 0.801905 0.0429688 0.0380952 0.865723
0 0.182617 0.904762 0.0410156 0.0609524 0.865723
0 0.458496 0.751429 0.0322266 0.0361905 0.868164
0 0.0839844 0.108571 0.0449219 0.0609524 0.869629
0 0.552246 0.813333 0.0380859 0.0380952 0.87207
0 0.773926 0.820952 0.0400391 0.0419048 0.885254
0 0.233887 0.82 0.0439453 0.0514286 0.885742
0 0.949219 0.854286 0.0429688 0.0704762 0.891113
0 0.270508 0.76381 0.0390625 0.0457143 0.901367
