0 0.767578 0.916191 0.0410156 0.0495238 0.47998
0 0.0454102 0.972381 0.0361328 0.0552381 0.493896
0 0.632324 0.884762 0.0478516 0.04 0.766602
0 0.927246 0.0304762 0.0380859 0.0609524 0.800293
0 0.687988 0.888571 0.0400391 0.0361905 0.801758
0 0.143066 0.846667 0.0419922 0.0742857 0.805176
0 0.129883 0.0609524 0.0429688 0.0761905 0.819824
0 0.647949 0.753333 0.0380859 0.04 0.827148
0 0.70459 0.819048 0.0400391 0.0380952 0.827637
1 0.260254 0.860952 0.104492 0.0952381 0.833008
0 0.603516 0.792381 0.0410156 0.0380952 0.842773
0 0.215332 0.826667 0.0439453 0.0495238 0.84375
0 0.10498 0.893333 0.0341797 0.0609524 0.844238
0 0.317383 0.758095 0.0390625 0.0342857 0.850586
0 0.384277 0.805714 0.0419922 0.0419048 0.868164
0 0.0952148 0.167619 0.0400391 0.0609524 0.868164
0 0.0732422 0.120952 0.0390625 0.0514286 0.868164
0 0.761719 0.758095 0.0390625 0.0380952 0.870117
0 0.549316 0.755238 0.0380859 0.0361905 0.870605
0 0.521484 0.813333 0.0390625 0.0380952 0.874023
0 0.163086 0.922857 0.0410156 0.0628571 0.879883
0 0.407715 0.750476 0.0322266 0.0342857 0.888672
0 0.898438 0.800952 0.0449219 0.0628571 0.894043
0 0.164062 0.868571 0.0429688 0.072381 0.89502
0 0.234375 0.77619 0.0429688 0.0552381 0.901367
0 0.120605 0.924762 0.0380859 0.0666667 0.902832
