0 0.0473633 0.921905 0.0322266 0.0609524 0.287354
0 0.0576172 0.165714 0.0429688 0.0380952 0.303711
0 0.00732422 0.208571 0.0146484 0.0438095 0.333984
0 0.00488281 0.14381 0.00976562 0.0361905 0.447266
0 0.155273 0.0257143 0.0351562 0.0514286 0.48999
0 0.933105 0.0342857 0.0361328 0.0685714 0.546387
0 0.699219 0.887619 0.0390625 0.0380952 0.739746
0 0.658691 0.781905 0.0400391 0.04 0.75293
0 0.650879 0.884762 0.0419922 0.04 0.778809
0 0.768066 0.916191 0.0400391 0.0495238 0.836914
0 0.0527344 0.128571 0.0449219 0.0514286 0.844727
0 0.720703 0.750476 0.0371094 0.0380952 0.844727
0 0.139648 0.901905 0.0371094 0.0628571 0.849609
0 0.856934 0.780952 0.0439453 0.0533333 0.854492
0 0.486328 0.751429 0.0332031 0.0361905 0.858398
0 0.105469 0.893333 0.0351562 0.0609524 0.858398
0 0.391602 0.75619 0.0410156 0.0342857 0.869141
0 0.0673828 0.94381 0.0351562 0.0628571 0.870605
0 0.596191 0.754286 0.0380859 0.0342857 0.871094
0 0.467773 0.800952 0.0410156 0.04 0.873535
0 0.575195 0.813333 0.0371094 0.0380952 0.873535
0 0.977051 0.895238 0.0419922 0.072381 0.875
0 0.250488 0.813333 0.0439453 0.0495238 0.881348
0 0.197754 0.894286 0.0400391 0.0552381 0.885254
0 0.819336 0.832381 0.0410156 0.0457143 0.886719
0 0.193848 0.844762 0.0400391 0.0590476 0.895508
0 0.154297 0.833333 0.0429688 0.0704762 0.898438
0 0.185547 0.0552381 0.0390625 0.0761905 0.904785
0 0.294434 0.760952 0.0380859 0.04 0.905273
