0 0.660156 0.885714 0.0429688 0.0380952 0.338623
0 0.0458984 0.92381 0.0371094 0.072381 0.359131
0 0.767578 0.915238 0.0390625 0.047619 0.429932
1 0.341309 0.848571 0.0986328 0.0590476 0.569336
0 0.090332 0.965714 0.0478516 0.0685714 0.665039
0 0.702637 0.768571 0.0439453 0.0514286 0.703613
0 0.0712891 0.938095 0.0351562 0.0628571 0.798828
0 0.928711 0.0314286 0.0371094 0.0628571 0.803711
0 0.178223 0.810476 0.0419922 0.0704762 0.841309
0 0.524414 0.752381 0.0332031 0.0342857 0.84668
0 0.435547 0.75619 0.0390625 0.0342857 0.855469
0 0.634766 0.754286 0.0390625 0.0380952 0.871582
0 0.911621 0.814286 0.0439453 0.0628571 0.873535
0 0.516113 0.8 0.0400391 0.0380952 0.874023
0 0.119629 0.874286 0.0341797 0.0571429 0.876953
0 0.287109 0.807619 0.0410156 0.0419048 0.876953
0 0.129395 0.0580952 0.0361328 0.0704762 0.884277
0 0.880371 0.86381 0.0419922 0.0552381 0.886719
0 0.621582 0.812381 0.0380859 0.0361905 0.891113
0 0.158691 0.88 0.0400391 0.0609524 0.891113
0 0.331055 0.76 0.0390625 0.0380952 0.898438
0 0.768555 0.751429 0.0371094 0.0361905 0.901367
0 0.216309 0.829524 0.0419922 0.0552381 0.902344
0 0.228027 0.880952 0.0400391 0.047619 0.904785
0 0.16748 0.0876191 0.0419922 0.08 0.904785
