0 0.168457 0.0219048 0.0361328 0.0438095 0.325684
0 0.186523 0.04 0.0351562 0.072381 0.55957
0 0.671387 0.884762 0.0419922 0.04 0.598145
0 0.395508 0.782857 0.0410156 0.0380952 0.598145
0 0.718262 0.897143 0.0419922 0.0457143 0.606934
0 0.781738 0.759048 0.0400391 0.04 0.688965
0 0.768066 0.916191 0.0400391 0.0495238 0.742676
0 0.200684 0.852381 0.0400391 0.0628571 0.776855
0 0.90625 0.0209524 0.0351562 0.0419048 0.782227
0 0.500488 0.754286 0.0400391 0.0342857 0.79541
0 0.981934 0.900952 0.0361328 0.0761905 0.81543
0 0.174316 0.810476 0.0361328 0.0590476 0.819336
0 0.10791 0.881905 0.0361328 0.0609524 0.820312
0 0.583984 0.751429 0.0351562 0.0361905 0.852051
0 0.286133 0.867619 0.0371094 0.0361905 0.863281
0 0.718262 0.814286 0.0380859 0.04 0.865723
0 0.588867 0.801905 0.0410156 0.0380952 0.868164
0 0.39209 0.759048 0.0400391 0.04 0.869141
0 0.712402 0.750476 0.0380859 0.0380952 0.871582
0 0.397949 0.8 0.0419922 0.0380952 0.87207
0 0.111816 0.0819048 0.0380859 0.0647619 0.883789
0 0.848633 0.765714 0.0390625 0.0457143 0.88916
0 0.271973 0.809524 0.0400391 0.0419048 0.89209
0 0.958008 0.940952 0.0410156 0.0685714 0.896973
0 0.23291 0.777143 0.0419922 0.0533333 0.897949
0 0.159668 0.0980952 0.0419922 0.0742857 0.897949
0 0.163086 0.934286 0.0410156 0.0704762 0.899414
0 0.122559 0.926667 0.0458984 0.0780952 0.923828
