1 0.334473 0.845714 0.0888672 0.0609524 0.26709
0 0.657715 0.885714 0.0419922 0.0380952 0.300049
0 0.0463867 0.922857 0.0341797 0.0628571 0.322266
0 0.0219727 0.135238 0.0400391 0.0419048 0.371826
0 0.0874023 0.970476 0.0458984 0.0590476 0.478027
0 0.768066 0.915238 0.0400391 0.0514286 0.550293
0 0.681641 0.765714 0.0507812 0.0495238 0.694336
0 0.168945 0.821905 0.0449219 0.0742857 0.69873
0 0.931152 0.0342857 0.0380859 0.0685714 0.771484
0 0.152344 0.888571 0.0390625 0.0590476 0.826172
0 0.420898 0.75619 0.0390625 0.0342857 0.841309
0 0.511719 0.752381 0.0332031 0.0342857 0.843262
0 0.500488 0.801905 0.0419922 0.0380952 0.862793
0 0.0698242 0.94 0.0341797 0.0628571 0.874512
0 0.112793 0.882857 0.0341797 0.0552381 0.875488
0 0.60498 0.812381 0.0380859 0.0361905 0.878418
0 0.75293 0.750476 0.0371094 0.0380952 0.880371
0 0.318359 0.76 0.0390625 0.0380952 0.882324
0 0.208496 0.834286 0.0419922 0.0609524 0.887695
0 0.621094 0.755238 0.0390625 0.04 0.891602
0 0.137207 0.0457143 0.0361328 0.0685714 0.893066
0 0.861816 0.851429 0.0419922 0.0533333 0.895508
0 0.894043 0.802857 0.0419922 0.0590476 0.895996
0 0.272949 0.810476 0.0419922 0.0438095 0.899902
0 0.171875 0.0819048 0.0410156 0.08 0.902832
0 0.217285 0.884762 0.0380859 0.047619 0.925293
