0 0.187012 0.0390476 0.0361328 0.0704762 0.439453
0 0.721191 0.9 0.0419922 0.047619 0.442383
0 0.768555 0.915238 0.0410156 0.047619 0.510254
1 0.424805 0.846667 0.0996094 0.0514286 0.617676
0 0.980957 0.970476 0.0380859 0.0590476 0.80127
0 0.260254 0.770476 0.0400391 0.0438095 0.803711
0 0.160645 0.0285714 0.0380859 0.0571429 0.818359
0 0.608398 0.752381 0.0332031 0.0342857 0.827637
0 0.528809 0.755238 0.0400391 0.0361905 0.844238
0 0.133789 0.850476 0.0371094 0.0628571 0.844727
0 0.452148 0.797143 0.0410156 0.04 0.851562
0 0.201172 0.792381 0.0351562 0.0533333 0.858398
0 0.760742 0.818095 0.0390625 0.04 0.858887
0 0.617676 0.8 0.0419922 0.0380952 0.86084
0 0.30957 0.867619 0.0371094 0.0361905 0.861328
0 0.302246 0.804762 0.0380859 0.0361905 0.868164
0 0.226562 0.837143 0.0390625 0.0514286 0.869141
0 0.675293 0.884762 0.0419922 0.04 0.869629
0 0.111816 0.0819048 0.0380859 0.0647619 0.882812
0 0.416016 0.759048 0.0390625 0.04 0.883789
0 0.13916 0.906667 0.0458984 0.0761905 0.905273
0 0.186035 0.910476 0.0439453 0.0647619 0.905762
0 0.159668 0.0990476 0.0419922 0.0761905 0.90625
0 0.741211 0.748571 0.0390625 0.0419048 0.908691
0 0.878906 0.779048 0.0410156 0.0495238 0.916016
