0 0.719727 0.898095 0.0410156 0.047619 0.407715
0 0.213379 0.846667 0.0380859 0.0590476 0.443359
0 0.897461 0.0180952 0.0332031 0.0361905 0.546387
0 0.794434 0.76 0.0458984 0.0419048 0.595703
0 0.987305 0.917143 0.0253906 0.0742857 0.603027
0 0.186523 0.04 0.0351562 0.072381 0.603516
0 0.165527 0.0266667 0.0400391 0.0533333 0.761719
0 0.768066 0.916191 0.0400391 0.0495238 0.77832
0 0.515625 0.755238 0.0390625 0.032381 0.797852
0 0.67334 0.884762 0.0419922 0.04 0.821289
0 0.187988 0.8 0.0361328 0.0533333 0.849609
0 0.246094 0.775238 0.0410156 0.0495238 0.854004
0 0.739746 0.81619 0.0380859 0.0438095 0.85498
0 0.297852 0.867619 0.0371094 0.0361905 0.85498
0 0.424805 0.799048 0.0410156 0.04 0.856934
0 0.595703 0.751429 0.0351562 0.032381 0.862793
0 0.120605 0.866667 0.0341797 0.0609524 0.867676
0 0.404297 0.758095 0.0390625 0.0380952 0.880371
0 0.111816 0.0819048 0.0380859 0.0647619 0.880371
0 0.603516 0.8 0.0410156 0.0380952 0.883789
0 0.728027 0.749524 0.0380859 0.04 0.885742
0 0.286133 0.806667 0.0390625 0.04 0.888184
0 0.863281 0.769524 0.0390625 0.0457143 0.889648
0 0.970215 0.96 0.0419922 0.072381 0.896973
0 0.130859 0.917143 0.0449219 0.0780952 0.899902
0 0.173828 0.921905 0.0449219 0.0685714 0.900391
0 0.15918 0.0990476 0.0429688 0.0761905 0.902832
