0 0.484863 0.97619 0.0224609 0.04 0.35376
0 0.0952148 0.0619048 0.0400391 0.0704762 0.563965
0 0.186035 0.0409524 0.0341797 0.0666667 0.588379
1 0.487305 0.842857 0.103516 0.0590476 0.643555
0 0.0517578 0.968571 0.0390625 0.0628571 0.687012
0 0.111328 0.957143 0.0390625 0.0666667 0.707031
0 0.869141 0.78 0.0390625 0.047619 0.808594
0 0.10498 0.888571 0.0341797 0.0628571 0.816895
0 0.592773 0.752381 0.0390625 0.0342857 0.816895
0 0.297363 0.821905 0.0361328 0.0361905 0.831055
0 0.706055 0.794286 0.0410156 0.0419048 0.832031
0 0.66748 0.752381 0.0322266 0.0380952 0.834473
0 0.264648 0.765714 0.0332031 0.0380952 0.852539
0 0.67627 0.884762 0.0419922 0.04 0.853516
0 0.198242 0.795238 0.0351562 0.0514286 0.853516
0 0.112793 0.0809524 0.0419922 0.0704762 0.865234
0 0.330566 0.764762 0.0400391 0.04 0.868164
0 0.36377 0.873333 0.0361328 0.0361905 0.868652
0 0.588379 0.8 0.0419922 0.0380952 0.872559
0 0.385742 0.799048 0.0390625 0.0361905 0.874512
0 0.477051 0.758095 0.0400391 0.0380952 0.875
0 0.153809 0.0333333 0.0380859 0.0666667 0.880371
0 0.857422 0.852381 0.0390625 0.0514286 0.880859
0 0.802734 0.753333 0.0390625 0.04 0.890625
0 0.189453 0.858095 0.046875 0.0666667 0.89209
0 0.154297 0.10381 0.0429688 0.0780952 0.894531
0 0.246582 0.869524 0.0439453 0.0514286 0.905273
0 0.94043 0.829524 0.0410156 0.0628571 0.905762
