0 0.84375 0.768571 0.0390625 0.047619 0.282715
0 0.768555 0.916191 0.0390625 0.0495238 0.313477
0 0.0927734 0.0561905 0.0371094 0.0666667 0.401367
1 0.461914 0.842857 0.103516 0.0552381 0.447266
0 0.723633 0.9 0.0429688 0.0514286 0.493896
0 0.186523 0.0409524 0.0332031 0.0666667 0.625488
0 0.566895 0.754286 0.0380859 0.0342857 0.765625
0 0.666504 0.799048 0.0419922 0.0438095 0.803711
0 0.642578 0.750476 0.0351562 0.0380952 0.833496
0 0.239258 0.774286 0.0351562 0.047619 0.838867
0 0.172363 0.813333 0.0361328 0.0571429 0.844727
0 0.67627 0.88381 0.0419922 0.0380952 0.847168
0 0.269531 0.824762 0.0371094 0.0380952 0.85791
0 0.535156 0.798095 0.0410156 0.0380952 0.862305
0 0.350098 0.800952 0.0380859 0.0361905 0.866699
0 0.342773 0.869524 0.0371094 0.0361905 0.873047
0 0.111816 0.0819048 0.0400391 0.0647619 0.876465
0 0.303711 0.764762 0.0390625 0.04 0.87793
0 0.452637 0.758095 0.0400391 0.0380952 0.884277
0 0.155273 0.032381 0.0371094 0.0647619 0.885742
0 0.166504 0.878095 0.0478516 0.072381 0.899414
0 0.918945 0.807619 0.0410156 0.0609524 0.901367
0 0.156738 0.101905 0.0400391 0.0742857 0.901367
0 0.779785 0.750476 0.0380859 0.0380952 0.904785
0 0.820312 0.83619 0.0410156 0.0495238 0.90918
0 0.221191 0.88381 0.0439453 0.0609524 0.924805
