0 0.487793 0.965714 0.0283203 0.0685714 0.563477
0 0.137695 0.917143 0.0449219 0.0742857 0.590332
0 0.14209 0.840952 0.0341797 0.0628571 0.627441
0 0.67627 0.88381 0.0419922 0.0380952 0.71875
1 0.526367 0.842857 0.105469 0.0590476 0.727539
0 0.665527 0.805714 0.0400391 0.0419048 0.739746
0 0.186523 0.0409524 0.0332031 0.0666667 0.754395
0 0.898926 0.797143 0.0439453 0.0590476 0.814941
0 0.707031 0.750476 0.0332031 0.0380952 0.84375
0 0.339844 0.818095 0.0351562 0.0361905 0.845703
0 0.111328 0.0828571 0.0390625 0.0666667 0.856445
0 0.513672 0.758095 0.0390625 0.0380952 0.858887
0 0.23584 0.775238 0.0361328 0.0495238 0.860352
0 0.28418 0.86 0.0429688 0.0438095 0.866699
0 0.768066 0.798095 0.0400391 0.0419048 0.868652
0 0.392578 0.879048 0.0371094 0.0361905 0.875977
0 0.437988 0.795238 0.0380859 0.0361905 0.876953
0 0.299805 0.761905 0.0332031 0.0342857 0.877441
0 0.151855 0.108571 0.0419922 0.0761905 0.880371
0 0.833984 0.761905 0.0390625 0.0457143 0.88623
0 0.0805664 0.925714 0.0380859 0.0685714 0.886719
0 0.970215 0.868571 0.0400391 0.0685714 0.891602
0 0.374023 0.76381 0.0410156 0.0380952 0.89209
0 0.153809 0.0333333 0.0380859 0.0666667 0.893555
0 0.90625 0.891429 0.0410156 0.0609524 0.894531
0 0.229004 0.834286 0.0439453 0.0571429 0.919922
