0 0.0961914 0.06 0.0361328 0.0666667 0.274902
0 0.100098 0.971429 0.0341797 0.0571429 0.480225
0 0.854004 0.771429 0.0439453 0.0495238 0.528809
0 0.186035 0.04 0.0341797 0.0685714 0.532715
0 0.0927734 0.907619 0.0332031 0.0628571 0.584473
1 0.473633 0.840952 0.103516 0.0590476 0.669922
0 0.68457 0.798095 0.0410156 0.0419048 0.718262
0 0.250488 0.769524 0.0361328 0.0419048 0.788574
0 0.580566 0.753333 0.0400391 0.0361905 0.800293
0 0.67627 0.88381 0.0419922 0.0380952 0.82959
0 0.655273 0.751429 0.0332031 0.0361905 0.84082
0 0.283691 0.822857 0.0361328 0.0380952 0.847168
0 0.185547 0.801905 0.0351562 0.0533333 0.854004
0 0.838867 0.841905 0.0410156 0.0495238 0.862305
0 0.316895 0.765714 0.0400391 0.0380952 0.862305
0 0.111328 0.0828571 0.0390625 0.0666667 0.868652
0 0.353516 0.872381 0.0371094 0.0380952 0.877441
0 0.562012 0.799048 0.0400391 0.04 0.87793
0 0.154297 0.0333333 0.0371094 0.0666667 0.879395
0 0.465332 0.758095 0.0400391 0.0380952 0.88916
0 0.929688 0.819048 0.0410156 0.0609524 0.89209
0 0.155762 0.102857 0.0419922 0.0761905 0.896484
0 0.367676 0.8 0.0380859 0.0380952 0.896973
0 0.791992 0.751429 0.0390625 0.04 0.901855
0 0.23291 0.87619 0.0439453 0.0571429 0.902344
0 0.177246 0.868571 0.0478516 0.072381 0.906738
