0 0.165039 0.890476 0.0527344 0.0742857 0.386475
0 0.654297 0.751429 0.0390625 0.04 0.397705
0 0.0932617 0.0542857 0.0361328 0.0628571 0.447266
0 0.168945 0.81619 0.0332031 0.0514286 0.528809
0 0.490234 0.96 0.0332031 0.08 0.662598
0 0.802246 0.802857 0.0498047 0.0552381 0.692383
1 0.552246 0.842857 0.104492 0.0590476 0.713379
0 0.26123 0.766667 0.0361328 0.04 0.782715
0 0.186523 0.04 0.0332031 0.0685714 0.803711
0 0.91748 0.813333 0.0419922 0.0647619 0.836914
0 0.371094 0.817143 0.0351562 0.0342857 0.845215
0 0.715332 0.807619 0.0419922 0.0457143 0.852539
0 0.472656 0.795238 0.0371094 0.0361905 0.853027
0 0.67627 0.88381 0.0419922 0.0380952 0.858887
0 0.983398 0.894286 0.0332031 0.0742857 0.859375
0 0.150391 0.110476 0.0429688 0.0761905 0.861816
0 0.257812 0.82381 0.0449219 0.047619 0.86377
0 0.321289 0.760952 0.0332031 0.0361905 0.869629
0 0.309082 0.857143 0.0419922 0.0380952 0.871094
0 0.411133 0.879048 0.0371094 0.0361905 0.871582
0 0.405273 0.76381 0.0390625 0.0380952 0.872559
0 0.73584 0.751429 0.0341797 0.04 0.875
0 0.111328 0.0809524 0.0390625 0.0666667 0.878418
0 0.15332 0.032381 0.0371094 0.0647619 0.880371
0 0.853027 0.767619 0.0419922 0.0495238 0.883301
0 0.537598 0.758095 0.0400391 0.0380952 0.884766
0 0.105469 0.886667 0.0371094 0.0704762 0.901367
0 0.935059 0.925714 0.0419922 0.0685714 0.91748
