0 0.489746 0.961905 0.0322266 0.0761905 0.586426
1 0.539062 0.84381 0.101562 0.0571429 0.629395
0 0.640625 0.751429 0.0410156 0.04 0.633301
0 0.249023 0.771429 0.0351562 0.0457143 0.757812
0 0.676758 0.882857 0.0410156 0.04 0.771484
0 0.158203 0.830476 0.0351562 0.0609524 0.786133
0 0.786621 0.801905 0.0439453 0.0419048 0.790039
0 0.69043 0.805714 0.0410156 0.0419048 0.808594
0 0.186523 0.04 0.0332031 0.0685714 0.814941
0 0.907715 0.806667 0.0400391 0.0590476 0.839355
0 0.35498 0.819048 0.0380859 0.0380952 0.847656
0 0.401367 0.879048 0.0371094 0.0361905 0.858887
0 0.389648 0.764762 0.0410156 0.04 0.862793
0 0.526367 0.758095 0.0390625 0.0380952 0.866211
0 0.243652 0.828571 0.0458984 0.0533333 0.867676
0 0.111328 0.0809524 0.0371094 0.0666667 0.868164
0 0.295898 0.857143 0.0429688 0.0419048 0.873535
0 0.722168 0.750476 0.0341797 0.0380952 0.875
0 0.455078 0.796191 0.0390625 0.0380952 0.875488
0 0.150879 0.108571 0.0419922 0.08 0.878418
0 0.311035 0.761905 0.0322266 0.0342857 0.878906
0 0.153809 0.032381 0.0380859 0.0647619 0.895996
0 0.844727 0.76381 0.0390625 0.0457143 0.899902
0 0.978516 0.880952 0.0390625 0.0704762 0.905273
0 0.921387 0.907619 0.0419922 0.0666667 0.911621
0 0.0932617 0.906667 0.0380859 0.0685714 0.924805
