0 0.683594 0.88 0.0410156 0.0380952 0.331055
0 0.73291 0.894286 0.0419922 0.0514286 0.362061
0 0.260742 0.971429 0.0585938 0.0533333 0.410156
0 0.103027 0.890476 0.0419922 0.0742857 0.751465
0 0.229492 0.841905 0.046875 0.0533333 0.76709
0 0.243652 0.779048 0.0380859 0.0419048 0.773926
0 0.5 0.950476 0.0371094 0.0990476 0.776367
0 0.728516 0.741905 0.0410156 0.04 0.79541
0 0.192383 0.0333333 0.0371094 0.0666667 0.8125
0 0.970215 0.865714 0.0400391 0.0742857 0.82373
0 0.158203 0.0295238 0.0390625 0.0590476 0.836914
0 0.322754 0.75619 0.0341797 0.0342857 0.85498
0 0.146973 0.90381 0.0400391 0.0628571 0.862793
0 0.394531 0.75619 0.0332031 0.0342857 0.862793
0 0.604492 0.752381 0.0390625 0.0380952 0.868164
0 0.912598 0.792381 0.0400391 0.0571429 0.868652
0 0.552734 0.790476 0.0390625 0.0380952 0.870605
0 0.887207 0.833333 0.0439453 0.0590476 0.87207
0 0.115234 0.0733333 0.0390625 0.0666667 0.879883
0 0.458984 0.811429 0.0371094 0.0380952 0.880859
0 0.818848 0.751429 0.0322266 0.0361905 0.880859
0 0.378906 0.853333 0.0410156 0.0380952 0.883789
0 0.495605 0.764762 0.0400391 0.04 0.889648
0 0.468262 0.870476 0.0380859 0.0419048 0.891602
0 0.179688 0.811429 0.0390625 0.0609524 0.892578
0 0.818359 0.820952 0.0410156 0.0457143 0.894043
0 0.337402 0.812381 0.0439453 0.04 0.895996
0 0.155273 0.10381 0.0429688 0.0780952 0.902344
