0 0.684082 0.88 0.0400391 0.0342857 0.323242
0 0.26123 0.971429 0.0576172 0.0571429 0.361816
0 0.733398 0.893333 0.0410156 0.0495238 0.431396
0 0.977051 0.875238 0.0419922 0.0857143 0.761719
0 0.499512 0.949524 0.0380859 0.100952 0.777344
0 0.192383 0.0333333 0.0371094 0.0666667 0.791016
0 0.742676 0.741905 0.0419922 0.04 0.804199
0 0.25293 0.778095 0.0410156 0.04 0.819336
0 0.116699 0.872381 0.0419922 0.072381 0.822754
0 0.158203 0.0295238 0.0390625 0.0590476 0.822754
0 0.15918 0.889524 0.0410156 0.0647619 0.835938
0 0.334961 0.75619 0.0351562 0.0342857 0.837402
0 0.243164 0.83619 0.046875 0.0495238 0.842285
0 0.114258 0.0742857 0.0390625 0.0685714 0.849121
0 0.899902 0.842857 0.0458984 0.0628571 0.851562
0 0.566406 0.788571 0.0390625 0.0380952 0.872559
0 0.509766 0.76381 0.0390625 0.0380952 0.873047
0 0.411133 0.75619 0.0332031 0.0342857 0.874023
0 0.833496 0.753333 0.0322266 0.04 0.875
0 0.473633 0.810476 0.0371094 0.0361905 0.878418
0 0.352051 0.812381 0.0439453 0.04 0.878418
0 0.479004 0.866667 0.0361328 0.0380952 0.879883
0 0.391602 0.852381 0.0410156 0.04 0.886719
0 0.616699 0.751429 0.0400391 0.04 0.888184
0 0.83252 0.824762 0.0419922 0.0533333 0.89209
0 0.921875 0.799048 0.0410156 0.0590476 0.893066
0 0.194824 0.8 0.0400391 0.0571429 0.909668
0 0.154297 0.10381 0.0429688 0.0780952 0.912598
