0 0.97998 0.88381 0.0400391 0.0914286 0.255127
0 0.260742 0.972381 0.0585938 0.0552381 0.468994
0 0.0532227 0.967619 0.0400391 0.0647619 0.590332
0 0.103027 0.965714 0.0419922 0.0685714 0.594238
0 0.268555 0.771429 0.0351562 0.0342857 0.663574
0 0.499512 0.949524 0.0380859 0.100952 0.752441
0 0.755859 0.741905 0.0410156 0.04 0.76709
0 0.191895 0.0333333 0.0361328 0.0666667 0.812012
0 0.347168 0.755238 0.0361328 0.0361905 0.815918
0 0.130371 0.858095 0.0419922 0.0704762 0.831543
0 0.157227 0.0304762 0.0390625 0.0609524 0.833984
0 0.257812 0.830476 0.0429688 0.0457143 0.833984
0 0.845215 0.831429 0.0439453 0.0514286 0.847656
0 0.426758 0.755238 0.0332031 0.032381 0.849609
0 0.911133 0.851429 0.046875 0.0685714 0.853516
0 0.488281 0.809524 0.0371094 0.0380952 0.86084
0 0.577637 0.787619 0.0380859 0.0361905 0.871094
0 0.114258 0.0742857 0.0390625 0.0685714 0.874023
0 0.522949 0.765714 0.0400391 0.0380952 0.877441
0 0.174805 0.879048 0.0449219 0.0666667 0.878906
0 0.366211 0.812381 0.0429688 0.04 0.885742
0 0.490723 0.864762 0.0380859 0.0380952 0.88623
0 0.209473 0.791429 0.0380859 0.0514286 0.888672
0 0.630371 0.752381 0.0400391 0.0419048 0.888672
0 0.405273 0.850476 0.0390625 0.04 0.88916
0 0.847656 0.757143 0.0332031 0.04 0.898438
0 0.154297 0.102857 0.0429688 0.08 0.905273
0 0.932129 0.807619 0.0400391 0.0609524 0.906738
