0 0.797852 0.742857 0.0410156 0.0380952 0.260986
0 0.683105 0.879048 0.0400391 0.0361905 0.378906
0 0.310059 0.768571 0.0322266 0.032381 0.557617
0 0.26123 0.971429 0.0595703 0.0533333 0.583984
0 0.211914 0.850476 0.0429688 0.0552381 0.760742
0 0.17041 0.817143 0.0439453 0.0685714 0.763184
0 0.192383 0.0333333 0.0371094 0.0666667 0.788086
0 0.5 0.949524 0.0390625 0.100952 0.820801
0 0.157227 0.0304762 0.0390625 0.0609524 0.830566
0 0.300293 0.822857 0.0439453 0.0380952 0.835449
0 0.392578 0.755238 0.0332031 0.0361905 0.835449
0 0.528809 0.807619 0.0361328 0.0380952 0.840332
0 0.943848 0.888571 0.0458984 0.0704762 0.862793
0 0.562012 0.765714 0.0400391 0.0380952 0.866699
0 0.145996 0.920952 0.0419922 0.0666667 0.868164
0 0.882812 0.855238 0.0429688 0.0609524 0.870117
0 0.615723 0.781905 0.0380859 0.0361905 0.875488
0 0.408203 0.809524 0.0429688 0.0419048 0.878418
0 0.114258 0.0742857 0.0390625 0.0685714 0.880859
0 0.674316 0.748571 0.0400391 0.0419048 0.881836
0 0.531738 0.858095 0.0380859 0.0361905 0.882812
0 0.0917969 0.914286 0.0410156 0.0761905 0.882812
0 0.253906 0.77619 0.0390625 0.0438095 0.886719
0 0.959961 0.839048 0.0410156 0.0666667 0.887207
0 0.884277 0.775238 0.0361328 0.0495238 0.890137
0 0.152344 0.10381 0.0449219 0.0819048 0.89502
0 0.471191 0.75619 0.0341797 0.0342857 0.896973
0 0.444336 0.846667 0.0410156 0.0438095 0.908691
