0 0.73291 0.893333 0.0419922 0.0495238 0.275391
0 0.769531 0.742857 0.0410156 0.0380952 0.597656
0 0.26123 0.972381 0.0576172 0.0552381 0.652344
0 0.499023 0.949524 0.0390625 0.100952 0.713867
0 0.859375 0.838095 0.0429688 0.0533333 0.782227
0 0.192383 0.0333333 0.0371094 0.0666667 0.803711
0 0.0644531 0.957143 0.0449219 0.0819048 0.814941
0 0.283203 0.769524 0.0351562 0.0380952 0.819824
0 0.157227 0.0304762 0.0390625 0.0609524 0.828613
0 0.117188 0.95619 0.0429688 0.0761905 0.834961
0 0.535645 0.765714 0.0400391 0.0380952 0.846191
0 0.363281 0.757143 0.0351562 0.0361905 0.84668
0 0.442383 0.755238 0.0332031 0.032381 0.854492
0 0.922852 0.864762 0.0449219 0.0647619 0.858398
0 0.502441 0.809524 0.0361328 0.0380952 0.859375
0 0.271973 0.828571 0.0439453 0.0419048 0.861328
0 0.185059 0.871429 0.0458984 0.0704762 0.863281
0 0.114258 0.0742857 0.0390625 0.0685714 0.869629
0 0.589844 0.787619 0.0390625 0.0361905 0.872559
0 0.143555 0.842857 0.0429688 0.0742857 0.875977
0 0.225098 0.784762 0.0380859 0.0495238 0.884277
0 0.503418 0.86381 0.0380859 0.0361905 0.884766
0 0.64502 0.751429 0.0400391 0.0438095 0.890137
0 0.380859 0.812381 0.0429688 0.04 0.896484
0 0.15332 0.10381 0.0449219 0.0819048 0.896484
0 0.858398 0.760952 0.0390625 0.047619 0.899902
0 0.418457 0.849524 0.0400391 0.0380952 0.906738
0 0.941406 0.819048 0.0410156 0.0609524 0.908691
