1 0.563965 0.839048 0.102539 0.0590476 0.271729
0 0.0888672 0.970476 0.0449219 0.0590476 0.325684
0 0.0507812 0.960952 0.046875 0.0780952 0.45459
0 0.181641 0.80381 0.0351562 0.0533333 0.51709
0 0.666504 0.748571 0.0400391 0.0419048 0.649414
0 0.490723 0.957143 0.0341797 0.0857143 0.692871
0 0.925781 0.822857 0.0429688 0.0685714 0.724609
0 0.987305 0.912381 0.0253906 0.08 0.727539
0 0.387207 0.81619 0.0361328 0.0361905 0.731934
0 0.821777 0.809524 0.0439453 0.0495238 0.76416
0 0.186523 0.04 0.0332031 0.0685714 0.819336
0 0.273438 0.764762 0.0351562 0.0361905 0.822266
0 0.333008 0.76 0.0332031 0.0342857 0.844727
0 0.67627 0.88381 0.0419922 0.0380952 0.854004
0 0.750977 0.750476 0.0332031 0.0380952 0.857422
0 0.150391 0.108571 0.0429688 0.08 0.86377
0 0.42334 0.76381 0.0400391 0.0380952 0.867676
0 0.17334 0.879048 0.0458984 0.0666667 0.869629
0 0.321289 0.857143 0.0410156 0.0380952 0.873535
0 0.739258 0.810476 0.0410156 0.0438095 0.877441
0 0.272949 0.820952 0.0439453 0.0457143 0.881836
0 0.154297 0.032381 0.0371094 0.0647619 0.882812
0 0.111328 0.0809524 0.0390625 0.0666667 0.885254
0 0.488281 0.796191 0.0390625 0.0380952 0.890625
0 0.42041 0.88 0.0380859 0.0380952 0.891113
0 0.549316 0.758095 0.0400391 0.0380952 0.893066
0 0.864746 0.772381 0.0400391 0.0514286 0.896973
0 0.94873 0.942857 0.0419922 0.072381 0.903809
0 0.118652 0.868571 0.0380859 0.0685714 0.916504
