0 0.103516 0.0514286 0.0390625 0.0685714 0.258057
0 0.26123 0.971429 0.0576172 0.0533333 0.35791
0 0.683594 0.879048 0.0410156 0.0361905 0.470947
0 0.990723 0.164762 0.0185547 0.0514286 0.551758
0 0.185547 0.885714 0.0429688 0.0609524 0.708496
0 0.983887 0.109524 0.0322266 0.0514286 0.759277
0 0.213867 0.786667 0.0429688 0.0571429 0.793945
0 0.5 0.949524 0.0390625 0.100952 0.803711
0 0.191895 0.0333333 0.0361328 0.0666667 0.808105
0 0.157227 0.0304762 0.0390625 0.0609524 0.828613
0 0.355957 0.764762 0.0341797 0.0361905 0.831055
0 0.569824 0.806667 0.0361328 0.0361905 0.835938
0 0.137207 0.953333 0.0361328 0.0590476 0.836426
0 0.513184 0.75619 0.0322266 0.0342857 0.841309
0 0.605957 0.766667 0.0400391 0.04 0.844727
0 0.570801 0.852381 0.0380859 0.0361905 0.852539
0 0.344727 0.821905 0.0429688 0.04 0.862305
0 0.251465 0.831429 0.0419922 0.0438095 0.862793
0 0.114258 0.0733333 0.0390625 0.0666667 0.868164
0 0.666016 0.779048 0.0390625 0.0380952 0.870117
0 0.433594 0.755238 0.0351562 0.0361905 0.871094
0 0.439453 0.808571 0.0429688 0.04 0.874512
0 0.720215 0.746667 0.0400391 0.0419048 0.877441
0 0.150391 0.107619 0.0429688 0.0819048 0.879395
0 0.981445 0.872381 0.0371094 0.0685714 0.885742
0 0.299805 0.769524 0.0371094 0.0380952 0.888184
0 0.48291 0.84381 0.0400391 0.0419048 0.893066
0 0.915527 0.891429 0.0439453 0.072381 0.894531
0 0.128906 0.857143 0.0429688 0.0761905 0.898438
0 0.919434 0.801905 0.0361328 0.0571429 0.903809
0 0.97168 0.92381 0.0449219 0.0761905 0.90625
