0 0.899414 0.0219048 0.0371094 0.0438095 0.310303
0 0.92041 0.072381 0.0322266 0.0495238 0.392334
1 0.123047 0.946667 0.0742188 0.106667 0.529785
0 0.123535 0.946667 0.0712891 0.106667 0.567871
0 0.206055 0.884762 0.0429688 0.0514286 0.571289
0 0.98291 0.272381 0.0341797 0.0647619 0.65332
0 0.090332 0.904762 0.0361328 0.0647619 0.682129
0 0.435547 0.761905 0.0332031 0.0304762 0.703613
0 0.654785 0.801905 0.0400391 0.0380952 0.724609
0 0.187988 0.0333333 0.0361328 0.0666667 0.733398
0 0.680664 0.87619 0.0410156 0.0380952 0.735352
0 0.499023 0.942857 0.0429688 0.114286 0.791504
0 0.623535 0.84381 0.0361328 0.0342857 0.827637
0 0.779297 0.784762 0.0390625 0.0419048 0.833008
0 0.42041 0.819048 0.0458984 0.0419048 0.833984
0 0.5 0.754286 0.0351562 0.0342857 0.834961
0 0.155273 0.0285714 0.0371094 0.0571429 0.835938
0 0.296387 0.76 0.0419922 0.0419048 0.835938
0 0.905273 0.794286 0.0410156 0.0609524 0.836914
0 0.587891 0.752381 0.03125 0.0342857 0.853027
0 0.331055 0.815238 0.0390625 0.0380952 0.854492
0 0.255371 0.846667 0.0400391 0.047619 0.868164
0 0.800781 0.745714 0.0410156 0.04 0.868164
0 0.712891 0.772381 0.0410156 0.04 0.871582
0 0.111816 0.072381 0.0380859 0.0685714 0.872559
0 0.380371 0.765714 0.0361328 0.0380952 0.874023
0 0.54834 0.837143 0.0419922 0.04 0.882812
0 0.917969 0.0961905 0.0390625 0.0628571 0.882812
0 0.958496 0.842857 0.0361328 0.0590476 0.88916
0 0.926758 0.166667 0.0410156 0.0590476 0.895996
0 0.497559 0.808571 0.0439453 0.04 0.899902
0 0.144043 0.111429 0.0439453 0.0780952 0.908691
0 0.20459 0.787619 0.0419922 0.0552381 0.923828
