0 0.995117 0.906667 0.00976562 0.0609524 0.323486
0 0.187988 0.900952 0.0361328 0.0533333 0.532715
0 0.269531 0.762857 0.0410156 0.0438095 0.594238
0 0.682129 0.87619 0.0419922 0.0380952 0.708496
0 0.411621 0.761905 0.0341797 0.0304762 0.73877
0 0.189453 0.032381 0.0351562 0.0647619 0.752441
0 0.499023 0.947619 0.0390625 0.104762 0.802734
0 0.233398 0.855238 0.0410156 0.0533333 0.818359
0 0.397949 0.82 0.0439453 0.04 0.82666
0 0.67627 0.769524 0.0419922 0.0380952 0.828613
0 0.47998 0.754286 0.0341797 0.0342857 0.839355
0 0.303223 0.82 0.0400391 0.04 0.841797
0 0.15625 0.0304762 0.0390625 0.0609524 0.842773
0 0.888184 0.78 0.0419922 0.0552381 0.844727
0 0.608887 0.847619 0.0380859 0.0380952 0.849609
0 0.625 0.80381 0.0371094 0.0380952 0.856445
0 0.563965 0.753333 0.0322266 0.032381 0.860352
0 0.113281 0.0733333 0.0390625 0.0666667 0.864258
0 0.737305 0.778095 0.0390625 0.04 0.865234
0 0.478027 0.808571 0.0419922 0.04 0.870117
0 0.35498 0.766667 0.0361328 0.0361905 0.87207
0 0.775391 0.745714 0.0390625 0.04 0.875977
0 0.527344 0.839048 0.0410156 0.04 0.882812
0 0.179199 0.80381 0.0439453 0.0647619 0.883789
0 0.959473 0.961905 0.0419922 0.0761905 0.884277
0 0.947266 0.127619 0.0390625 0.0571429 0.895508
0 0.949219 0.831429 0.0371094 0.0590476 0.899902
0 0.960938 0.199048 0.0410156 0.0514286 0.908203
0 0.145508 0.112381 0.0449219 0.08 0.908203
0 0.928223 0.0504762 0.0400391 0.0666667 0.915527
