0 0.100586 0.0561905 0.0410156 0.0666667 0.278076
0 0.223633 0.844762 0.0429688 0.0552381 0.741211
0 0.191895 0.0333333 0.0361328 0.0666667 0.789551
0 0.32666 0.766667 0.0361328 0.0361905 0.803223
0 0.18457 0.804762 0.0429688 0.0666667 0.811035
0 0.499512 0.949524 0.0380859 0.100952 0.814453
0 0.314941 0.822857 0.0458984 0.0380952 0.826172
0 0.406738 0.75619 0.0341797 0.0342857 0.829102
0 0.157227 0.0304762 0.0390625 0.0609524 0.82959
0 0.575195 0.765714 0.0410156 0.0380952 0.858887
0 0.546387 0.855238 0.0380859 0.0342857 0.86377
0 0.689453 0.748571 0.0390625 0.0419048 0.864746
0 0.630859 0.780952 0.0390625 0.0380952 0.865234
0 0.15918 0.907619 0.0410156 0.0628571 0.867188
0 0.11377 0.0733333 0.0400391 0.0666667 0.878418
0 0.894043 0.865714 0.0439453 0.0666667 0.883789
0 0.418945 0.809524 0.0429688 0.0380952 0.884277
0 0.54248 0.807619 0.0361328 0.0380952 0.885742
0 0.484863 0.75619 0.0341797 0.0342857 0.887695
0 0.269043 0.772381 0.0361328 0.04 0.888672
0 0.953125 0.9 0.0429688 0.0704762 0.88916
0 0.151855 0.104762 0.0439453 0.08 0.889648
0 0.104004 0.892381 0.0419922 0.0742857 0.900391
0 0.89502 0.78381 0.0361328 0.0514286 0.908203
0 0.457031 0.845714 0.0410156 0.0419048 0.914062
0 0.968262 0.850476 0.0419922 0.0666667 0.917969
