0 0.682129 0.877143 0.0419922 0.04 0.260986
0 0.976562 0.122857 0.0292969 0.04 0.282715
0 0.260742 0.971429 0.0605469 0.0533333 0.383057
0 0.985352 0.954286 0.0292969 0.0838095 0.697754
0 0.19043 0.0333333 0.0371094 0.0666667 0.70166
0 0.992188 0.904762 0.015625 0.0761905 0.718262
0 0.222656 0.862857 0.0429688 0.0571429 0.739746
0 0.253418 0.768571 0.0439453 0.047619 0.754395
0 0.396484 0.762857 0.0332031 0.032381 0.769043
0 0.498535 0.948571 0.0380859 0.102857 0.811523
0 0.177246 0.910476 0.0361328 0.0571429 0.824219
0 0.15625 0.0304762 0.0390625 0.0609524 0.840332
0 0.61084 0.80381 0.0380859 0.0380952 0.842773
0 0.87793 0.773333 0.0410156 0.0571429 0.842773
0 0.600098 0.849524 0.0380859 0.0380952 0.843262
0 0.386719 0.820952 0.0410156 0.0380952 0.845215
0 0.46875 0.754286 0.0351562 0.0342857 0.847656
0 0.978516 0.210476 0.0390625 0.047619 0.849609
0 0.55127 0.755238 0.0322266 0.032381 0.856934
0 0.290527 0.822857 0.0400391 0.0380952 0.86084
0 0.657227 0.770476 0.0410156 0.04 0.861328
0 0.113281 0.0742857 0.0390625 0.0685714 0.863281
0 0.76123 0.744762 0.0400391 0.0419048 0.866211
0 0.71875 0.777143 0.0390625 0.0380952 0.866699
0 0.166016 0.81619 0.0429688 0.0704762 0.869629
0 0.944824 0.826667 0.0361328 0.0571429 0.875977
0 0.341309 0.768571 0.0361328 0.0361905 0.876953
0 0.959961 0.138095 0.0390625 0.0552381 0.879883
0 0.467773 0.810476 0.0429688 0.04 0.881836
0 0.516602 0.840952 0.0410156 0.04 0.885742
0 0.947754 0.941905 0.0439453 0.0780952 0.902832
0 0.145996 0.110476 0.0439453 0.08 0.905762
0 0.943848 0.0695238 0.0400391 0.0628571 0.919922
