0 0.260742 0.971429 0.0585938 0.0571429 0.257568
0 0.683105 0.879048 0.0400391 0.0361905 0.449951
0 0.192383 0.0333333 0.0371094 0.0666667 0.799805
0 0.989258 0.222857 0.0214844 0.0457143 0.803223
0 0.98877 0.897143 0.0224609 0.08 0.808105
0 0.499512 0.949524 0.0380859 0.100952 0.81543
0 0.156738 0.0304762 0.0380859 0.0609524 0.820312
0 0.163086 0.922857 0.0390625 0.0590476 0.822266
0 0.981934 0.944762 0.0361328 0.0761905 0.825195
0 0.374023 0.821905 0.0410156 0.0361905 0.825684
0 0.864258 0.761905 0.046875 0.0609524 0.832031
0 0.597656 0.80381 0.0371094 0.0380952 0.841309
0 0.59082 0.850476 0.0371094 0.0361905 0.845215
0 0.639648 0.768571 0.0410156 0.04 0.845215
0 0.539062 0.755238 0.0332031 0.0361905 0.850098
0 0.383789 0.762857 0.0351562 0.032381 0.851074
0 0.699707 0.777143 0.0380859 0.0380952 0.852051
0 0.211914 0.867619 0.0410156 0.0552381 0.853516
0 0.748047 0.744762 0.0390625 0.0419048 0.854004
0 0.458008 0.755238 0.0351562 0.0361905 0.866699
0 0.277832 0.825714 0.0400391 0.04 0.868164
0 0.114258 0.0733333 0.0390625 0.0666667 0.872559
0 0.328125 0.767619 0.0351562 0.0342857 0.873047
0 0.458984 0.809524 0.0429688 0.0419048 0.878418
0 0.505859 0.841905 0.0410156 0.0419048 0.880371
0 0.937012 0.922857 0.0439453 0.0742857 0.882324
0 0.154297 0.828571 0.0429688 0.072381 0.886719
0 0.147949 0.110476 0.0439453 0.08 0.890137
0 0.959961 0.0857143 0.0410156 0.0609524 0.896973
0 0.9375 0.819048 0.0351562 0.0571429 0.902344
0 0.241211 0.773333 0.0429688 0.0533333 0.902832
0 0.974609 0.148571 0.0390625 0.0533333 0.90332
