0 0.0424805 0.967619 0.0400391 0.0647619 0.39209
0 0.741699 0.798095 0.0400391 0.0419048 0.447266
0 0.503418 0.757143 0.0302734 0.0285714 0.486084
0 0.479004 0.811429 0.0419922 0.0380952 0.49585
1 0.187012 0.88 0.0791016 0.0990476 0.54541
0 0.988281 0.199048 0.0234375 0.0552381 0.59082
0 0.177734 0.796191 0.0351562 0.0571429 0.64209
0 0.118164 0.861905 0.0332031 0.0552381 0.678711
0 0.152832 0.027619 0.0380859 0.0552381 0.784668
0 0.323242 0.82381 0.0390625 0.04 0.786621
0 0.187012 0.0314286 0.0361328 0.0628571 0.798828
0 0.663086 0.744762 0.0332031 0.0342857 0.811035
0 0.9375 0.829524 0.0410156 0.0704762 0.832031
0 0.678223 0.87619 0.0400391 0.0380952 0.834961
0 0.573242 0.745714 0.0332031 0.0361905 0.837402
0 0.928223 0.052381 0.0439453 0.0704762 0.840332
0 0.985352 0.884762 0.0292969 0.0666667 0.84668
0 0.392578 0.806667 0.0390625 0.0361905 0.847656
0 0.270996 0.86 0.0361328 0.0361905 0.848633
0 0.973633 0.128571 0.0410156 0.0514286 0.865723
0 0.868164 0.154286 0.0371094 0.0647619 0.868164
0 0.831543 0.796191 0.0419922 0.0533333 0.873047
0 0.448242 0.760952 0.0371094 0.0361905 0.874023
0 0.604004 0.824762 0.0419922 0.0419048 0.878418
0 0.910156 0.106667 0.0429688 0.072381 0.880371
0 0.862793 0.764762 0.0439453 0.0552381 0.884277
0 0.365723 0.754286 0.0400391 0.0380952 0.885254
0 0.547363 0.805714 0.0439453 0.0380952 0.885742
0 0.671387 0.830476 0.0380859 0.0380952 0.887207
0 0.851074 0.0419048 0.0361328 0.072381 0.888184
0 0.506348 0.917143 0.0517578 0.12381 0.893066
0 0.287598 0.761905 0.0400391 0.0419048 0.901855
0 0.140625 0.110476 0.0429688 0.0761905 0.901855
0 0.109375 0.067619 0.0371094 0.0666667 0.908691
0 0.908691 0.856191 0.0419922 0.0666667 0.915527
