0 0.834473 0.02 0.0322266 0.04 0.271729
0 0.0966797 0.0447619 0.0332031 0.0552381 0.295654
0 0.109863 0.946667 0.0673828 0.106667 0.375977
0 0.527832 0.755238 0.0302734 0.0285714 0.405273
0 0.0478516 0.947619 0.0625 0.0971429 0.459717
1 0.107422 0.945714 0.0703125 0.108571 0.475342
0 0.494629 0.811429 0.0439453 0.0380952 0.55957
0 0.901367 0.027619 0.0449219 0.0552381 0.643555
0 0.20752 0.772381 0.0361328 0.047619 0.680176
0 0.145996 0.830476 0.0341797 0.0571429 0.703613
0 0.151367 0.0266667 0.0390625 0.0533333 0.742676
0 0.185547 0.0314286 0.0371094 0.0628571 0.768555
0 0.298828 0.86 0.0371094 0.0361905 0.772461
1 0.209473 0.861905 0.0791016 0.0857143 0.780762
0 0.0639648 0.935238 0.0380859 0.072381 0.797852
0 0.346191 0.819048 0.0400391 0.0457143 0.798828
0 0.989258 0.901905 0.0214844 0.0742857 0.808105
0 0.86377 0.814286 0.0419922 0.0552381 0.816895
0 0.690918 0.741905 0.0322266 0.032381 0.831055
0 0.385742 0.750476 0.0410156 0.0380952 0.832031
0 0.598145 0.74381 0.0341797 0.032381 0.835449
0 0.946289 0.842857 0.0390625 0.0666667 0.835938
0 0.690918 0.828571 0.0361328 0.0380952 0.856445
0 0.40918 0.802857 0.0390625 0.0361905 0.869141
0 0.471191 0.759048 0.0361328 0.0361905 0.870117
0 0.676758 0.872381 0.0429688 0.0380952 0.871094
0 0.313965 0.757143 0.0400391 0.04 0.872559
0 0.838379 0.0980952 0.0361328 0.0704762 0.878418
0 0.621582 0.820952 0.0419922 0.0419048 0.882812
0 0.561035 0.80381 0.0439453 0.0380952 0.885254
0 0.885254 0.0685714 0.0400391 0.0761905 0.885742
0 0.936523 0.102857 0.0410156 0.0571429 0.888672
0 0.10791 0.067619 0.0380859 0.0666667 0.889648
0 0.966797 0.178095 0.046875 0.0628571 0.893555
0 0.976562 0.0895238 0.0371094 0.0495238 0.894043
0 0.947754 0.917143 0.0400391 0.0742857 0.899902
0 0.878418 0.773333 0.0419922 0.0533333 0.904785
0 0.507812 0.911429 0.0546875 0.127619 0.912598
0 0.134277 0.115238 0.0419922 0.0742857 0.91748
