0 0.726562 0.887619 0.0410156 0.0457143 0.332031
1 0.116699 0.937143 0.0673828 0.106667 0.425293
0 0.994629 0.260952 0.0107422 0.0419048 0.434082
0 0.991211 0.908571 0.0175781 0.08 0.518555
0 0.994629 0.175238 0.0107422 0.0457143 0.524414
0 0.775391 0.8 0.0351562 0.0419048 0.536621
0 0.949219 0.848571 0.0371094 0.0704762 0.718262
0 0.541992 0.754286 0.03125 0.0304762 0.71875
0 0.0742188 0.916191 0.0390625 0.072381 0.746094
0 0.151367 0.0266667 0.0390625 0.0533333 0.758789
0 0.185059 0.0304762 0.0380859 0.0609524 0.768555
0 0.705566 0.741905 0.0322266 0.032381 0.801758
0 0.501953 0.811429 0.046875 0.0380952 0.803711
0 0.418457 0.800952 0.0380859 0.0361905 0.810059
0 0.31543 0.861905 0.0371094 0.0361905 0.819336
0 0.355469 0.815238 0.0410156 0.0419048 0.825195
1 0.22168 0.856191 0.078125 0.0819048 0.82959
0 0.221191 0.766667 0.0341797 0.0438095 0.841309
0 0.482422 0.757143 0.0351562 0.0361905 0.842285
0 0.609863 0.742857 0.0361328 0.0342857 0.844727
0 0.397461 0.750476 0.0410156 0.0380952 0.84668
0 0.878906 0.821905 0.0429688 0.0590476 0.853516
0 0.920898 0.0857143 0.0390625 0.0571429 0.85791
0 0.569336 0.80381 0.0429688 0.0380952 0.864746
0 0.874023 0.047619 0.0390625 0.0761905 0.864746
0 0.699707 0.829524 0.0380859 0.04 0.865234
0 0.67627 0.872381 0.0419922 0.0380952 0.868164
0 0.158691 0.82 0.0361328 0.0590476 0.870117
0 0.325684 0.757143 0.0400391 0.04 0.872559
0 0.631348 0.820952 0.0419922 0.0419048 0.877441
0 0.951172 0.164762 0.046875 0.0628571 0.879395
0 0.82666 0.0714286 0.0361328 0.0704762 0.880371
0 0.960938 0.08 0.0371094 0.0495238 0.895508
0 0.10791 0.0666667 0.0380859 0.0647619 0.896973
0 0.508301 0.909524 0.0537109 0.127619 0.896973
0 0.128418 0.12 0.0419922 0.072381 0.912598
0 0.883301 0.778095 0.0419922 0.0552381 0.913086
0 0.964844 0.953333 0.0410156 0.0780952 0.926758
