0 0.888672 0.0209524 0.0390625 0.0419048 0.255127
0 0.994629 0.970476 0.0107422 0.0590476 0.305908
0 0.149414 0.0704762 0.0351562 0.0609524 0.369873
0 0.486328 0.975238 0.0273438 0.0457143 0.442871
0 0.117676 0.966667 0.0361328 0.0666667 0.561523
0 0.981934 0.145714 0.0361328 0.04 0.624512
0 0.311035 0.741905 0.0341797 0.0361905 0.722656
0 0.705078 0.81619 0.0410156 0.0438095 0.760254
0 0.90918 0.100952 0.0390625 0.0571429 0.771484
0 0.143066 0.027619 0.0380859 0.0552381 0.775391
0 0.765137 0.89619 0.0419922 0.047619 0.776855
0 0.56543 0.806667 0.0449219 0.0361905 0.788574
0 0.631348 0.748571 0.0341797 0.0342857 0.789062
0 0.0996094 0.860952 0.0351562 0.0685714 0.798828
0 0.260742 0.754286 0.0332031 0.0380952 0.803711
0 0.421875 0.801905 0.0390625 0.0419048 0.827148
0 0.671875 0.864762 0.0410156 0.0380952 0.829102
0 0.9375 0.0552381 0.0449219 0.0609524 0.833008
1 0.314453 0.827619 0.0742188 0.0628571 0.838867
0 0.706055 0.733333 0.0332031 0.0342857 0.838867
0 0.168945 0.78381 0.0390625 0.0628571 0.844238
0 0.499512 0.74 0.0419922 0.0361905 0.844238
0 0.815918 0.742857 0.0341797 0.0380952 0.844727
0 0.418457 0.96 0.0322266 0.0647619 0.84668
0 0.491211 0.793333 0.0390625 0.0361905 0.850098
0 0.978516 0.909524 0.0390625 0.0780952 0.856445
0 0.0292969 0.167619 0.0390625 0.0457143 0.856934
1 0.181641 0.873333 0.107422 0.12381 0.858887
0 0.72168 0.880952 0.0429688 0.0514286 0.859375
0 0.578125 0.750476 0.0351562 0.0342857 0.859375
0 0.833008 0.0857143 0.0371094 0.072381 0.86377
0 0.509766 0.889524 0.0546875 0.121905 0.864746
0 0.638184 0.796191 0.0439453 0.0419048 0.864746
0 0.921875 0.864762 0.0449219 0.0685714 0.883301
0 0.41748 0.747619 0.0380859 0.04 0.883789
0 0.864746 0.0495238 0.0419922 0.08 0.895508
0 0.767578 0.834286 0.0390625 0.0419048 0.902832
0 0.101074 0.0657143 0.0400391 0.0666667 0.905273
0 0.915527 0.804762 0.0419922 0.0666667 0.912598
