0 0.994629 0.153333 0.0107422 0.04 0.346191
0 0.994629 0.971429 0.0107422 0.0571429 0.377686
0 0.487793 0.974286 0.0283203 0.0438095 0.494873
0 0.050293 0.137143 0.0439453 0.0495238 0.58252
0 0.074707 0.90381 0.0361328 0.0628571 0.614746
0 0.400879 0.912381 0.0361328 0.0685714 0.714844
0 0.958496 0.072381 0.0458984 0.0571429 0.716309
0 0.169434 0.0428571 0.0361328 0.0704762 0.718262
0 0.608887 0.749524 0.0380859 0.0361905 0.718262
0 0.292969 0.744762 0.0332031 0.0342857 0.729004
0 0.722168 0.880952 0.0419922 0.0514286 0.758789
0 0.765625 0.897143 0.0410156 0.0495238 0.763184
0 0.234863 0.765714 0.0341797 0.0457143 0.76416
0 0.687988 0.815238 0.0419922 0.0457143 0.80127
0 0.90332 0.0285714 0.0390625 0.0571429 0.803711
0 0.870117 0.152381 0.0390625 0.0647619 0.807617
0 0.928711 0.120952 0.0410156 0.0552381 0.813965
0 0.144043 0.027619 0.0380859 0.0552381 0.815918
0 0.672852 0.866667 0.0410156 0.0380952 0.82959
0 0.547363 0.808571 0.0458984 0.0361905 0.834961
0 0.144531 0.806667 0.0390625 0.0666667 0.843262
0 0.67627 0.737143 0.0341797 0.0380952 0.848145
0 0.474121 0.742857 0.0419922 0.0380952 0.850586
0 0.792969 0.74 0.0351562 0.0361905 0.852051
0 0.0615234 0.160952 0.0410156 0.0514286 0.853027
0 0.47168 0.794286 0.0390625 0.0380952 0.85498
1 0.15918 0.893333 0.111328 0.133333 0.861328
0 0.972656 0.899048 0.0371094 0.0761905 0.861816
0 0.403809 0.80381 0.0400391 0.0419048 0.862793
0 0.753906 0.832381 0.0390625 0.0419048 0.868164
1 0.294922 0.828571 0.0742188 0.0647619 0.876465
0 0.620605 0.798095 0.0439453 0.0419048 0.877441
0 0.508789 0.894286 0.0546875 0.12381 0.885742
0 0.919434 0.86 0.0439453 0.0704762 0.887695
0 0.881836 0.0790476 0.0449219 0.0819048 0.888184
0 0.393555 0.749524 0.0390625 0.04 0.888672
0 0.556641 0.751429 0.0351562 0.0361905 0.892578
0 0.104492 0.0638095 0.0390625 0.0666667 0.909668
0 0.907715 0.796191 0.0419922 0.0647619 0.915527
