0 0.874023 0.82 0.0371094 0.047619 0.418701
0 0.121582 0.901905 0.0400391 0.0704762 0.4375
0 0.496094 0.973333 0.0273438 0.0495238 0.476074
0 0.85791 0.0247619 0.0322266 0.0495238 0.528809
1 0.357422 0.818095 0.0722656 0.0590476 0.543457
0 0.671875 0.74381 0.0351562 0.04 0.599609
0 0.773926 0.892381 0.0400391 0.047619 0.654297
0 0.351074 0.74 0.0341797 0.0361905 0.668457
0 0.00683594 0.168571 0.0136719 0.047619 0.668457
0 0.738281 0.815238 0.0429688 0.0457143 0.702148
0 0.988281 0.187619 0.0234375 0.04 0.754395
0 0.933105 0.0428571 0.0439453 0.0628571 0.76709
0 0.681641 0.862857 0.0429688 0.0380952 0.786621
0 0.730469 0.877143 0.0429688 0.0514286 0.787109
0 0.606934 0.80381 0.0439453 0.0380952 0.805176
0 0.307129 0.747619 0.0302734 0.032381 0.811523
0 0.897461 0.0733333 0.0410156 0.0666667 0.8125
0 0.984375 0.908571 0.03125 0.0761905 0.816895
0 0.675781 0.792381 0.0449219 0.0419048 0.826172
0 0.152344 0.811429 0.0371094 0.0685714 0.826172
0 0.155762 0.929524 0.0361328 0.0609524 0.831543
0 0.535156 0.791429 0.0390625 0.0361905 0.834473
0 0.966797 0.132381 0.0390625 0.0438095 0.841309
0 0.464844 0.796191 0.0390625 0.0419048 0.84668
0 0.523438 0.882857 0.0546875 0.12381 0.853516
1 0.226074 0.851429 0.108398 0.102857 0.867188
0 0.218262 0.75619 0.0380859 0.0533333 0.867676
0 0.547852 0.735238 0.0410156 0.0380952 0.871582
0 0.936035 0.866667 0.0439453 0.0685714 0.872559
0 0.619141 0.746667 0.0371094 0.0380952 0.872559
0 0.855469 0.752381 0.0351562 0.0419048 0.878418
0 0.757812 0.731429 0.0351562 0.0380952 0.879883
0 0.794434 0.837143 0.0380859 0.0438095 0.887207
0 0.0898438 0.0876191 0.0390625 0.0609524 0.887207
0 0.190918 0.0342857 0.0400391 0.0685714 0.890625
0 0.147461 0.032381 0.0390625 0.0647619 0.90332
0 0.464355 0.745714 0.0400391 0.04 0.905273
0 0.933594 0.810476 0.0429688 0.0704762 0.921875
