0 0.169922 0.839048 0.0371094 0.0590476 0.26416
0 0.995117 0.106667 0.00976562 0.0457143 0.347656
0 0.77002 0.890476 0.0400391 0.047619 0.348389
0 0.114258 0.908571 0.0371094 0.0647619 0.359131
1 0.981934 0.0228571 0.0361328 0.0457143 0.431152
0 0.493164 0.969524 0.0292969 0.0609524 0.49292
0 0.128906 0.839048 0.0351562 0.0666667 0.579102
0 0.863281 0.0295238 0.0390625 0.0590476 0.652832
0 0.727051 0.874286 0.0419922 0.0495238 0.657715
0 0.0429688 0.167619 0.0332031 0.0380952 0.663086
0 0.990723 0.19619 0.0185547 0.0342857 0.666504
0 0.0351562 0.146667 0.0351562 0.0419048 0.705078
0 0.921875 0.0352381 0.0449219 0.0704762 0.729004
0 0.983887 0.912381 0.0322266 0.0876191 0.737793
1 0.40332 0.814286 0.0722656 0.0552381 0.750977
0 0.215332 0.759048 0.0361328 0.0514286 0.763184
0 0.760742 0.818095 0.0449219 0.047619 0.771973
0 0.34668 0.74381 0.0332031 0.0361905 0.791992
0 0.38916 0.737143 0.0341797 0.0342857 0.796387
0 0.72168 0.74 0.0332031 0.0361905 0.812988
0 0.52002 0.879048 0.0556641 0.12 0.816895
0 0.677734 0.860952 0.0429688 0.0380952 0.817871
0 0.189453 0.886667 0.0351562 0.0552381 0.825684
0 0.52002 0.788571 0.0400391 0.0380952 0.828613
0 0.578125 0.785714 0.0390625 0.0361905 0.830566
0 0.596191 0.732381 0.0419922 0.0361905 0.833984
0 0.0175781 0.120952 0.0351562 0.04 0.849609
1 0.273438 0.831429 0.105469 0.0857143 0.852539
0 0.697754 0.790476 0.0419922 0.0419048 0.858887
0 0.978027 0.134286 0.0400391 0.0438095 0.859863
0 0.929688 0.107619 0.0410156 0.0514286 0.859863
0 0.643555 0.799048 0.046875 0.04 0.859863
0 0.808594 0.737143 0.0351562 0.0419048 0.865234
0 0.945801 0.889524 0.0419922 0.0761905 0.872559
0 0.837891 0.851429 0.0390625 0.0457143 0.875977
0 0.881348 0.768571 0.0341797 0.047619 0.877441
0 0.10498 0.0742857 0.0400391 0.0647619 0.883789
0 0.924316 0.150476 0.0419922 0.0571429 0.884277
0 0.890625 0.830476 0.0410156 0.0571429 0.884277
0 0.66748 0.745714 0.0361328 0.04 0.885742
0 0.517578 0.742857 0.0390625 0.0380952 0.901855
0 0.12207 0.122857 0.0429688 0.0666667 0.906738
0 0.897461 0.191429 0.0488281 0.0666667 0.907715
0 0.28125 0.734286 0.0371094 0.04 0.908691
0 0.934082 0.815238 0.0439453 0.0685714 0.909668
