1 0.98291 0.0238095 0.0341797 0.047619 0.320068
0 0.174805 0.875238 0.0351562 0.0514286 0.327148
0 0.956055 0.968571 0.0527344 0.0628571 0.349854
0 0.770508 0.890476 0.0410156 0.047619 0.405273
0 0.161621 0.849524 0.0380859 0.0609524 0.418457
0 0.493164 0.967619 0.0292969 0.0609524 0.500488
0 0.115723 0.853333 0.0322266 0.0609524 0.509277
0 0.102539 0.921905 0.0371094 0.0685714 0.536621
0 0.816895 0.894286 0.0400391 0.0438095 0.58252
0 0.181641 0.891429 0.0371094 0.0609524 0.718262
0 0.711914 0.74 0.0332031 0.04 0.741211
0 0.92334 0.0342857 0.0458984 0.0685714 0.754395
1 0.393555 0.815238 0.0722656 0.0533333 0.759277
0 0.728516 0.875238 0.0429688 0.047619 0.790039
0 0.339355 0.744762 0.0322266 0.0342857 0.804199
0 0.677734 0.860952 0.0429688 0.0380952 0.821777
0 0.755859 0.817143 0.0429688 0.0495238 0.823242
0 0.637695 0.799048 0.046875 0.04 0.831543
0 0.0322266 0.119048 0.0371094 0.0438095 0.832031
0 0.509277 0.788571 0.0400391 0.0419048 0.834961
0 0.569336 0.786667 0.0390625 0.0342857 0.844238
0 0.381348 0.737143 0.0341797 0.0342857 0.845703
0 0.983398 0.13619 0.0332031 0.0438095 0.848633
0 0.870117 0.0342857 0.0410156 0.0685714 0.849609
0 0.98291 0.908571 0.0341797 0.08 0.850586
0 0.586914 0.731429 0.0410156 0.0380952 0.859375
0 0.202148 0.76381 0.0371094 0.0571429 0.86084
0 0.693848 0.790476 0.0439453 0.0419048 0.862793
0 0.800293 0.734286 0.0361328 0.04 0.870605
0 0.656738 0.74381 0.0361328 0.04 0.874023
0 0.941895 0.88 0.0439453 0.0761905 0.875488
0 0.824707 0.84381 0.0419922 0.0495238 0.875977
0 0.940918 0.160952 0.0439453 0.0514286 0.875977
0 0.9375 0.113333 0.0410156 0.047619 0.883789
0 0.878906 0.765714 0.0351562 0.0457143 0.888184
0 0.52002 0.879048 0.0556641 0.12 0.890625
0 0.886719 0.828571 0.0390625 0.0571429 0.892578
1 0.263184 0.83619 0.106445 0.0876191 0.893066
0 0.269043 0.737143 0.0380859 0.0419048 0.900879
0 0.114746 0.0628571 0.0400391 0.0647619 0.901367
0 0.137695 0.104762 0.0410156 0.0685714 0.902344
0 0.507324 0.741905 0.0400391 0.04 0.903809
0 0.920898 0.211429 0.0488281 0.0647619 0.905273
0 0.933594 0.812381 0.0429688 0.0704762 0.915039
