0 0.992676 0.938095 0.0146484 0.0780952 0.254639
0 0.0224609 0.170476 0.0371094 0.0438095 0.330811
0 0.816406 0.892381 0.0390625 0.047619 0.466553
0 0.492676 0.968571 0.0283203 0.0590476 0.531738
0 0.728027 0.874286 0.0419922 0.0495238 0.561523
0 0.135742 0.88 0.0371094 0.0609524 0.575195
0 0.615723 0.732381 0.0419922 0.04 0.58252
0 0.00683594 0.122857 0.0136719 0.04 0.632812
0 0.19043 0.832381 0.0410156 0.0647619 0.680176
0 0.899902 0.84 0.0439453 0.0647619 0.727539
0 0.77002 0.889524 0.0400391 0.0495238 0.728027
0 0.203125 0.874286 0.0371094 0.0571429 0.757324
0 0.771484 0.819048 0.0546875 0.0647619 0.761719
1 0.418945 0.815238 0.0742188 0.0533333 0.762695
0 0.987793 0.0990476 0.0244141 0.0457143 0.762695
0 0.677734 0.860952 0.0410156 0.0380952 0.775879
0 0.40332 0.737143 0.0332031 0.0342857 0.798828
0 0.92041 0.0333333 0.0439453 0.0666667 0.813477
0 0.362793 0.741905 0.0322266 0.0361905 0.818359
0 0.739746 0.738095 0.0341797 0.04 0.820801
0 0.59082 0.785714 0.0390625 0.0361905 0.831543
0 0.153809 0.811429 0.0380859 0.072381 0.833008
0 0.52002 0.878095 0.0556641 0.121905 0.839355
0 0.706543 0.790476 0.0439453 0.0419048 0.839355
0 0.537109 0.742857 0.0390625 0.0380952 0.841309
0 0.688965 0.74381 0.0341797 0.0361905 0.847168
0 0.540039 0.787619 0.0410156 0.04 0.858887
0 0.861328 0.864762 0.0390625 0.0495238 0.859863
0 0.884277 0.769524 0.0341797 0.0495238 0.861328
1 0.29248 0.829524 0.108398 0.0780952 0.86377
0 0.822754 0.740952 0.0341797 0.0419048 0.865723
0 0.648438 0.798095 0.0449219 0.0419048 0.872559
0 0.304199 0.733333 0.0361328 0.0380952 0.879395
0 0.972656 0.185714 0.0390625 0.0438095 0.880371
0 0.916016 0.092381 0.0390625 0.0590476 0.885742
0 0.964844 0.126667 0.0410156 0.047619 0.891113
0 0.894043 0.119048 0.0439453 0.0704762 0.896484
0 0.0844727 0.092381 0.0419922 0.0628571 0.896484
0 0.958008 0.911429 0.0410156 0.0780952 0.899414
0 0.937012 0.819048 0.0419922 0.0685714 0.904297
0 0.0913086 0.148571 0.0419922 0.0609524 0.908691
0 0.856445 0.135238 0.0449219 0.0838095 0.912598
