0 0.771973 0.891429 0.0400391 0.0457143 0.365967
0 0.495117 0.971429 0.0253906 0.0533333 0.461426
0 0.0517578 0.0838095 0.0449219 0.0495238 0.624023
0 0.991211 0.141905 0.0175781 0.04 0.683594
0 0.691406 0.740952 0.0351562 0.0419048 0.697266
0 0.366699 0.740952 0.0322266 0.0342857 0.745605
0 0.746094 0.815238 0.0429688 0.0457143 0.790039
0 0.141113 0.872381 0.0361328 0.0647619 0.80127
0 0.728516 0.87619 0.0429688 0.0495238 0.811035
0 0.926758 0.0380952 0.0449219 0.0685714 0.815918
0 0.322754 0.746667 0.0341797 0.0380952 0.818848
0 0.983398 0.908571 0.0332031 0.08 0.821777
1 0.375488 0.817143 0.0732422 0.0571429 0.822266
0 0.951172 0.12381 0.0390625 0.0457143 0.830566
0 0.177734 0.78381 0.0371094 0.0628571 0.831543
0 0.623535 0.801905 0.0458984 0.0380952 0.836914
0 0.679199 0.860952 0.0419922 0.0380952 0.837891
0 0.097168 0.885714 0.0380859 0.0685714 0.839355
0 0.880371 0.82381 0.0400391 0.0552381 0.843262
0 0.687012 0.790476 0.0419922 0.0419048 0.844238
0 0.78125 0.733333 0.0351562 0.0380952 0.844727
0 0.487793 0.791429 0.0400391 0.0438095 0.84668
0 0.807617 0.840952 0.0371094 0.0438095 0.85498
0 0.552734 0.788571 0.0390625 0.0342857 0.85498
0 0.567871 0.734286 0.0400391 0.04 0.865723
0 0.0620117 0.104762 0.0380859 0.0495238 0.869629
0 0.636719 0.746667 0.0371094 0.0380952 0.874512
1 0.244141 0.841905 0.109375 0.0952381 0.875
0 0.243164 0.742857 0.0371094 0.0457143 0.877441
0 0.9375 0.873333 0.0429688 0.0704762 0.87793
0 0.48584 0.742857 0.0400391 0.0380952 0.878906
0 0.882812 0.052381 0.0410156 0.0742857 0.881348
0 0.969238 0.179048 0.0419922 0.0419048 0.887695
0 0.870605 0.76 0.0341797 0.0419048 0.890137
0 0.521484 0.879048 0.0546875 0.12 0.890625
0 0.132812 0.0428571 0.0390625 0.0704762 0.89502
0 0.97168 0.242857 0.046875 0.047619 0.897949
0 0.167969 0.911429 0.0351562 0.0628571 0.901367
0 0.933594 0.812381 0.0429688 0.0704762 0.910645
0 0.16748 0.0666667 0.0419922 0.0761905 0.912598
