0 0.150879 0.86 0.0380859 0.0628571 0.308838
0 0.0400391 0.092381 0.0371094 0.0438095 0.327393
0 0.19043 0.771429 0.0371094 0.0609524 0.563477
0 0.493652 0.970476 0.0283203 0.0590476 0.564941
0 0.701172 0.74 0.0351562 0.04 0.676758
0 0.816406 0.893333 0.0390625 0.0457143 0.716309
0 0.770996 0.890476 0.0400391 0.047619 0.724609
1 0.383789 0.81619 0.0742188 0.0552381 0.733887
0 0.330566 0.745714 0.0322266 0.0361905 0.758789
0 0.046875 0.111429 0.0371094 0.0438095 0.779785
0 0.0927734 0.941905 0.0390625 0.0704762 0.802734
0 0.373535 0.738095 0.0341797 0.032381 0.813477
0 0.106934 0.868571 0.0380859 0.0685714 0.822266
0 0.577148 0.733333 0.0410156 0.0380952 0.825195
0 0.728027 0.87619 0.0419922 0.0495238 0.827148
0 0.678223 0.860952 0.0419922 0.0380952 0.828613
0 0.751465 0.817143 0.0419922 0.0457143 0.831543
0 0.632812 0.800952 0.0449219 0.04 0.833496
0 0.955566 0.171429 0.0419922 0.0457143 0.836914
0 0.173828 0.900952 0.0371094 0.0609524 0.839355
0 0.98291 0.909524 0.0341797 0.0819048 0.842285
0 0.560059 0.787619 0.0400391 0.0361905 0.849609
0 0.925293 0.0361905 0.0439453 0.0647619 0.850586
0 0.790527 0.733333 0.0341797 0.0380952 0.852051
0 0.987305 0.14 0.0253906 0.0438095 0.853516
0 0.944336 0.119048 0.0390625 0.047619 0.853516
0 0.81543 0.842857 0.0390625 0.047619 0.854004
0 0.689941 0.790476 0.0439453 0.0419048 0.857422
0 0.498535 0.789524 0.0400391 0.04 0.85791
0 0.938965 0.877143 0.0439453 0.0704762 0.860352
0 0.882324 0.824762 0.0419922 0.0571429 0.865723
0 0.646484 0.745714 0.0351562 0.04 0.872559
0 0.876953 0.0428571 0.0390625 0.0704762 0.876953
0 0.254883 0.74 0.0371094 0.0438095 0.877441
0 0.520996 0.878095 0.0556641 0.121905 0.87793
1 0.253906 0.837143 0.107422 0.0933333 0.878906
0 0.875488 0.76381 0.0341797 0.0457143 0.889648
0 0.124023 0.0533333 0.0390625 0.0685714 0.895996
0 0.496582 0.742857 0.0400391 0.0380952 0.896973
0 0.945312 0.229524 0.046875 0.0552381 0.900391
0 0.15332 0.0857143 0.0429688 0.0761905 0.910645
0 0.933594 0.812381 0.0429688 0.0704762 0.911621
