0 0.77002 0.889524 0.0400391 0.0457143 0.259277
0 0.81543 0.892381 0.0390625 0.047619 0.375488
0 0.493652 0.966667 0.0322266 0.0666667 0.410645
0 0.993652 0.191429 0.0126953 0.0552381 0.524902
0 0.050293 0.0895238 0.0419922 0.0495238 0.563477
0 0.646973 0.731429 0.0419922 0.0419048 0.606445
0 0.220215 0.809524 0.0419922 0.0495238 0.632812
0 0.983398 0.96381 0.0332031 0.072381 0.669434
0 0.0170898 0.177143 0.0322266 0.0495238 0.705078
0 0.677734 0.86 0.0429688 0.04 0.75293
1 0.438965 0.815238 0.0732422 0.0533333 0.755371
0 0.428711 0.737143 0.0332031 0.0342857 0.771484
0 0.0605469 0.168571 0.0429688 0.0514286 0.788086
0 0.92041 0.032381 0.0458984 0.0647619 0.80127
0 0.834473 0.742857 0.0361328 0.0457143 0.807617
0 0.272461 0.741905 0.0351562 0.04 0.816895
0 0.605469 0.784762 0.0390625 0.0380952 0.818359
0 0.797852 0.827619 0.0449219 0.0514286 0.820312
1 0.320312 0.821905 0.109375 0.0704762 0.837402
0 0.0581055 0.110476 0.0400391 0.0495238 0.841797
0 0.979492 0.092381 0.0410156 0.0514286 0.845215
0 0.813477 0.0361905 0.0410156 0.072381 0.845215
0 0.383789 0.741905 0.0332031 0.0361905 0.845703
0 0.554688 0.786667 0.0390625 0.0380952 0.850586
0 0.717285 0.744762 0.0361328 0.0380952 0.855957
0 0.659668 0.797143 0.0458984 0.0438095 0.86084
0 0.761719 0.738095 0.0351562 0.04 0.868164
0 0.725098 0.789524 0.0439453 0.04 0.873047
0 0.92041 0.86381 0.0400391 0.0704762 0.874023
0 0.333008 0.729524 0.0371094 0.0380952 0.874023
0 0.563965 0.740952 0.0400391 0.0380952 0.878418
0 0.890137 0.771429 0.0361328 0.0495238 0.878906
0 0.226562 0.859048 0.0351562 0.0495238 0.879395
0 0.893555 0.890476 0.0390625 0.0590476 0.880859
0 0.925781 0.155238 0.0390625 0.0514286 0.883789
0 0.861816 0.0647619 0.0400391 0.08 0.884766
0 0.945312 0.114286 0.0429688 0.0533333 0.887207
0 0.897461 0.0685714 0.0410156 0.0685714 0.891113
0 0.521484 0.873333 0.0566406 0.12 0.918945
0 0.949219 0.835238 0.0429688 0.0742857 0.921875
