0 0.98291 0.0219048 0.0341797 0.0438095 0.259766
0 0.77002 0.889524 0.0400391 0.0457143 0.352051
0 0.177734 0.782857 0.0371094 0.0609524 0.38623
0 0.492188 0.968571 0.03125 0.0628571 0.558594
0 0.208008 0.817143 0.0429688 0.0571429 0.586426
0 0.0170898 0.177143 0.0322266 0.0495238 0.627441
0 0.261719 0.742857 0.0371094 0.0419048 0.741211
1 0.43457 0.813333 0.0742188 0.0571429 0.778809
0 0.677246 0.858095 0.0419922 0.04 0.783691
0 0.830566 0.740952 0.0361328 0.0457143 0.78418
0 0.785156 0.820952 0.0527344 0.0647619 0.810059
0 0.755371 0.738095 0.0341797 0.04 0.823242
0 0.42041 0.737143 0.0341797 0.0342857 0.824219
0 0.21875 0.862857 0.0351562 0.0495238 0.834473
1 0.310059 0.82381 0.108398 0.0780952 0.840332
0 0.55127 0.786667 0.0400391 0.0380952 0.843262
0 0.377441 0.741905 0.0322266 0.0361905 0.844727
0 0.709473 0.74381 0.0361328 0.04 0.845703
0 0.981934 0.092381 0.0361328 0.047619 0.848145
0 0.636719 0.732381 0.0429688 0.0438095 0.858398
0 0.599609 0.784762 0.0410156 0.0380952 0.86084
0 0.71875 0.790476 0.0429688 0.0419048 0.862793
0 0.919434 0.032381 0.0458984 0.0647619 0.866211
0 0.65625 0.797143 0.046875 0.0438095 0.873047
0 0.914062 0.855238 0.0410156 0.0647619 0.877441
0 0.887207 0.770476 0.0361328 0.047619 0.877441
0 0.0678711 0.167619 0.0419922 0.0571429 0.878418
0 0.941406 0.167619 0.0390625 0.0495238 0.880371
0 0.825684 0.0619048 0.0419922 0.0933333 0.881836
0 0.976074 0.944762 0.0419922 0.0838095 0.882812
0 0.323242 0.730476 0.0371094 0.04 0.888672
0 0.555176 0.740952 0.0400391 0.0380952 0.891113
0 0.95166 0.118095 0.0419922 0.0495238 0.893066
0 0.870117 0.0819048 0.0410156 0.0761905 0.897949
0 0.883301 0.882857 0.0419922 0.0590476 0.899902
0 0.0654297 0.105714 0.0390625 0.0552381 0.900391
0 0.902344 0.0752381 0.0390625 0.0666667 0.906738
0 0.943848 0.827619 0.0419922 0.0704762 0.908203
0 0.520508 0.874286 0.0566406 0.118095 0.918945
