0 0.726562 0.875238 0.0429688 0.0514286 0.451172
0 0.0371094 0.154286 0.0371094 0.0419048 0.488037
0 0.75293 0.801905 0.0449219 0.0495238 0.497803
0 0.533691 0.915238 0.0458984 0.0742857 0.519531
0 0.677246 0.86 0.0419922 0.04 0.743652
0 0.536621 0.849524 0.0595703 0.114286 0.757324
1 0.370605 0.817143 0.106445 0.0609524 0.779297
0 0.535156 0.730476 0.03125 0.032381 0.80127
0 0.709473 0.732381 0.0419922 0.0438095 0.806152
0 0.186035 0.0342857 0.0439453 0.0685714 0.807129
1 0.472656 0.814286 0.0742188 0.0590476 0.80957
0 0.98291 0.111429 0.0341797 0.0514286 0.814941
0 0.81543 0.748571 0.0332031 0.0342857 0.818848
0 0.595703 0.787619 0.0390625 0.0361905 0.819824
0 0.65625 0.786667 0.0410156 0.0380952 0.841797
0 0.0439453 0.17619 0.0410156 0.047619 0.841797
0 0.0976562 0.145714 0.0429688 0.0628571 0.845703
0 0.938477 0.177143 0.0371094 0.0495238 0.84668
0 0.34082 0.735238 0.0351562 0.0380952 0.847168
0 0.40625 0.728571 0.0351562 0.0361905 0.849609
0 0.461426 0.74 0.0341797 0.032381 0.850586
0 0.0332031 0.121905 0.0390625 0.0495238 0.854492
0 0.287598 0.845714 0.0322266 0.0342857 0.85498
0 0.112305 0.0714286 0.0390625 0.0666667 0.867188
0 0.84375 0.810476 0.046875 0.0552381 0.869141
0 0.291504 0.794286 0.0361328 0.0342857 0.870605
0 0.771484 0.755238 0.0371094 0.0438095 0.872559
0 0.654785 0.739048 0.0400391 0.0419048 0.877441
0 0.286621 0.748571 0.0361328 0.0380952 0.879395
0 0.930664 0.0514286 0.0449219 0.0685714 0.885742
0 0.973145 0.871429 0.0361328 0.0666667 0.890625
0 0.898438 0.781905 0.0371094 0.0552381 0.896973
0 0.919434 0.92 0.0439453 0.072381 0.898926
0 0.884766 0.106667 0.046875 0.0761905 0.909668
0 0.884277 0.0504762 0.0419922 0.0704762 0.911621
