0 0.989746 0.162857 0.0205078 0.0361905 0.262451
0 0.904297 0.0219048 0.0390625 0.0438095 0.298828
0 0.77002 0.890476 0.0400391 0.0438095 0.371338
0 0.012207 0.181905 0.0244141 0.0590476 0.473877
0 0.727051 0.874286 0.0419922 0.0495238 0.493652
0 0.508789 0.952381 0.0449219 0.0838095 0.49585
0 0.258301 0.751429 0.0380859 0.0361905 0.519043
0 0.957031 0.974286 0.0351562 0.0514286 0.606934
0 0.228516 0.810476 0.0332031 0.0438095 0.634766
0 0.577637 0.785714 0.0380859 0.04 0.655273
0 0.48877 0.733333 0.0341797 0.0342857 0.663086
1 0.358887 0.819048 0.106445 0.0609524 0.708496
0 0.866211 0.0266667 0.0371094 0.0533333 0.739746
0 0.79541 0.742857 0.0341797 0.0380952 0.766113
1 0.462402 0.814286 0.0751953 0.0590476 0.768066
0 0.0522461 0.172381 0.0400391 0.0438095 0.771973
0 0.691895 0.733333 0.0400391 0.0419048 0.782227
0 0.986816 0.211429 0.0263672 0.0419048 0.806152
0 0.527344 0.861905 0.0546875 0.108571 0.814941
0 0.115723 0.127619 0.0419922 0.072381 0.815918
0 0.695312 0.796191 0.0449219 0.0495238 0.818848
0 0.98877 0.925714 0.0224609 0.0838095 0.819824
0 0.425781 0.741905 0.0332031 0.0361905 0.831055
0 0.318848 0.73619 0.0361328 0.0361905 0.841309
0 0.676758 0.860952 0.0429688 0.0380952 0.843262
0 0.276855 0.795238 0.0361328 0.0361905 0.845703
0 0.975586 0.952381 0.0390625 0.0761905 0.854492
0 0.787598 0.796191 0.0439453 0.0457143 0.86084
0 0.860352 0.755238 0.0371094 0.047619 0.861328
0 0.136719 0.0390476 0.0390625 0.0704762 0.869141
0 0.75 0.748571 0.0351562 0.0419048 0.875977
0 0.856934 0.0619048 0.0380859 0.0704762 0.880371
0 0.955566 0.0771429 0.0458984 0.0628571 0.882812
0 0.269043 0.845714 0.0322266 0.0380952 0.883301
0 0.925781 0.151429 0.046875 0.0628571 0.883789
0 0.869629 0.864762 0.0458984 0.0609524 0.885742
0 0.37207 0.730476 0.0371094 0.0361905 0.88623
0 0.633301 0.786667 0.0400391 0.0380952 0.887695
0 0.924316 0.801905 0.0361328 0.0571429 0.897461
0 0.034668 0.12381 0.0419922 0.0571429 0.897461
0 0.632324 0.739048 0.0400391 0.0380952 0.901367
0 0.905273 0.0790476 0.0410156 0.0628571 0.908691
