0 0.0625 0.0485714 0.0390625 0.0438095 0.26709
0 0.0439453 0.151429 0.0390625 0.04 0.285889
0 0.132812 0.101905 0.0410156 0.0666667 0.386475
0 0.501465 0.96 0.0400391 0.08 0.4104
0 0.0522461 0.169524 0.0419922 0.0457143 0.69043
0 0.210449 0.818095 0.0341797 0.0514286 0.700195
0 0.243164 0.75619 0.0371094 0.0419048 0.74707
0 0.306641 0.739048 0.0351562 0.0380952 0.768555
0 0.786133 0.742857 0.0332031 0.0380952 0.771973
0 0.680664 0.732381 0.0410156 0.0438095 0.77832
0 0.525391 0.866667 0.0566406 0.118095 0.786621
0 0.0395508 0.118095 0.0419922 0.0495238 0.790039
0 0.568359 0.785714 0.0390625 0.04 0.798828
0 0.46875 0.735238 0.0351562 0.0342857 0.801758
1 0.457031 0.815238 0.0761719 0.0571429 0.803711
0 0.411621 0.741905 0.0322266 0.0361905 0.805664
0 0.259277 0.795238 0.0380859 0.04 0.808594
0 0.680664 0.799048 0.0449219 0.0438095 0.816406
0 0.677734 0.860952 0.0429688 0.0380952 0.824707
0 0.912598 0.0285714 0.0439453 0.0571429 0.825195
0 0.62207 0.787619 0.0410156 0.0361905 0.82666
1 0.350098 0.818095 0.108398 0.0666667 0.827637
0 0.149414 0.0266667 0.0390625 0.0533333 0.830566
0 0.254883 0.847619 0.0351562 0.0419048 0.835449
0 0.76416 0.792381 0.0419922 0.0419048 0.841797
0 0.742188 0.747619 0.0371094 0.04 0.850098
0 0.850098 0.749524 0.0341797 0.04 0.86084
0 0.955566 0.916191 0.0380859 0.072381 0.865723
0 0.938477 0.948571 0.0390625 0.0685714 0.875
0 0.360352 0.730476 0.0371094 0.0361905 0.875
0 0.96582 0.0838095 0.0449219 0.0571429 0.883789
0 0.875977 0.0952381 0.0390625 0.0685714 0.888672
0 0.608398 0.74 0.0390625 0.04 0.892578
0 0.876953 0.04 0.0390625 0.0685714 0.893555
0 0.842285 0.846667 0.0439453 0.0552381 0.896973
0 0.979492 0.890476 0.0410156 0.0780952 0.90332
0 0.953125 0.168571 0.0449219 0.0514286 0.90332
0 0.905762 0.785714 0.0361328 0.0514286 0.918945
0 0.916504 0.092381 0.0419922 0.0590476 0.925781
