0 0.995117 0.238095 0.00976562 0.0533333 0.295898
0 0.157715 0.0238095 0.0400391 0.047619 0.349854
0 0.726562 0.87619 0.0429688 0.0457143 0.47998
1 0.373047 0.819048 0.105469 0.0609524 0.683594
1 0.476074 0.815238 0.0732422 0.0571429 0.726562
0 0.541504 0.902857 0.0439453 0.0761905 0.740234
0 0.677246 0.860952 0.0419922 0.0380952 0.773438
0 0.548828 0.729524 0.03125 0.0342857 0.79541
0 0.821289 0.749524 0.0332031 0.032381 0.799316
0 0.600098 0.785714 0.0400391 0.04 0.811035
0 0.928223 0.168571 0.0380859 0.0514286 0.831543
0 0.290039 0.844762 0.0332031 0.0361905 0.833496
0 0.664062 0.788571 0.0410156 0.0380952 0.834473
0 0.345215 0.733333 0.0361328 0.0342857 0.835938
0 0.540039 0.844762 0.0605469 0.108571 0.838379
0 0.71582 0.731429 0.0410156 0.0419048 0.841797
0 0.29248 0.746667 0.0380859 0.0380952 0.842773
0 0.294434 0.792381 0.0361328 0.0380952 0.844727
0 0.0332031 0.120952 0.0390625 0.047619 0.845215
0 0.419922 0.729524 0.0351562 0.0342857 0.850586
0 0.657715 0.737143 0.0400391 0.0419048 0.855957
0 0.931152 0.937143 0.0439453 0.0761905 0.856934
0 0.471191 0.74 0.0341797 0.032381 0.86377
0 0.0966797 0.146667 0.0449219 0.0647619 0.867188
0 0.908203 0.790476 0.0390625 0.0571429 0.875977
0 0.0400391 0.175238 0.0390625 0.0419048 0.876953
0 0.976562 0.10381 0.0371094 0.0552381 0.878418
0 0.10791 0.0771429 0.0400391 0.0666667 0.879883
0 0.773438 0.808571 0.0449219 0.047619 0.880859
0 0.777344 0.759048 0.0390625 0.047619 0.880859
0 0.983398 0.892381 0.0332031 0.0628571 0.881836
0 0.922852 0.0447619 0.0449219 0.0704762 0.892578
0 0.179199 0.0419048 0.0439453 0.0838095 0.89502
0 0.877441 0.0390476 0.0400391 0.0742857 0.896973
0 0.860352 0.820952 0.0449219 0.0609524 0.896973
0 0.875977 0.0980952 0.046875 0.0780952 0.905273
