0 0.0102539 0.149524 0.0205078 0.0514286 0.291992
0 0.0107422 0.182857 0.0214844 0.0533333 0.375244
0 0.51416 0.941905 0.0439453 0.0780952 0.382812
0 0.861816 0.02 0.0322266 0.04 0.44873
0 0.994629 0.122857 0.0107422 0.0438095 0.526367
0 0.111328 0.132381 0.0410156 0.0666667 0.528809
1 0.362793 0.81619 0.106445 0.0628571 0.55957
0 0.237305 0.807619 0.0332031 0.0419048 0.581055
0 0.696777 0.782857 0.0498047 0.0419048 0.612793
0 0.499023 0.732381 0.0332031 0.032381 0.683594
0 0.800293 0.744762 0.0361328 0.0419048 0.697754
0 0.696289 0.732381 0.0410156 0.04 0.714844
0 0.993652 0.934286 0.0126953 0.0628571 0.72168
1 0.464844 0.814286 0.0742188 0.0552381 0.732422
0 0.705078 0.801905 0.046875 0.0419048 0.758789
0 0.269043 0.750476 0.0361328 0.0380952 0.76709
0 0.977539 0.20381 0.0371094 0.0419048 0.788574
0 0.0517578 0.171429 0.0390625 0.0419048 0.799316
0 0.984863 0.969524 0.0302734 0.0609524 0.803223
0 0.582031 0.788571 0.0390625 0.0380952 0.810059
0 0.677246 0.860952 0.0419922 0.0380952 0.812988
0 0.434082 0.741905 0.0341797 0.0361905 0.834473
0 0.0341797 0.120952 0.0390625 0.047619 0.834473
0 0.529785 0.859048 0.0556641 0.110476 0.835938
0 0.883789 0.878095 0.0449219 0.0647619 0.845215
0 0.325195 0.735238 0.0351562 0.0380952 0.850098
0 0.638672 0.787619 0.0390625 0.0361905 0.854004
0 0.282715 0.792381 0.0361328 0.0380952 0.85498
0 0.800781 0.796191 0.0429688 0.0457143 0.860352
0 0.754395 0.750476 0.0380859 0.0419048 0.86084
0 0.129883 0.0485714 0.0390625 0.0704762 0.880371
0 0.275391 0.844762 0.0332031 0.0361905 0.881836
0 0.848145 0.0428571 0.0361328 0.0704762 0.881836
0 0.950195 0.0714286 0.0449219 0.0628571 0.884277
0 0.378418 0.729524 0.0361328 0.0342857 0.885254
0 0.641113 0.738095 0.0400391 0.04 0.888184
0 0.914062 0.14 0.046875 0.0628571 0.889648
0 0.936035 0.815238 0.0361328 0.0571429 0.89209
0 0.869629 0.760952 0.0361328 0.047619 0.897949
0 0.899902 0.072381 0.0419922 0.0647619 0.905762
