0 0.0117188 0.164762 0.0234375 0.047619 0.303711
0 0.769531 0.894286 0.0390625 0.047619 0.31665
0 0.726562 0.879048 0.0429688 0.0514286 0.316895
0 0.92041 0.815238 0.0341797 0.0533333 0.505371
0 0.990723 0.981905 0.0185547 0.0361905 0.512695
0 0.605957 0.850476 0.0517578 0.0666667 0.579102
0 0.078125 0.161905 0.0488281 0.0685714 0.599609
0 0.931152 0.913333 0.0361328 0.0552381 0.647461
0 0.264648 0.800952 0.0351562 0.0438095 0.666504
0 0.348145 0.744762 0.0380859 0.0380952 0.688965
0 0.903809 0.0219048 0.0361328 0.0438095 0.69043
0 0.95459 0.242857 0.0380859 0.047619 0.713379
0 0.015625 0.189524 0.0292969 0.0438095 0.751465
0 0.580566 0.814286 0.0615234 0.0857143 0.75293
1 0.395996 0.82 0.106445 0.0590476 0.76123
0 0.672363 0.796191 0.0400391 0.0419048 0.769043
1 0.501953 0.819048 0.0742188 0.0533333 0.770996
0 0.677246 0.864762 0.0419922 0.0380952 0.778809
0 0.79248 0.808571 0.0458984 0.0514286 0.813477
0 0.413086 0.735238 0.0371094 0.0342857 0.834961
0 0.53125 0.922857 0.0449219 0.0780952 0.845215
0 0.217285 0.86 0.0341797 0.0438095 0.852539
0 0.554199 0.738095 0.0322266 0.032381 0.854492
0 0.506348 0.731429 0.0361328 0.0342857 0.854492
0 0.818848 0.747619 0.0419922 0.0438095 0.857422
0 0.129883 0.119048 0.0507812 0.0895238 0.857422
0 0.309082 0.845714 0.0341797 0.0380952 0.86084
0 0.30957 0.794286 0.0371094 0.0380952 0.866211
0 0.729492 0.74 0.0390625 0.04 0.868164
0 0.876953 0.82 0.0390625 0.0552381 0.878418
0 0.894531 0.161905 0.0410156 0.0571429 0.878906
0 0.0336914 0.124762 0.0380859 0.0514286 0.887207
0 0.0844727 0.10381 0.0400391 0.0628571 0.898438
0 0.924316 0.108571 0.0419922 0.0609524 0.902832
0 0.129883 0.0542857 0.0410156 0.0704762 0.904785
0 0.855469 0.067619 0.0351562 0.0704762 0.921875
