0 0.493652 0.977143 0.0283203 0.0419048 0.315674
0 0.253906 0.8 0.0351562 0.0380952 0.323975
0 0.829102 0.750476 0.0332031 0.0342857 0.357666
0 0.604492 0.784762 0.0410156 0.0419048 0.463135
0 0.027832 0.158095 0.0419922 0.0419048 0.556152
1 0.477051 0.814286 0.0732422 0.0590476 0.626465
0 0.153809 0.0266667 0.0419922 0.0533333 0.64209
0 0.989746 0.914286 0.0205078 0.0761905 0.68457
1 0.376465 0.815238 0.106445 0.0647619 0.713867
0 0.548828 0.894286 0.0449219 0.0780952 0.731445
0 0.543457 0.840952 0.0615234 0.104762 0.743164
0 0.561035 0.727619 0.0322266 0.0304762 0.748535
0 0.0957031 0.145714 0.0429688 0.0666667 0.76709
0 0.989258 0.227619 0.0214844 0.04 0.768555
0 0.677246 0.86 0.0419922 0.04 0.782227
0 0.67334 0.787619 0.0419922 0.04 0.806152
0 0.870117 0.0304762 0.0390625 0.0609524 0.816895
0 0.29834 0.745714 0.0361328 0.0361905 0.818848
0 0.661621 0.737143 0.0419922 0.0419048 0.827148
0 0.349121 0.733333 0.0380859 0.0380952 0.828613
0 0.785645 0.808571 0.0576172 0.0590476 0.839355
0 0.0336914 0.12 0.0400391 0.0495238 0.844238
0 0.917969 0.158095 0.0351562 0.0533333 0.847168
0 0.970215 0.0952381 0.0380859 0.0533333 0.847656
0 0.296387 0.790476 0.0361328 0.0342857 0.85791
0 0.481934 0.739048 0.0322266 0.0304762 0.862305
0 0.914062 0.0342857 0.0449219 0.0685714 0.862793
0 0.0371094 0.178095 0.0410156 0.0438095 0.864258
0 0.433105 0.728571 0.0361328 0.0361905 0.865723
0 0.291504 0.844762 0.0341797 0.0361905 0.868652
0 0.941895 0.952381 0.0439453 0.0761905 0.869141
0 0.783691 0.76 0.0400391 0.0495238 0.872559
0 0.724609 0.731429 0.0410156 0.0419048 0.882324
0 0.103516 0.0809524 0.0390625 0.0666667 0.88623
0 0.92041 0.800952 0.0380859 0.0590476 0.90332
0 0.867188 0.0828571 0.0429688 0.0780952 0.90332
0 0.875 0.831429 0.046875 0.0628571 0.904785
0 0.172852 0.0514286 0.0449219 0.0876191 0.924805
