0 0.727051 0.878095 0.0419922 0.0495238 0.376953
0 0.912598 0.893333 0.0439453 0.0647619 0.388184
0 0.203613 0.864762 0.0380859 0.0533333 0.599609
0 0.677734 0.862857 0.0429688 0.0380952 0.604492
0 0.262207 0.8 0.0341797 0.0419048 0.612793
1 0.393066 0.819048 0.108398 0.0571429 0.638184
0 0.993164 0.926667 0.0136719 0.0666667 0.655762
0 0.96875 0.250476 0.0371094 0.0438095 0.661621
0 0.801758 0.740952 0.0410156 0.0419048 0.665039
0 0.078125 0.161905 0.046875 0.0685714 0.668457
0 0.57373 0.81619 0.0615234 0.0895238 0.70459
0 0.778809 0.802857 0.0400391 0.0438095 0.757812
0 0.0161133 0.186667 0.0302734 0.0380952 0.772949
1 0.498047 0.817143 0.0742188 0.0571429 0.77832
0 0.338867 0.74381 0.0390625 0.04 0.805664
0 0.597168 0.853333 0.0439453 0.0609524 0.807129
0 0.661621 0.795238 0.0419922 0.04 0.813477
0 0.983398 0.970476 0.0332031 0.0590476 0.816406
0 0.403809 0.735238 0.0341797 0.0342857 0.827148
0 0.910645 0.0285714 0.0361328 0.0571429 0.852539
0 0.0341797 0.124762 0.0390625 0.0514286 0.854492
0 0.306641 0.795238 0.0371094 0.0361905 0.856934
0 0.716797 0.74 0.0390625 0.04 0.864258
0 0.306641 0.844762 0.0332031 0.0361905 0.864258
0 0.132812 0.115238 0.0488281 0.0857143 0.864746
0 0.523926 0.929524 0.0458984 0.0838095 0.869141
0 0.54541 0.738095 0.0322266 0.032381 0.878418
0 0.498047 0.730476 0.0371094 0.0361905 0.878418
0 0.907715 0.172381 0.0419922 0.0590476 0.881836
0 0.935059 0.12 0.0419922 0.0571429 0.884277
0 0.861816 0.808571 0.0380859 0.0514286 0.898926
0 0.86084 0.08 0.0361328 0.0685714 0.902344
0 0.0844727 0.102857 0.0400391 0.0647619 0.910645
0 0.132324 0.0504762 0.0419922 0.0742857 0.911133
