1 0.981934 0.0247619 0.0361328 0.0495238 0.254395
0 0.0126953 0.162857 0.0253906 0.0361905 0.36084
0 0.677734 0.860952 0.0429688 0.0380952 0.498779
0 0.836914 0.0285714 0.0371094 0.0571429 0.569336
0 0.988281 0.260952 0.0234375 0.0419048 0.615723
0 0.320312 0.745714 0.0351562 0.0361905 0.652832
1 0.386719 0.818095 0.109375 0.0590476 0.680176
0 0.259277 0.800952 0.0341797 0.0438095 0.680176
1 0.491699 0.81619 0.0732422 0.0552381 0.689453
0 0.63623 0.792381 0.0439453 0.0380952 0.755371
0 0.562988 0.824762 0.0615234 0.0990476 0.802246
0 0.880371 0.78 0.0341797 0.047619 0.807617
0 0.388184 0.735238 0.0361328 0.0380952 0.814941
0 0.0805664 0.157143 0.0478516 0.0704762 0.815918
0 0.52832 0.738095 0.03125 0.032381 0.818848
0 0.74707 0.795238 0.0390625 0.0438095 0.820801
0 0.019043 0.184762 0.0361328 0.0419048 0.82666
0 0.301758 0.844762 0.0332031 0.04 0.838867
0 0.302734 0.794286 0.0351562 0.0342857 0.841797
0 0.51416 0.945714 0.0439453 0.0895238 0.842285
0 0.58252 0.86381 0.0458984 0.0666667 0.842285
0 0.482422 0.730476 0.0351562 0.0361905 0.843262
0 0.773438 0.735238 0.0390625 0.0380952 0.852539
0 0.880859 0.86 0.046875 0.0628571 0.855957
0 0.695312 0.74 0.0390625 0.04 0.867188
0 0.0336914 0.124762 0.0419922 0.0514286 0.876953
0 0.960938 0.13619 0.0410156 0.047619 0.876953
0 0.929199 0.0514286 0.0361328 0.0609524 0.87793
0 0.0878906 0.0980952 0.0410156 0.0628571 0.883301
0 0.833984 0.787619 0.0390625 0.0514286 0.884277
0 0.933105 0.195238 0.0419922 0.0514286 0.88916
0 0.142578 0.101905 0.046875 0.0857143 0.891602
0 0.875 0.102857 0.0371094 0.0685714 0.89209
0 0.978027 0.887619 0.0380859 0.0685714 0.892578
0 0.138184 0.04 0.0439453 0.0761905 0.897461
0 0.956055 0.926667 0.0449219 0.0780952 0.922363
