0 0.780762 0.814286 0.0478516 0.04 0.33252
0 0.995605 0.227619 0.00878906 0.0552381 0.367432
0 0.303711 0.850476 0.0351562 0.04 0.429688
1 0.703613 0.800952 0.0576172 0.0514286 0.493408
0 0.677734 0.874286 0.0410156 0.0380952 0.547852
0 0.984375 0.92381 0.03125 0.0838095 0.566406
1 0.466797 0.827619 0.109375 0.0590476 0.588379
0 0.704102 0.800952 0.0585938 0.0514286 0.63623
0 0.764648 0.74 0.03125 0.032381 0.726074
0 0.990723 0.160952 0.0185547 0.0438095 0.74707
1 0.59082 0.829524 0.0761719 0.0552381 0.769531
0 0.658691 0.742857 0.0322266 0.0342857 0.773438
0 0.790527 0.833333 0.0400391 0.04 0.786621
0 0.84668 0.849524 0.0410156 0.0533333 0.791504
0 0.4375 0.753333 0.0371094 0.0361905 0.79248
0 0.5625 0.904762 0.046875 0.0647619 0.799316
0 0.0224609 0.182857 0.0410156 0.0380952 0.813477
0 0.494141 0.741905 0.0351562 0.032381 0.830566
0 0.113281 0.146667 0.046875 0.072381 0.851562
0 0.366699 0.80381 0.0380859 0.0380952 0.853516
0 0.886719 0.0942857 0.0351562 0.0552381 0.86084
0 0.958496 0.254286 0.0400391 0.0438095 0.864258
0 0.903809 0.0314286 0.0439453 0.0628571 0.866699
0 0.952148 0.942857 0.0410156 0.0685714 0.868164
0 0.578125 0.74381 0.0351562 0.0361905 0.869629
0 0.953125 0.0904762 0.0449219 0.0590476 0.870117
0 0.0288086 0.13619 0.0400391 0.047619 0.870605
0 0.210938 0.847619 0.0429688 0.0609524 0.872559
0 0.367676 0.845714 0.0341797 0.0380952 0.876465
0 0.889648 0.197143 0.0371094 0.0552381 0.876953
0 0.926758 0.182857 0.0410156 0.0609524 0.882812
0 0.0830078 0.113333 0.0390625 0.0590476 0.894043
0 0.833496 0.10381 0.0341797 0.0704762 0.896973
0 0.126465 0.067619 0.0419922 0.0742857 0.913574
0 0.904785 0.813333 0.0419922 0.0647619 0.915527
