0 0.816895 0.906667 0.0400391 0.0457143 0.259521
0 0.924805 0.0933333 0.0214844 0.0380952 0.26416
0 0.77002 0.904762 0.0400391 0.0495238 0.287598
0 0.996094 0.173333 0.0078125 0.0685714 0.311768
1 0.45752 0.826667 0.110352 0.0609524 0.337891
0 0.727539 0.889524 0.0410156 0.0457143 0.417969
0 0.304688 0.806667 0.0351562 0.04 0.428955
0 0.858887 0.0247619 0.0361328 0.0495238 0.471924
1 0.686523 0.800952 0.0605469 0.0514286 0.537109
0 0.687012 0.8 0.0615234 0.0495238 0.572266
0 0.296387 0.852381 0.0341797 0.0361905 0.65625
0 0.677734 0.874286 0.0390625 0.0380952 0.674805
0 0.975098 0.898095 0.0419922 0.0780952 0.68457
0 0.486328 0.741905 0.0351562 0.032381 0.692383
0 0.749512 0.74 0.0322266 0.0361905 0.716309
0 0.828125 0.839048 0.0429688 0.0514286 0.782227
0 0.899902 0.207619 0.0380859 0.0533333 0.80127
0 0.431641 0.752381 0.0371094 0.0342857 0.810547
0 0.644043 0.742857 0.0322266 0.0342857 0.820801
0 0.560547 0.905714 0.046875 0.0666667 0.826172
0 0.0322266 0.182857 0.0390625 0.0419048 0.828613
0 0.358398 0.805714 0.0410156 0.0380952 0.830566
0 0.571777 0.74381 0.0361328 0.0361905 0.850098
0 0.361328 0.845714 0.0332031 0.0342857 0.851562
0 0.114258 0.146667 0.0449219 0.072381 0.852539
1 0.578125 0.828571 0.0742188 0.0571429 0.853516
0 0.772949 0.833333 0.0419922 0.0438095 0.859863
0 0.899902 0.107619 0.0341797 0.0514286 0.86084
0 0.971191 0.260952 0.0400391 0.0419048 0.867188
0 0.965332 0.0980952 0.0439453 0.0552381 0.876953
0 0.0322266 0.135238 0.0390625 0.0457143 0.877441
0 0.912598 0.04 0.0458984 0.072381 0.87793
0 0.843262 0.122857 0.0361328 0.0666667 0.882812
0 0.939941 0.922857 0.0439453 0.0704762 0.892578
0 0.0825195 0.114286 0.0400391 0.0609524 0.903809
0 0.889648 0.8 0.0449219 0.0609524 0.906738
0 0.126465 0.067619 0.0419922 0.0742857 0.908203
0 0.941406 0.194286 0.0410156 0.0533333 0.908691
