0 0.0102539 0.171429 0.0205078 0.0457143 0.290527
0 0.27002 0.801905 0.0361328 0.0419048 0.362793
1 0.594727 0.808571 0.0625 0.0780952 0.466309
1 0.405273 0.820952 0.107422 0.0571429 0.577148
0 0.0131836 0.191429 0.0244141 0.04 0.638184
0 0.991211 0.266667 0.0175781 0.0457143 0.641113
0 0.236328 0.856191 0.0351562 0.0438095 0.64209
0 0.992188 0.111429 0.015625 0.0438095 0.694824
0 0.0737305 0.166667 0.0439453 0.0628571 0.718262
0 0.696289 0.799048 0.0410156 0.0438095 0.721191
0 0.640137 0.835238 0.0439453 0.047619 0.721191
0 0.594727 0.809524 0.0625 0.08 0.725098
1 0.509766 0.820952 0.078125 0.0571429 0.758301
0 0.677734 0.867619 0.0410156 0.0361905 0.77832
0 0.366699 0.746667 0.0380859 0.0342857 0.800293
0 0.428223 0.737143 0.0341797 0.0342857 0.814941
0 0.314453 0.845714 0.0332031 0.0380952 0.826172
0 0.824707 0.818095 0.0419922 0.0552381 0.838379
0 0.54248 0.913333 0.0458984 0.0742857 0.839355
0 0.570312 0.740952 0.03125 0.0342857 0.85498
0 0.314453 0.797143 0.0371094 0.0361905 0.86084
0 0.759766 0.74381 0.0390625 0.04 0.863281
0 0.956543 0.952381 0.0439453 0.0685714 0.86377
0 0.0336914 0.128571 0.0400391 0.0552381 0.869629
0 0.924805 0.226667 0.0371094 0.0495238 0.878418
0 0.123535 0.129524 0.0478516 0.08 0.881348
0 0.870117 0.135238 0.0410156 0.0647619 0.882812
0 0.522461 0.733333 0.0371094 0.0342857 0.884277
0 0.850098 0.761905 0.0439453 0.0533333 0.888184
0 0.126953 0.0590476 0.0429688 0.072381 0.890137
0 0.904785 0.849524 0.0419922 0.0609524 0.89209
0 0.0830078 0.105714 0.0390625 0.0628571 0.898438
0 0.905273 0.0885714 0.0410156 0.0704762 0.90332
0 0.844238 0.0447619 0.0341797 0.0704762 0.917969
