0 0.677734 0.872381 0.0390625 0.0380952 0.282715
1 0.646484 0.80381 0.0585938 0.0533333 0.312988
0 0.646484 0.801905 0.0605469 0.0571429 0.316162
0 0.721191 0.835238 0.0419922 0.0438095 0.351807
0 0.702637 0.739048 0.0322266 0.0304762 0.410889
0 0.275391 0.856191 0.0351562 0.04 0.557617
0 0.993164 0.272381 0.0136719 0.0380952 0.561035
0 0.991211 0.115238 0.0175781 0.047619 0.572754
0 0.0532227 0.178095 0.0439453 0.04 0.607422
0 0.901367 0.879048 0.0410156 0.0552381 0.659668
0 0.287598 0.806667 0.0361328 0.04 0.730469
0 0.169434 0.879048 0.0458984 0.0742857 0.749512
0 0.557617 0.908571 0.046875 0.0647619 0.768066
0 0.408691 0.751429 0.0380859 0.032381 0.779297
1 0.431641 0.826667 0.109375 0.0609524 0.799316
0 0.0341797 0.134286 0.0410156 0.047619 0.800293
0 0.608887 0.744762 0.0341797 0.0342857 0.816406
0 0.338867 0.8 0.0371094 0.0380952 0.817871
0 0.464844 0.741905 0.0351562 0.032381 0.821777
0 0.341797 0.847619 0.0351562 0.0380952 0.833496
0 0.946777 0.142857 0.0341797 0.0419048 0.837402
0 0.554688 0.742857 0.0351562 0.0342857 0.848633
0 0.118164 0.141905 0.046875 0.0742857 0.856934
1 0.54541 0.828571 0.0771484 0.0571429 0.865234
0 0.93457 0.235238 0.0371094 0.047619 0.871094
0 0.983398 0.218095 0.0332031 0.0438095 0.873535
0 0.867676 0.171429 0.0361328 0.0571429 0.883789
0 0.823242 0.0638095 0.0371094 0.0742857 0.885742
0 0.844238 0.770476 0.0419922 0.0514286 0.889648
0 0.0830078 0.113333 0.0390625 0.0590476 0.892578
0 0.928223 0.831429 0.0439453 0.0704762 0.897949
0 0.875 0.0466667 0.0410156 0.0742857 0.899414
0 0.972656 0.952381 0.0410156 0.0685714 0.901367
0 0.126465 0.0666667 0.0419922 0.072381 0.909668
0 0.944336 0.0771429 0.0449219 0.0666667 0.913086
