0 0.839844 0.812381 0.0585938 0.0590476 0.277344
1 0.59375 0.880952 0.0605469 0.0552381 0.29126
1 0.839844 0.813333 0.0585938 0.0571429 0.326416
0 0.889648 0.781905 0.0371094 0.0514286 0.567383
0 0.59375 0.882857 0.046875 0.0552381 0.610352
0 0.676758 0.873333 0.0410156 0.04 0.623535
0 0.14209 0.12 0.0400391 0.0647619 0.624023
0 0.130859 0.0990476 0.0390625 0.0647619 0.627441
0 0.804688 0.748571 0.0351562 0.0380952 0.680176
0 0.95166 0.258095 0.0380859 0.047619 0.700195
0 0.592285 0.742857 0.0341797 0.0304762 0.736816
0 0.988281 0.212381 0.0234375 0.04 0.776367
1 0.586426 0.826667 0.108398 0.0609524 0.81543
0 0.499512 0.752381 0.0380859 0.0342857 0.822754
0 0.393555 0.799048 0.0351562 0.0361905 0.824707
0 0.379395 0.849524 0.0341797 0.0380952 0.827148
0 0.114746 0.0819048 0.0439453 0.072381 0.827148
0 0.481934 0.801905 0.0380859 0.0342857 0.830566
0 0.310547 0.817143 0.0429688 0.0419048 0.833008
0 0.059082 0.190476 0.0458984 0.0609524 0.833984
0 0.696777 0.741905 0.0361328 0.0361905 0.858887
0 0.981445 0.153333 0.0371094 0.0438095 0.862793
0 0.945312 0.0752381 0.0371094 0.0590476 0.874512
0 0.0390625 0.138095 0.0390625 0.0514286 0.882324
0 0.432617 0.837143 0.0351562 0.0361905 0.884766
0 0.51416 0.940952 0.0361328 0.072381 0.885254
0 0.896484 0.0733333 0.0625 0.104762 0.896484
0 0.943848 0.911429 0.0439453 0.0742857 0.897949
0 0.857422 0.149524 0.0390625 0.0704762 0.897949
0 0.82959 0.0361905 0.0380859 0.072381 0.90332
0 0.898438 0.149524 0.0449219 0.0780952 0.919922
