0 0.678223 0.875238 0.0439453 0.0361905 0.280029
1 0.783691 0.802857 0.0576172 0.0514286 0.431641
0 0.496094 0.971429 0.0273438 0.0571429 0.465088
0 0.78418 0.801905 0.0585938 0.0495238 0.539062
0 0.841309 0.75619 0.0380859 0.0495238 0.574707
0 0.924316 0.92 0.0478516 0.08 0.647461
0 0.990723 0.111429 0.0185547 0.04 0.693848
1 0.668457 0.825714 0.0791016 0.0552381 0.705566
0 0.422852 0.799048 0.0410156 0.04 0.733398
0 0.470703 0.752381 0.0390625 0.0342857 0.735352
0 0.743164 0.740952 0.0351562 0.0342857 0.75
0 0.987305 0.27619 0.0253906 0.0419048 0.751465
0 0.835938 0.0247619 0.0351562 0.0495238 0.763184
0 0.34668 0.851429 0.0351562 0.0380952 0.768555
0 0.577637 0.892381 0.0458984 0.0628571 0.770996
0 0.354004 0.801905 0.0380859 0.0342857 0.808105
1 0.52832 0.827619 0.111328 0.0628571 0.816406
0 0.54248 0.741905 0.0341797 0.032381 0.826172
0 0.878906 0.849524 0.0429688 0.0533333 0.839355
0 0.398926 0.841905 0.0341797 0.0342857 0.853516
0 0.901855 0.0342857 0.0419922 0.0685714 0.858887
0 0.944824 0.129524 0.0654297 0.08 0.859375
0 0.902344 0.211429 0.0429688 0.0571429 0.871094
0 0.628906 0.741905 0.0351562 0.0361905 0.875488
0 0.262695 0.822857 0.0429688 0.0457143 0.882324
0 0.834473 0.111429 0.0361328 0.0704762 0.887695
0 0.0751953 0.119048 0.0390625 0.0590476 0.89209
0 0.0942383 0.161905 0.0458984 0.0685714 0.895996
0 0.124512 0.0685714 0.0419922 0.072381 0.900391
0 0.977051 0.910476 0.0419922 0.0761905 0.902832
0 0.947754 0.2 0.0458984 0.0571429 0.912109
0 0.864258 0.100952 0.0390625 0.072381 0.92041
