0 0.00927734 0.14 0.0185547 0.0438095 0.300293
0 0.162109 0.0580952 0.0292969 0.0628571 0.337891
0 0.677734 0.875238 0.0390625 0.0361905 0.387695
0 0.334961 0.800952 0.0351562 0.0361905 0.427246
0 0.572266 0.89619 0.046875 0.0666667 0.468018
0 0.0683594 0.0904762 0.0371094 0.047619 0.486084
0 0.968262 0.149524 0.0576172 0.0666667 0.584473
0 0.812988 0.745714 0.0322266 0.032381 0.594238
0 0.753418 0.798095 0.0576172 0.0495238 0.623535
1 0.637207 0.828571 0.0771484 0.0571429 0.63623
0 0.327637 0.850476 0.0341797 0.0361905 0.668457
0 0.702637 0.741905 0.0478516 0.0438095 0.682129
0 0.807129 0.027619 0.0302734 0.0552381 0.687012
0 0.241211 0.829524 0.0410156 0.047619 0.711914
0 0.84375 0.834286 0.0429688 0.0457143 0.738281
1 0.501465 0.826667 0.110352 0.0609524 0.78125
0 0.458008 0.755238 0.0371094 0.032381 0.785645
0 0.522949 0.740952 0.0361328 0.0304762 0.79248
0 0.895996 0.890476 0.0400391 0.0628571 0.79834
0 0.39502 0.804762 0.0380859 0.0361905 0.819336
0 0.387695 0.84381 0.0332031 0.0342857 0.854492
0 0.92334 0.231429 0.0419922 0.0514286 0.856445
0 0.103516 0.155238 0.0449219 0.0742857 0.858398
0 0.603027 0.742857 0.0361328 0.0380952 0.86084
0 0.974121 0.217143 0.0458984 0.0495238 0.861328
0 0.92041 0.0571429 0.0439453 0.072381 0.868164
0 0.859375 0.157143 0.0351562 0.0628571 0.884277
0 0.081543 0.115238 0.0400391 0.0590476 0.884766
0 0.852051 0.0485714 0.0341797 0.0628571 0.893066
0 0.126465 0.0685714 0.0419922 0.072381 0.894531
0 0.885742 0.134286 0.0371094 0.0666667 0.903809
0 0.94873 0.864762 0.0419922 0.072381 0.90918
