1 0.705078 0.845714 0.0898438 0.0990476 0.308838
0 0.888184 0.0209524 0.0322266 0.0419048 0.363525
0 0.995117 0.16381 0.00976562 0.0419048 0.419189
0 0.868652 0.769524 0.0380859 0.0457143 0.460693
0 0.0532227 0.104762 0.0419922 0.0495238 0.474365
0 0.993164 0.962857 0.0136719 0.0742857 0.52832
0 0.13916 0.0904762 0.0341797 0.0628571 0.603516
0 0.814941 0.80381 0.0576172 0.0495238 0.641602
0 0.677246 0.873333 0.0419922 0.0361905 0.644531
0 0.771484 0.742857 0.0429688 0.0380952 0.661621
0 0.953125 0.964762 0.0410156 0.0704762 0.688965
0 0.973633 0.268571 0.0371094 0.0419048 0.726074
0 0.566406 0.741905 0.0351562 0.032381 0.796387
0 0.584473 0.887619 0.0458984 0.0609524 0.802246
0 0.48291 0.751429 0.0380859 0.0361905 0.804688
0 0.373047 0.799048 0.0371094 0.0361905 0.825684
0 0.361328 0.849524 0.0390625 0.0380952 0.839355
1 0.555176 0.827619 0.108398 0.0628571 0.847656
0 0.45166 0.802857 0.0380859 0.0361905 0.850586
0 0.919434 0.105714 0.0654297 0.0933333 0.862793
0 0.414551 0.839048 0.0341797 0.0361905 0.864746
0 0.504395 0.96 0.0361328 0.08 0.870117
0 0.660645 0.740952 0.0380859 0.0380952 0.873535
0 0.0620117 0.127619 0.0380859 0.0533333 0.874023
0 0.0795898 0.174286 0.0439453 0.0628571 0.884277
0 0.970215 0.0961905 0.0380859 0.0514286 0.884277
0 0.911621 0.875238 0.0458984 0.0628571 0.888184
0 0.287109 0.82 0.0410156 0.0438095 0.89502
0 0.921875 0.178095 0.0449219 0.0666667 0.89502
0 0.12207 0.072381 0.0410156 0.072381 0.895508
0 0.811035 0.0514286 0.0322266 0.072381 0.897461
0 0.880371 0.185714 0.0400391 0.0628571 0.898926
0 0.845703 0.067619 0.0390625 0.0742857 0.907715
