1 0.75 0.838095 0.0800781 0.0761905 0.318359
0 0.851074 0.820952 0.0576172 0.0571429 0.455322
0 0.128418 0.106667 0.0419922 0.072381 0.45874
0 0.598633 0.88381 0.046875 0.0533333 0.551758
0 0.138184 0.122857 0.0419922 0.0742857 0.557617
0 0.676758 0.873333 0.0410156 0.04 0.588379
0 0.816895 0.754286 0.0361328 0.0380952 0.590332
0 0.899902 0.788571 0.0380859 0.0571429 0.652344
0 0.822266 0.0285714 0.0390625 0.0571429 0.657715
1 0.602539 0.829524 0.107422 0.0666667 0.687012
0 0.508301 0.752381 0.0380859 0.0342857 0.748535
0 0.322266 0.814286 0.0410156 0.04 0.755371
0 0.606445 0.740952 0.0351562 0.0342857 0.80127
0 0.981934 0.209524 0.0361328 0.0457143 0.819824
0 0.388184 0.848571 0.0341797 0.0361905 0.82373
0 0.40332 0.799048 0.0332031 0.032381 0.82666
0 0.939941 0.253333 0.0380859 0.0495238 0.839844
0 0.0527344 0.192381 0.0546875 0.0609524 0.843262
0 0.967773 0.144762 0.0410156 0.0495238 0.857422
0 0.88623 0.0561905 0.0595703 0.108571 0.862305
0 0.498047 0.800952 0.0390625 0.0361905 0.862793
0 0.71582 0.741905 0.0371094 0.04 0.866211
0 0.108398 0.0885714 0.0429688 0.0704762 0.868652
0 0.888184 0.134286 0.0458984 0.0819048 0.881836
0 0.933594 0.0638095 0.0371094 0.0590476 0.882324
0 0.443848 0.837143 0.0341797 0.0361905 0.885742
0 0.0263672 0.142857 0.0390625 0.0495238 0.88623
0 0.959473 0.932381 0.0439453 0.0742857 0.908203
0 0.84668 0.130476 0.0390625 0.0742857 0.908203
0 0.518555 0.932381 0.0371094 0.0742857 0.914551
