1 0.71875 0.827619 0.078125 0.0552381 0.443848
0 0.0424805 0.109524 0.0380859 0.0514286 0.456543
0 0.146484 0.114286 0.0390625 0.0685714 0.488037
0 0.136719 0.0933333 0.0390625 0.0647619 0.520996
0 0.994629 0.217143 0.0107422 0.0419048 0.550781
0 0.827637 0.807619 0.0576172 0.0533333 0.573242
0 0.800781 0.027619 0.0332031 0.0552381 0.605469
0 0.490723 0.751429 0.0380859 0.032381 0.631348
0 0.677246 0.874286 0.0419922 0.0380952 0.646484
0 0.589355 0.886667 0.0478516 0.0590476 0.663086
0 0.790039 0.745714 0.0332031 0.0361905 0.695801
0 0.880371 0.778095 0.0361328 0.0514286 0.703613
0 0.963379 0.970476 0.0439453 0.0590476 0.716797
0 0.580566 0.741905 0.0361328 0.0361905 0.730469
0 0.988281 0.158095 0.0234375 0.0380952 0.771484
0 0.961426 0.264762 0.0361328 0.0419048 0.786133
1 0.571777 0.827619 0.104492 0.0666667 0.806641
0 0.0541992 0.134286 0.0439453 0.0552381 0.82666
0 0.383789 0.800952 0.0351562 0.0361905 0.842285
0 0.466797 0.801905 0.0390625 0.0342857 0.849609
0 0.118164 0.0771429 0.0410156 0.0704762 0.851562
0 0.298828 0.818095 0.0390625 0.04 0.856934
0 0.371582 0.848571 0.0361328 0.0361905 0.860352
0 0.678223 0.742857 0.0361328 0.0380952 0.870117
0 0.958008 0.0876191 0.0371094 0.0533333 0.875
0 0.0708008 0.180952 0.0439453 0.0609524 0.87793
0 0.42334 0.839048 0.0341797 0.0361905 0.878418
0 0.927734 0.890476 0.046875 0.0704762 0.894531
0 0.868652 0.169524 0.0400391 0.0647619 0.894531
0 0.907227 0.0895238 0.0625 0.0952381 0.89502
0 0.837891 0.052381 0.0390625 0.0742857 0.901367
0 0.910156 0.164762 0.0449219 0.0666667 0.904785
0 0.508789 0.950476 0.0371094 0.0761905 0.906738
