0 0.612305 0.880952 0.0449219 0.0438095 0.427002
0 0.677246 0.875238 0.0400391 0.0361905 0.440674
0 0.912598 0.796191 0.0400391 0.0609524 0.442627
0 0.865234 0.0314286 0.046875 0.0628571 0.446045
1 0.789062 0.841905 0.0820312 0.0761905 0.522949
1 0.645508 0.839048 0.111328 0.0780952 0.581055
0 0.851562 0.764762 0.0351562 0.04 0.702637
0 0.984375 0.109524 0.03125 0.0514286 0.732422
0 0.986816 0.264762 0.0263672 0.0457143 0.743164
0 0.438477 0.797143 0.0332031 0.032381 0.761719
0 0.900391 0.217143 0.0390625 0.0571429 0.783691
0 0.0908203 0.104762 0.0410156 0.0609524 0.805176
0 0.536133 0.752381 0.0371094 0.0342857 0.807129
0 0.902832 0.027619 0.0361328 0.0552381 0.814941
0 0.875 0.834286 0.0585938 0.0761905 0.826172
0 0.417969 0.848571 0.0351562 0.04 0.834961
0 0.540039 0.801905 0.0371094 0.0342857 0.835938
0 0.354004 0.812381 0.0400391 0.04 0.849609
0 0.771973 0.74381 0.0361328 0.04 0.86084
0 0.942383 0.181905 0.0410156 0.0552381 0.87793
0 0.479004 0.832381 0.0341797 0.0380952 0.878906
0 0.928711 0.113333 0.0410156 0.0590476 0.891602
0 0.821777 0.0666667 0.0361328 0.08 0.895508
0 0.532227 0.915238 0.0390625 0.0666667 0.904785
0 0.859863 0.08 0.0439453 0.0876191 0.917969
