0 0.132812 0.128571 0.0410156 0.0704762 0.303711
0 0.994629 0.273333 0.0107422 0.0438095 0.315674
0 0.0649414 0.16 0.0419922 0.0495238 0.325928
0 0.628418 0.878095 0.0439453 0.0380952 0.59082
0 0.513184 0.796191 0.0361328 0.0342857 0.597168
0 0.595215 0.754286 0.0380859 0.0304762 0.614746
0 0.916992 0.802857 0.0390625 0.0590476 0.648926
0 0.710938 0.741905 0.0351562 0.0361905 0.663086
0 0.418945 0.809524 0.0410156 0.0380952 0.678223
0 0.489746 0.838095 0.0341797 0.0380952 0.749512
0 0.98291 0.1 0.0341797 0.0552381 0.790527
0 0.614258 0.799048 0.0371094 0.032381 0.8125
0 0.972656 0.212381 0.0410156 0.0438095 0.848145
0 0.876465 0.778095 0.0361328 0.0514286 0.850098
0 0.884277 0.840952 0.0595703 0.0780952 0.86377
0 0.544434 0.824762 0.0322266 0.0342857 0.865723
0 0.0332031 0.133333 0.0410156 0.0457143 0.868652
0 0.832031 0.759048 0.0351562 0.0438095 0.875
0 0.82959 0.0980952 0.0361328 0.0704762 0.875488
0 0.90332 0.197143 0.0390625 0.0590476 0.879395
0 0.876953 0.0352381 0.0390625 0.0704762 0.885742
0 0.872559 0.0933333 0.0400391 0.072381 0.89209
0 0.953125 0.142857 0.0429688 0.0495238 0.898438
0 0.547363 0.898095 0.0400391 0.0628571 0.899414
0 0.928711 0.0580952 0.0449219 0.0704762 0.901367
0 0.184082 0.0371429 0.0419922 0.0742857 0.913086
