0 0.156738 0.0285714 0.0361328 0.0571429 0.260986
0 0.17627 0.0657143 0.0361328 0.0666667 0.287598
0 0.606445 0.880952 0.0449219 0.0438095 0.316895
0 0.633301 0.742857 0.0341797 0.0342857 0.332275
0 0.677246 0.875238 0.0419922 0.0361905 0.403564
0 0.983887 0.968571 0.0322266 0.0628571 0.418701
1 0.868652 0.829524 0.0595703 0.0704762 0.492188
0 0.00732422 0.148571 0.0146484 0.0457143 0.54248
0 0.993164 0.267619 0.0136719 0.0438095 0.582031
0 0.990723 0.11619 0.0185547 0.0495238 0.629395
0 0.868652 0.829524 0.0615234 0.0704762 0.641602
1 0.634766 0.838095 0.111328 0.0838095 0.64209
0 0.873535 0.04 0.0498047 0.08 0.647949
0 0.840332 0.762857 0.0361328 0.0438095 0.713867
0 0.526855 0.752381 0.0361328 0.0304762 0.763672
0 0.407227 0.848571 0.0351562 0.0361905 0.787109
0 0.425293 0.795238 0.0361328 0.0361905 0.79248
0 0.914062 0.231429 0.0390625 0.0552381 0.808594
0 0.525879 0.800952 0.0380859 0.032381 0.825195
0 0.344238 0.813333 0.0400391 0.0380952 0.833008
0 0.911621 0.0371429 0.0361328 0.0666667 0.853516
0 0.753906 0.742857 0.0351562 0.0380952 0.868164
0 0.0244141 0.199048 0.0449219 0.0514286 0.874023
0 0.0966797 0.1 0.0429688 0.0666667 0.888184
0 0.955566 0.192381 0.0400391 0.0495238 0.890625
0 0.94043 0.125714 0.0410156 0.0571429 0.890625
0 0.466797 0.833333 0.0332031 0.0361905 0.891113
0 0.828125 0.0857143 0.0371094 0.08 0.904785
0 0.527832 0.92 0.0400391 0.072381 0.906738
0 0.868652 0.0990476 0.0419922 0.0838095 0.916016
