0 0.995117 0.224762 0.00976562 0.0457143 0.438477
1 0.669434 0.821905 0.104492 0.0590476 0.478271
0 0.0766602 0.114286 0.0419922 0.0533333 0.627441
0 0.555176 0.753333 0.0361328 0.032381 0.666016
0 0.669922 0.742857 0.0351562 0.0380952 0.666504
0 0.991211 0.164762 0.0175781 0.04 0.678711
0 0.915527 0.800952 0.0380859 0.0590476 0.688965
0 0.874023 0.18381 0.0371094 0.0628571 0.775391
0 0.440918 0.845714 0.0341797 0.0380952 0.8125
0 0.565918 0.800952 0.0380859 0.0361905 0.815918
0 0.464355 0.796191 0.0341797 0.0342857 0.821777
0 0.867188 0.773333 0.0351562 0.0457143 0.847168
0 0.808594 0.0333333 0.0351562 0.0666667 0.859375
0 0.963867 0.250476 0.0390625 0.0438095 0.862793
0 0.800781 0.748571 0.0371094 0.0419048 0.865234
0 0.375 0.811429 0.0410156 0.0380952 0.865723
0 0.503418 0.829524 0.0341797 0.0361905 0.873535
0 0.844727 0.0409524 0.0390625 0.0819048 0.875977
0 0.882812 0.84 0.0625 0.08 0.881348
0 0.908691 0.0876191 0.0400391 0.0647619 0.881836
0 0.915527 0.157143 0.0400391 0.0590476 0.883789
0 0.966309 0.0942857 0.0458984 0.0590476 0.890625
0 0.538086 0.908571 0.0390625 0.0647619 0.90332
