0 0.0585938 0.18381 0.0429688 0.04 0.252197
0 0.676758 0.874286 0.0410156 0.0380952 0.283447
0 0.0537109 0.165714 0.0449219 0.0380952 0.300781
0 0.916504 0.802857 0.0380859 0.0590476 0.478027
0 0.871094 0.0285714 0.0371094 0.0571429 0.603516
0 0.62793 0.878095 0.0449219 0.0380952 0.605957
0 0.520508 0.796191 0.0351562 0.0342857 0.628906
0 0.820312 0.0761905 0.0351562 0.0761905 0.648926
0 0.984863 0.270476 0.0283203 0.0419048 0.660645
0 0.499023 0.838095 0.0351562 0.0380952 0.670898
0 0.431152 0.808571 0.0400391 0.04 0.688477
0 0.602051 0.751429 0.0361328 0.0361905 0.713379
0 0.72168 0.741905 0.0371094 0.04 0.80127
0 0.624023 0.799048 0.0371094 0.0361905 0.805176
0 0.962891 0.207619 0.0390625 0.0419048 0.820801
0 0.876465 0.78 0.0361328 0.0514286 0.829102
0 0.0205078 0.137143 0.0390625 0.0457143 0.872559
0 0.555176 0.822857 0.0322266 0.0342857 0.874512
0 0.884277 0.840952 0.0615234 0.0780952 0.875
0 0.833496 0.76 0.0380859 0.0457143 0.875977
0 0.550293 0.89619 0.0400391 0.0628571 0.882812
0 0.889648 0.179048 0.0390625 0.0647619 0.883789
0 0.862305 0.0742857 0.0390625 0.0761905 0.883789
0 0.941406 0.134286 0.0429688 0.0552381 0.885254
0 0.976562 0.0942857 0.0429688 0.0552381 0.887695
0 0.920898 0.0495238 0.046875 0.072381 0.918945
0 0.177734 0.0457143 0.0429688 0.0876191 0.929688
