0 0.626953 0.88 0.0429688 0.0380952 0.486572
0 0.916992 0.802857 0.0371094 0.0590476 0.493896
0 0.583984 0.751429 0.0351562 0.032381 0.597656
0 0.189453 0.0304762 0.0390625 0.0609524 0.64209
0 0.503418 0.797143 0.0361328 0.032381 0.659668
0 0.839844 0.121905 0.0351562 0.0685714 0.709961
0 0.989258 0.10381 0.0214844 0.047619 0.777832
0 0.604004 0.798095 0.0380859 0.0342857 0.783203
0 0.0458984 0.128571 0.0390625 0.047619 0.827637
0 0.980469 0.217143 0.0371094 0.0419048 0.831543
0 0.407715 0.811429 0.0400391 0.0380952 0.832031
0 0.478516 0.84 0.0351562 0.0419048 0.835449
0 0.875488 0.779048 0.0361328 0.0533333 0.848145
0 0.884277 0.840952 0.0595703 0.0780952 0.853516
0 0.966309 0.151429 0.0419922 0.047619 0.859375
0 0.53418 0.826667 0.0332031 0.0342857 0.87207
0 0.917969 0.212381 0.0390625 0.0590476 0.883301
0 0.54541 0.9 0.0400391 0.0628571 0.885254
0 0.829102 0.758095 0.0371094 0.0419048 0.891113
0 0.9375 0.0695238 0.046875 0.0704762 0.891113
0 0.881348 0.107619 0.0400391 0.0704762 0.891602
0 0.884766 0.0457143 0.0390625 0.072381 0.894531
