1 0.744629 0.834286 0.106445 0.0761905 0.295654
0 0.0224609 0.177143 0.0429688 0.0495238 0.323975
0 0.62207 0.748571 0.0390625 0.0342857 0.401123
0 0.0717773 0.0857143 0.0439453 0.0533333 0.432129
0 0.00585938 0.13619 0.0117188 0.0438095 0.483887
0 0.805176 0.0304762 0.0302734 0.0609524 0.491699
0 0.915527 0.801905 0.0380859 0.0571429 0.56543
0 0.539551 0.796191 0.0322266 0.0304762 0.583984
0 0.990723 0.16381 0.0185547 0.0380952 0.647461
0 0.628906 0.878095 0.0429688 0.0380952 0.721191
0 0.677734 0.874286 0.0410156 0.0380952 0.726074
0 0.640625 0.799048 0.0371094 0.0361905 0.763672
0 0.743164 0.74 0.0371094 0.04 0.79248
0 0.516602 0.835238 0.0351562 0.04 0.807129
0 0.876465 0.78 0.0341797 0.0514286 0.82666
0 0.884277 0.840952 0.0615234 0.0780952 0.839355
0 0.957031 0.25619 0.0449219 0.0514286 0.854492
0 0.846191 0.0361905 0.0380859 0.072381 0.856445
0 0.575195 0.82 0.03125 0.0361905 0.858398
0 0.453613 0.807619 0.0400391 0.0380952 0.878418
0 0.906738 0.0333333 0.0439453 0.0666667 0.885742
0 0.833496 0.76 0.0380859 0.0457143 0.885742
0 0.864746 0.14 0.0380859 0.0666667 0.88916
0 0.554199 0.891429 0.0400391 0.0609524 0.890625
0 0.956543 0.0790476 0.0439453 0.0590476 0.890625
0 0.945801 0.198095 0.0419922 0.0457143 0.892578
0 0.919434 0.112381 0.0419922 0.0609524 0.897461
0 0.165039 0.0704762 0.0449219 0.0876191 0.919922
