0 0.628906 0.878095 0.0429688 0.0380952 0.363525
0 0.900879 0.027619 0.0419922 0.0552381 0.450928
0 0.993652 0.21619 0.0126953 0.047619 0.465332
0 0.632324 0.749524 0.0419922 0.04 0.556152
0 0.649902 0.798095 0.0361328 0.0342857 0.567383
0 0.839844 0.0257143 0.0351562 0.0514286 0.632812
0 0.522461 0.834286 0.0371094 0.0380952 0.671387
0 0.916016 0.800952 0.0390625 0.0552381 0.69873
0 0.753906 0.740952 0.0371094 0.0419048 0.775879
0 0.464844 0.807619 0.0390625 0.0380952 0.825195
0 0.984375 0.161905 0.03125 0.0419048 0.830566
0 0.583008 0.819048 0.0332031 0.0380952 0.833008
0 0.876465 0.779048 0.0361328 0.0495238 0.835449
0 0.884277 0.840952 0.0595703 0.0780952 0.853516
0 0.938477 0.244762 0.0449219 0.0552381 0.859375
0 0.937988 0.192381 0.0419922 0.0495238 0.859375
0 0.852051 0.12 0.0361328 0.0685714 0.865723
0 0.556641 0.889524 0.0390625 0.0609524 0.882812
0 0.946777 0.072381 0.0458984 0.0609524 0.882812
0 0.833496 0.76 0.0380859 0.0457143 0.883301
0 0.15625 0.0866667 0.046875 0.0895238 0.893066
0 0.907715 0.1 0.0439453 0.0628571 0.906738
