0 0.916016 0.801905 0.0390625 0.0571429 0.258057
0 0.677246 0.874286 0.0419922 0.0380952 0.434082
0 0.677246 0.796191 0.0361328 0.0380952 0.56543
0 0.554199 0.831429 0.0341797 0.0361905 0.661133
0 0.574219 0.796191 0.0351562 0.0342857 0.697266
0 0.628418 0.877143 0.0439453 0.04 0.725098
0 0.884277 0.84 0.0615234 0.08 0.787598
0 0.782715 0.738095 0.0380859 0.04 0.800293
0 0.815918 0.0333333 0.0361328 0.0666667 0.818359
0 0.877441 0.779048 0.0361328 0.0495238 0.833496
0 0.981445 0.266667 0.0371094 0.0419048 0.839844
0 0.614258 0.814286 0.0332031 0.0361905 0.844238
0 0.976074 0.204762 0.0419922 0.04 0.845215
0 0.96875 0.0980952 0.0449219 0.0590476 0.861816
0 0.5 0.807619 0.0390625 0.0380952 0.870117
0 0.908691 0.0333333 0.0439453 0.0666667 0.870117
0 0.564941 0.882857 0.0400391 0.0590476 0.872559
0 0.936035 0.129524 0.0380859 0.0533333 0.873535
0 0.833008 0.759048 0.0371094 0.0438095 0.879883
0 0.871094 0.0419048 0.0410156 0.072381 0.879883
0 0.902344 0.153333 0.0390625 0.0628571 0.896484
0 0.169922 0.0590476 0.0351562 0.0685714 0.899414
0 0.865723 0.162857 0.0458984 0.0780952 0.90332
0 0.114746 0.139048 0.0458984 0.072381 0.905273
