0 0.99707 0.173333 0.00585938 0.0647619 0.273438
0 0.0385742 0.179048 0.0419922 0.0533333 0.358887
0 0.114746 0.145714 0.0400391 0.0590476 0.652832
0 0.916016 0.800952 0.0390625 0.0590476 0.688965
0 0.509277 0.838095 0.0341797 0.0380952 0.696777
0 0.53125 0.797143 0.0332031 0.032381 0.702148
0 0.613281 0.752381 0.0390625 0.0342857 0.705078
0 0.0126953 0.135238 0.0253906 0.0457143 0.711914
0 0.628418 0.878095 0.0439453 0.0380952 0.742188
0 0.677246 0.874286 0.0419922 0.0380952 0.747559
0 0.733398 0.740952 0.0371094 0.0419048 0.8125
0 0.811523 0.0504762 0.0332031 0.0704762 0.826172
0 0.884277 0.841905 0.0615234 0.0761905 0.832031
0 0.633789 0.799048 0.0371094 0.0361905 0.832031
0 0.877441 0.78 0.0361328 0.0514286 0.84082
0 0.442871 0.807619 0.0400391 0.0380952 0.847168
0 0.976074 0.265714 0.0439453 0.0438095 0.864746
0 0.56543 0.821905 0.0332031 0.0361905 0.866211
0 0.966309 0.0866667 0.0458984 0.0590476 0.870117
0 0.95459 0.202857 0.0400391 0.047619 0.876465
0 0.833496 0.76 0.0380859 0.0457143 0.878906
0 0.552246 0.895238 0.0400391 0.0609524 0.881836
0 0.876465 0.161905 0.0380859 0.0647619 0.885254
0 0.929688 0.12381 0.0429688 0.0571429 0.887695
0 0.914062 0.0390476 0.0429688 0.0742857 0.88916
0 0.170898 0.0580952 0.0429688 0.0857143 0.900391
0 0.853516 0.0542857 0.0390625 0.0780952 0.904297
