0 0.578613 0.833333 0.0341797 0.04 0.278564
0 0.915527 0.800952 0.0361328 0.0552381 0.373535
0 0.517578 0.806667 0.0390625 0.04 0.472412
0 0.677734 0.874286 0.0410156 0.0380952 0.501465
0 0.991211 0.213333 0.0175781 0.0457143 0.594238
0 0.59082 0.796191 0.0332031 0.0342857 0.595703
0 0.126953 0.0533333 0.0390625 0.08 0.702148
0 0.0986328 0.032381 0.0449219 0.0647619 0.746582
0 0.0566406 0.149524 0.0527344 0.0552381 0.755859
0 0.628906 0.877143 0.0429688 0.04 0.762695
0 0.877441 0.779048 0.0361328 0.0495238 0.785156
0 0.983887 0.148571 0.0322266 0.0457143 0.797363
0 0.789551 0.74 0.0361328 0.04 0.803711
0 0.884277 0.84 0.0595703 0.08 0.852539
0 0.833496 0.76 0.0380859 0.0457143 0.861328
0 0.570801 0.879048 0.0419922 0.0590476 0.868164
0 0.945312 0.186667 0.0429688 0.0533333 0.873047
0 0.13916 0.105714 0.0341797 0.0628571 0.879883
0 0.874023 0.109524 0.0410156 0.0742857 0.881836
0 0.633789 0.813333 0.0332031 0.0342857 0.887207
0 0.90625 0.0952381 0.0371094 0.0647619 0.892578
0 0.930664 0.237143 0.0449219 0.0590476 0.893066
0 0.0717773 0.175238 0.0478516 0.0647619 0.901367
0 0.936035 0.0685714 0.0458984 0.0685714 0.90625
0 0.828125 0.0828571 0.0429688 0.0895238 0.913574
