0 0.677246 0.874286 0.0419922 0.0380952 0.319092
0 0.00585938 0.201905 0.0117188 0.0571429 0.335938
0 0.102051 0.0304762 0.0439453 0.0609524 0.395508
0 0.895996 0.0209524 0.0341797 0.0419048 0.431641
0 0.916504 0.802857 0.0361328 0.0552381 0.581055
0 0.0742188 0.139048 0.0429688 0.0571429 0.627441
0 0.683594 0.796191 0.0351562 0.0380952 0.629883
0 0.569824 0.832381 0.0341797 0.0380952 0.662598
0 0.62793 0.879048 0.0449219 0.04 0.71582
0 0.859375 0.0247619 0.0351562 0.0495238 0.735352
0 0.789062 0.739048 0.0351562 0.0380952 0.771484
0 0.877441 0.779048 0.0341797 0.0495238 0.777344
0 0.584473 0.795238 0.0341797 0.032381 0.786133
0 0.98877 0.153333 0.0205078 0.0361905 0.786133
0 0.884277 0.840952 0.0595703 0.0780952 0.808105
0 0.140137 0.0352381 0.0380859 0.0704762 0.844238
0 0.511719 0.807619 0.0410156 0.0380952 0.851074
0 0.833496 0.76 0.0380859 0.0457143 0.854004
0 0.95459 0.193333 0.0400391 0.047619 0.860352
0 0.62793 0.813333 0.0332031 0.0342857 0.861816
0 0.569824 0.88 0.0439453 0.0609524 0.861816
0 0.915039 0.108571 0.0390625 0.0609524 0.885742
0 0.150879 0.0914286 0.0361328 0.0647619 0.891113
0 0.946289 0.08 0.0449219 0.0685714 0.894531
0 0.838379 0.108571 0.0419922 0.0876191 0.897949
0 0.948242 0.250476 0.0449219 0.0552381 0.900879
0 0.883789 0.124762 0.0410156 0.0704762 0.905273
0 0.0859375 0.164762 0.046875 0.0666667 0.915039
