0 0.728516 0.74 0.0390625 0.0438095 0.388428
0 0.895996 0.0247619 0.0400391 0.0495238 0.485596
0 0.0551758 0.10381 0.0458984 0.0438095 0.54834
0 0.916504 0.801905 0.0380859 0.0571429 0.556152
0 0.050293 0.0838095 0.0478516 0.0419048 0.572266
0 0.574219 0.873333 0.0410156 0.0628571 0.606934
0 0.0634766 0.117143 0.0390625 0.0438095 0.627441
0 0.641113 0.811429 0.0322266 0.0342857 0.640137
0 0.0712891 0.140952 0.0371094 0.0457143 0.645508
0 0.538574 0.807619 0.0400391 0.0380952 0.665039
0 0.790039 0.74 0.0351562 0.04 0.736816
0 0.876465 0.779048 0.0341797 0.0495238 0.771973
0 0.0117188 0.187619 0.0234375 0.04 0.773926
0 0.0966797 0.0342857 0.0429688 0.0685714 0.791016
0 0.884277 0.840952 0.0615234 0.0819048 0.812988
0 0.165039 0.0361905 0.0351562 0.0609524 0.828613
0 0.972656 0.25619 0.0429688 0.0438095 0.844727
0 0.833008 0.76 0.0371094 0.0457143 0.847656
0 0.939941 0.113333 0.0380859 0.0552381 0.850098
0 0.0805664 0.16381 0.0361328 0.0533333 0.853027
0 0.875 0.0428571 0.0371094 0.0704762 0.873535
0 0.901855 0.141905 0.0439453 0.0704762 0.875488
0 0.964844 0.199048 0.0429688 0.047619 0.881348
0 0.96875 0.0904762 0.0507812 0.0666667 0.895996
0 0.844727 0.0419048 0.0371094 0.0761905 0.901367
0 0.865723 0.162857 0.0439453 0.0780952 0.920898
