0 0.626465 0.879048 0.0478516 0.04 0.279297
0 0.496582 0.96381 0.0341797 0.072381 0.288574
0 0.789551 0.739048 0.0361328 0.0380952 0.453125
0 0.993652 0.158095 0.0126953 0.0457143 0.468018
0 0.916504 0.801905 0.0361328 0.0571429 0.563477
0 0.149902 0.0257143 0.0419922 0.0514286 0.595703
0 0.641602 0.812381 0.03125 0.0361905 0.614746
0 0.740723 0.74 0.0380859 0.0438095 0.627441
0 0.576172 0.873333 0.0390625 0.0590476 0.675293
0 0.0786133 0.109524 0.0361328 0.0438095 0.710449
0 0.103516 0.0304762 0.0429688 0.0609524 0.761719
0 0.0283203 0.157143 0.0390625 0.04 0.779785
0 0.177734 0.0619048 0.0332031 0.0666667 0.779785
0 0.557617 0.807619 0.0410156 0.0380952 0.80957
0 0.877441 0.78 0.0361328 0.0514286 0.811523
0 0.125977 0.0876191 0.0410156 0.0609524 0.816895
0 0.925781 0.108571 0.0449219 0.0685714 0.839355
0 0.823242 0.0619048 0.0371094 0.0819048 0.845215
0 0.876465 0.0285714 0.0361328 0.0571429 0.848633
0 0.90918 0.213333 0.0371094 0.0571429 0.854004
0 0.833496 0.760952 0.0380859 0.047619 0.85498
0 0.975586 0.0971429 0.0449219 0.0571429 0.859375
0 0.884277 0.840952 0.0615234 0.0780952 0.862793
0 0.877441 0.113333 0.0419922 0.0742857 0.879395
0 0.84375 0.0380952 0.0371094 0.0761905 0.884277
0 0.940918 0.192381 0.0439453 0.0609524 0.90332
