0 0.62793 0.878095 0.0449219 0.0380952 0.313232
0 0.491211 0.97619 0.0253906 0.0438095 0.318359
0 0.789551 0.739048 0.0361328 0.0380952 0.35376
0 0.677246 0.873333 0.0400391 0.0361905 0.381348
0 0.740723 0.74 0.0380859 0.0438095 0.51123
0 0.101074 0.0314286 0.0439453 0.0628571 0.535156
0 0.991211 0.110476 0.0175781 0.0457143 0.563477
0 0.105957 0.0809524 0.0380859 0.0628571 0.573242
0 0.915527 0.801905 0.0380859 0.0571429 0.643555
0 0.555664 0.806667 0.0429688 0.04 0.695312
0 0.641602 0.811429 0.03125 0.0342857 0.719727
0 0.576172 0.873333 0.0390625 0.0590476 0.727539
0 0.950195 0.244762 0.0390625 0.047619 0.820801
0 0.877441 0.78 0.0361328 0.0514286 0.832031
0 0.833496 0.76 0.0380859 0.0457143 0.855957
0 0.150391 0.0561905 0.0351562 0.0628571 0.866699
0 0.845703 0.117143 0.0390625 0.0780952 0.872559
0 0.884277 0.84 0.0615234 0.08 0.880859
0 0.960938 0.205714 0.0429688 0.0495238 0.886719
0 0.946777 0.129524 0.0458984 0.0609524 0.888184
0 0.886719 0.0428571 0.0351562 0.0666667 0.88916
0 0.889648 0.133333 0.0410156 0.0685714 0.890625
0 0.852539 0.0571429 0.0371094 0.0761905 0.892578
