0 0.873535 0.16381 0.0263672 0.0495238 0.262695
0 0.0405273 0.121905 0.0380859 0.0419048 0.399658
0 0.576172 0.873333 0.0390625 0.0590476 0.414307
0 0.100586 0.149524 0.0332031 0.047619 0.509277
0 0.00488281 0.141905 0.00976562 0.04 0.571289
0 0.522949 0.905714 0.0419922 0.0857143 0.625
0 0.557129 0.807619 0.0380859 0.0380952 0.636719
0 0.740723 0.740952 0.0380859 0.0419048 0.640625
0 0.915527 0.801905 0.0380859 0.0571429 0.665039
0 0.790039 0.739048 0.0371094 0.0419048 0.69043
0 0.0463867 0.140952 0.0380859 0.0419048 0.791992
0 0.878418 0.778095 0.0361328 0.0514286 0.831055
0 0.907715 0.032381 0.0458984 0.0647619 0.84668
0 0.884277 0.84 0.0615234 0.08 0.871582
0 0.971191 0.186667 0.0419922 0.0533333 0.878906
0 0.833496 0.76 0.0380859 0.0457143 0.881836
0 0.0991211 0.0790476 0.0439453 0.0666667 0.885254
0 0.945801 0.121905 0.0419922 0.0571429 0.887695
0 0.82666 0.0742857 0.0361328 0.072381 0.889648
0 0.887695 0.0561905 0.0449219 0.0819048 0.904297
0 0.89209 0.137143 0.0439453 0.0761905 0.909668
0 0.845703 0.0504762 0.0390625 0.0780952 0.915039
