0 0.741211 0.74 0.0371094 0.04 0.355469
0 0.641602 0.811429 0.03125 0.0342857 0.462402
0 0.576172 0.872381 0.0390625 0.0571429 0.485596
0 0.790527 0.739048 0.0361328 0.0380952 0.497803
0 0.558105 0.807619 0.0400391 0.0380952 0.540039
0 0.105469 0.0285714 0.0410156 0.0571429 0.632812
0 0.915039 0.801905 0.0390625 0.0571429 0.647461
0 0.0366211 0.135238 0.0341797 0.0380952 0.675293
0 0.987305 0.200952 0.0253906 0.0361905 0.758789
0 0.508301 0.93619 0.0400391 0.0857143 0.766602
0 0.13916 0.113333 0.0322266 0.0628571 0.793945
0 0.877441 0.78 0.0361328 0.0514286 0.823242
0 0.976074 0.144762 0.0439453 0.0533333 0.831543
0 0.884277 0.84 0.0615234 0.08 0.854492
0 0.0869141 0.120952 0.0371094 0.0514286 0.85791
0 0.861328 0.146667 0.0390625 0.0685714 0.86377
0 0.833496 0.76 0.0380859 0.0457143 0.868164
0 0.913086 0.166667 0.0449219 0.0704762 0.876953
0 0.861328 0.0866667 0.0390625 0.0742857 0.880371
0 0.938965 0.0657143 0.0458984 0.0666667 0.894531
0 0.903809 0.0838095 0.0458984 0.072381 0.894531
0 0.125 0.0485714 0.0449219 0.0780952 0.901367
