0 0.641602 0.811429 0.03125 0.0342857 0.348389
0 0.57666 0.873333 0.0380859 0.0590476 0.408691
0 0.557617 0.806667 0.0390625 0.0361905 0.606445
0 0.916504 0.802857 0.0380859 0.0552381 0.612793
0 0.106445 0.0285714 0.0410156 0.0571429 0.697266
0 0.513184 0.925714 0.0400391 0.0914286 0.698242
0 0.0209961 0.140952 0.0361328 0.0380952 0.727539
0 0.065918 0.108571 0.0380859 0.0457143 0.757324
0 0.966309 0.138095 0.0419922 0.0552381 0.79541
0 0.878418 0.78 0.0361328 0.0514286 0.81543
0 0.12793 0.130476 0.0332031 0.0514286 0.831055
0 0.0727539 0.127619 0.0361328 0.0419048 0.834473
0 0.983398 0.197143 0.0332031 0.04 0.835938
0 0.833496 0.76 0.0380859 0.0457143 0.865234
0 0.857422 0.0771429 0.0390625 0.0742857 0.870117
0 0.884277 0.840952 0.0615234 0.0780952 0.874023
0 0.848633 0.124762 0.0390625 0.0704762 0.875977
0 0.928223 0.0533333 0.0458984 0.072381 0.882812
0 0.905273 0.155238 0.0449219 0.0704762 0.888184
0 0.116699 0.06 0.0439453 0.0742857 0.898438
0 0.899414 0.0752381 0.0449219 0.0780952 0.904785
