0 0.641602 0.811429 0.03125 0.0342857 0.28125
0 0.20166 0.0238095 0.0400391 0.047619 0.298828
0 0.532715 0.885714 0.0400391 0.08 0.303711
0 0.57666 0.873333 0.0380859 0.0590476 0.310303
0 0.485352 0.959048 0.03125 0.0819048 0.326172
0 0.789551 0.739048 0.0361328 0.0380952 0.422363
0 0.557617 0.806667 0.0390625 0.0361905 0.442871
0 0.915527 0.801905 0.0380859 0.0571429 0.54834
0 0.012207 0.145714 0.0244141 0.0438095 0.739746
0 0.878906 0.780952 0.0351562 0.0495238 0.741211
0 0.871094 0.0342857 0.0429688 0.0685714 0.787598
0 0.988281 0.21619 0.0234375 0.0438095 0.79248
0 0.987305 0.155238 0.0253906 0.047619 0.834961
0 0.833496 0.760952 0.0380859 0.047619 0.858887
0 0.884277 0.84 0.0615234 0.08 0.867188
0 0.918457 0.0933333 0.0419922 0.0685714 0.885742
0 0.94873 0.168571 0.0439453 0.0628571 0.900391
0 0.0649414 0.100952 0.0439453 0.0533333 0.90332
0 0.143066 0.067619 0.0400391 0.0819048 0.906738
0 0.871582 0.10381 0.0419922 0.0819048 0.911133
