0 0.0410156 0.0838095 0.0449219 0.0419048 0.268555
0 0.125 0.928571 0.0351562 0.0590476 0.278076
0 0.00585938 0.149524 0.0117188 0.0361905 0.287354
0 0.989258 0.109524 0.0214844 0.04 0.349854
0 0.488281 0.947619 0.0351562 0.0819048 0.367432
0 0.641602 0.811429 0.03125 0.0342857 0.371826
0 0.789551 0.739048 0.0361328 0.0380952 0.388428
0 0.994629 0.270476 0.0107422 0.0457143 0.416504
0 0.740723 0.74 0.0380859 0.0438095 0.447266
0 0.866211 0.0266667 0.0371094 0.0533333 0.493896
0 0.916504 0.800952 0.0361328 0.0552381 0.526855
0 0.0361328 0.18381 0.03125 0.0361905 0.546875
0 0.576172 0.873333 0.0390625 0.0590476 0.554199
0 0.53418 0.880952 0.0410156 0.0819048 0.689941
0 0.878906 0.78 0.0351562 0.047619 0.742676
0 0.557617 0.806667 0.0390625 0.0361905 0.765625
0 0.981445 0.148571 0.0371094 0.0571429 0.780273
0 0.983398 0.214286 0.0332031 0.0438095 0.804688
0 0.833496 0.76 0.0380859 0.0457143 0.84082
0 0.1875 0.0361905 0.0371094 0.072381 0.855469
0 0.909668 0.0819048 0.0419922 0.072381 0.856445
0 0.884277 0.84 0.0615234 0.08 0.865723
0 0.939941 0.159048 0.0419922 0.0628571 0.882812
0 0.0517578 0.104762 0.046875 0.0495238 0.884766
0 0.86377 0.0876191 0.0439453 0.0838095 0.888184
0 0.129883 0.0885714 0.0410156 0.0742857 0.911133
