0 0.741211 0.740952 0.0371094 0.0419048 0.357422
0 0.815918 0.0419048 0.0205078 0.0495238 0.375488
0 0.558105 0.806667 0.0380859 0.0361905 0.397461
0 0.149414 0.900952 0.0351562 0.0571429 0.422363
0 0.916504 0.801905 0.0380859 0.0571429 0.625488
0 0.0219727 0.182857 0.0380859 0.0380952 0.705078
0 0.878906 0.78 0.0351562 0.047619 0.785156
0 0.987305 0.266667 0.0253906 0.0419048 0.808105
0 0.978027 0.210476 0.0419922 0.047619 0.826172
0 0.833496 0.760952 0.0380859 0.047619 0.835449
0 0.900879 0.0704762 0.0439453 0.0761905 0.844238
0 0.17627 0.0571429 0.0380859 0.072381 0.853516
0 0.034668 0.107619 0.0419922 0.0438095 0.864258
0 0.973145 0.140952 0.0439453 0.0571429 0.872559
0 0.884277 0.840952 0.0615234 0.0780952 0.876465
0 0.115234 0.108571 0.0410156 0.072381 0.885742
0 0.933105 0.149524 0.0419922 0.0666667 0.908203
0 0.855469 0.0714286 0.0410156 0.0857143 0.908691
