0 0.0722656 0.118095 0.0371094 0.0533333 0.330811
0 0.576172 0.873333 0.0390625 0.0628571 0.385986
0 0.915527 0.801905 0.0361328 0.0571429 0.470459
0 0.493652 0.932381 0.0361328 0.0857143 0.473877
0 0.536621 0.87619 0.0419922 0.0838095 0.551758
0 0.641602 0.812381 0.03125 0.032381 0.569336
0 0.879395 0.78 0.0341797 0.047619 0.586426
0 0.741211 0.740952 0.0371094 0.0419048 0.62207
0 0.0102539 0.109524 0.0205078 0.04 0.631348
0 0.791992 0.745714 0.0429688 0.0590476 0.645508
0 0.558105 0.806667 0.0380859 0.0361905 0.648926
0 0.833008 0.760952 0.0390625 0.047619 0.837402
0 0.884277 0.840952 0.0615234 0.0780952 0.861816
0 0.886719 0.047619 0.0410156 0.072381 0.867676
0 0.153809 0.0942857 0.0400391 0.0704762 0.880371
0 0.97168 0.26 0.046875 0.047619 0.890137
0 0.95459 0.198095 0.0458984 0.0533333 0.893555
0 0.917969 0.130476 0.0410156 0.0704762 0.89502
0 0.84082 0.0390476 0.0410156 0.0780952 0.89502
0 0.0844727 0.142857 0.0419922 0.0647619 0.901367
0 0.95459 0.120952 0.0419922 0.0628571 0.902832
