0 0.641602 0.811429 0.03125 0.0342857 0.27002
0 0.536621 0.877143 0.0419922 0.0819048 0.333984
0 0.558105 0.806667 0.0380859 0.0361905 0.339111
0 0.494141 0.930476 0.0371094 0.0819048 0.370605
0 0.0942383 0.964762 0.0478516 0.0704762 0.412598
0 0.143555 0.811429 0.0449219 0.0685714 0.499756
0 0.916504 0.801905 0.0361328 0.0571429 0.526855
0 0.834961 0.0304762 0.0390625 0.0609524 0.614746
0 0.224609 0.846667 0.0390625 0.0514286 0.652832
0 0.878906 0.779048 0.0351562 0.0495238 0.665039
0 0.155273 0.831429 0.0429688 0.0628571 0.669922
0 0.196289 0.0247619 0.0351562 0.0495238 0.676758
0 0.833008 0.760952 0.0371094 0.047619 0.764648
0 0.946777 0.112381 0.0419922 0.0685714 0.833008
0 0.884277 0.840952 0.0615234 0.0780952 0.852539
0 0.879883 0.0361905 0.0410156 0.072381 0.857422
0 0.938965 0.186667 0.0458984 0.0571429 0.865723
0 0.958984 0.253333 0.046875 0.0533333 0.88623
0 0.0693359 0.155238 0.0410156 0.0590476 0.890137
0 0.14209 0.112381 0.0400391 0.072381 0.900391
0 0.910156 0.120952 0.0429688 0.0704762 0.907715
