0 0.495605 0.926667 0.0361328 0.0780952 0.418457
0 0.575684 0.873333 0.0380859 0.0628571 0.489014
0 0.0854492 0.965714 0.0458984 0.0685714 0.536621
0 0.557617 0.805714 0.0390625 0.0342857 0.547852
0 0.536621 0.87619 0.0419922 0.08 0.702637
0 0.0161133 0.130476 0.0322266 0.0514286 0.703125
0 0.150391 0.828571 0.0429688 0.0685714 0.747559
0 0.399414 0.752381 0.0410156 0.0342857 0.790039
0 0.440918 0.810476 0.0341797 0.032381 0.797852
0 0.964844 0.249524 0.0371094 0.0380952 0.798828
0 0.983887 0.134286 0.0322266 0.0590476 0.802734
0 0.10791 0.126667 0.0380859 0.0514286 0.811035
0 0.266602 0.759048 0.0351562 0.04 0.830078
0 0.0297852 0.190476 0.0361328 0.0419048 0.831055
0 0.833008 0.760952 0.0371094 0.047619 0.833496
0 0.924316 0.142857 0.0419922 0.0609524 0.833984
0 0.887207 0.782857 0.0341797 0.0495238 0.841797
0 0.896973 0.852381 0.0615234 0.0819048 0.845703
0 0.188965 0.861905 0.0458984 0.0666667 0.863281
0 0.272461 0.810476 0.0449219 0.0514286 0.890137
0 0.891602 0.04 0.0410156 0.072381 0.895508
0 0.936035 0.08 0.0400391 0.0609524 0.913086
0 0.841309 0.106667 0.0439453 0.0876191 0.915039
