0 0.019043 0.195238 0.0361328 0.047619 0.320068
0 0.174805 0.805714 0.0449219 0.072381 0.418457
0 0.641602 0.811429 0.03125 0.0342857 0.45459
0 0.536133 0.87619 0.0410156 0.0838095 0.606445
0 0.576172 0.872381 0.0390625 0.0609524 0.654297
1 0.879395 0.9 0.0810547 0.108571 0.665039
0 0.955566 0.852381 0.0361328 0.0628571 0.71582
0 0.557617 0.806667 0.0390625 0.0361905 0.721191
0 0.950684 0.241905 0.0380859 0.0419048 0.721191
0 0.107422 0.941905 0.0449219 0.0780952 0.726074
0 0.09375 0.135238 0.0390625 0.0457143 0.792969
0 0.422852 0.751429 0.0390625 0.032381 0.797852
0 0.903809 0.859048 0.0615234 0.0838095 0.80957
0 0.885254 0.032381 0.0419922 0.0647619 0.828613
0 0.454102 0.809524 0.0351562 0.0342857 0.82959
0 0.89502 0.788571 0.0361328 0.0495238 0.833008
0 0.290039 0.754286 0.0351562 0.0380952 0.845703
0 0.210449 0.844762 0.0439453 0.0628571 0.856445
0 0.910156 0.126667 0.0390625 0.0628571 0.864746
0 0.289551 0.807619 0.0439453 0.0457143 0.870117
0 0.978516 0.125714 0.0390625 0.0533333 0.881348
0 0.834473 0.760952 0.0380859 0.047619 0.881836
0 0.928711 0.072381 0.0410156 0.0609524 0.899414
0 0.82959 0.0761905 0.0419922 0.0914286 0.916992
