0 0.677734 0.874286 0.0410156 0.0380952 0.262451
0 0.790039 0.739048 0.0351562 0.0380952 0.390137
0 0.741211 0.740952 0.0371094 0.0419048 0.429932
0 0.536621 0.87619 0.0400391 0.0838095 0.43335
0 0.57666 0.873333 0.0380859 0.0590476 0.435059
0 0.916504 0.801905 0.0361328 0.0571429 0.530762
0 0.336426 0.818095 0.0361328 0.0361905 0.574707
0 0.558105 0.806667 0.0400391 0.0361905 0.608398
0 0.641113 0.811429 0.0322266 0.0342857 0.629395
0 0.0112305 0.18381 0.0224609 0.047619 0.687012
0 0.495605 0.927619 0.0361328 0.08 0.714844
0 0.878906 0.781905 0.0351562 0.047619 0.735352
0 0.985352 0.197143 0.0292969 0.047619 0.827148
0 0.0942383 0.159048 0.0380859 0.0590476 0.830566
0 0.138184 0.84 0.0380859 0.0609524 0.836914
0 0.884277 0.840952 0.0615234 0.0780952 0.841309
0 0.175781 0.873333 0.046875 0.0742857 0.843262
0 0.833496 0.76 0.0361328 0.0457143 0.844727
0 0.92041 0.0790476 0.0400391 0.0704762 0.853516
0 0.160156 0.0742857 0.0390625 0.0685714 0.868164
0 0.116699 0.0619048 0.0439453 0.0704762 0.880859
0 0.979492 0.128571 0.0410156 0.0552381 0.889648
0 0.883789 0.0752381 0.0410156 0.0742857 0.892578
0 0.868652 0.102857 0.0458984 0.08 0.907715
0 0.90625 0.211429 0.046875 0.0685714 0.913086
