0 0.967773 0.866667 0.0410156 0.072381 0.297363
0 0.789551 0.739048 0.0361328 0.0380952 0.336182
1 0.887207 0.904762 0.0751953 0.102857 0.348389
0 0.628906 0.878095 0.0429688 0.0380952 0.349121
0 0.642578 0.812381 0.03125 0.0361905 0.495605
0 0.495605 0.927619 0.0361328 0.08 0.537109
0 0.203613 0.788571 0.0400391 0.0571429 0.608887
0 0.0673828 0.112381 0.0390625 0.0419048 0.629395
0 0.878906 0.0266667 0.0429688 0.0533333 0.711914
0 0.57666 0.872381 0.0400391 0.0609524 0.742676
0 0.910156 0.865714 0.0664062 0.0933333 0.756348
0 0.558105 0.806667 0.0400391 0.0361905 0.756836
0 0.444336 0.749524 0.0410156 0.032381 0.789062
0 0.536621 0.87619 0.0419922 0.0838095 0.79834
0 0.0776367 0.141905 0.0380859 0.0438095 0.801758
0 0.938477 0.231429 0.0390625 0.047619 0.816895
0 0.139648 0.0257143 0.0371094 0.0514286 0.819336
0 0.466309 0.808571 0.0361328 0.0361905 0.828613
0 0.312012 0.751429 0.0361328 0.0361905 0.843262
0 0.971191 0.12 0.0380859 0.0533333 0.845215
0 0.129395 0.916191 0.0439453 0.072381 0.848145
0 0.896484 0.108571 0.0390625 0.0647619 0.861816
0 0.305664 0.804762 0.0429688 0.0438095 0.864746
0 0.922852 0.0609524 0.0410156 0.0647619 0.871582
0 0.230957 0.830476 0.0439453 0.0609524 0.87207
0 0.838867 0.762857 0.0390625 0.047619 0.875488
0 0.905762 0.796191 0.0361328 0.0533333 0.880859
0 0.819336 0.0457143 0.0410156 0.0914286 0.905273
