0 0.0532227 0.149524 0.0439453 0.0552381 0.34668
0 0.641602 0.811429 0.03125 0.0342857 0.433594
0 0.576172 0.872381 0.0390625 0.0609524 0.497559
0 0.536621 0.87619 0.0419922 0.0838095 0.499023
0 0.993164 0.260952 0.0136719 0.0380952 0.507324
0 0.557129 0.806667 0.0380859 0.0361905 0.605469
0 0.0698242 0.072381 0.0419922 0.0533333 0.65625
0 0.920898 0.807619 0.0371094 0.0609524 0.683594
0 0.880371 0.78 0.0341797 0.047619 0.695312
0 0.494629 0.926667 0.0380859 0.0819048 0.710938
0 0.322754 0.755238 0.0400391 0.0361905 0.8125
0 0.833496 0.76 0.0380859 0.0457143 0.839844
0 0.124023 0.925714 0.046875 0.0761905 0.841309
0 0.081543 0.0952381 0.0439453 0.0609524 0.844238
0 0.967285 0.18 0.0400391 0.047619 0.852539
0 0.38623 0.812381 0.0361328 0.0361905 0.858398
0 0.190918 0.798095 0.0380859 0.0571429 0.862305
0 0.908691 0.0647619 0.0419922 0.072381 0.870605
0 0.885254 0.842857 0.0615234 0.0819048 0.87207
0 0.0712891 0.175238 0.0390625 0.0571429 0.875
0 0.959473 0.107619 0.0400391 0.0590476 0.875
0 0.838867 0.0419048 0.0410156 0.0838095 0.882812
0 0.216797 0.839048 0.0449219 0.0666667 0.888184
0 0.141602 0.0980952 0.0390625 0.0628571 0.899902
0 0.869141 0.047619 0.0390625 0.0761905 0.902832
0 0.878906 0.178095 0.0449219 0.0742857 0.918457
