0 0.883301 0.135238 0.0263672 0.0457143 0.256592
1 0.77832 0.837143 0.107422 0.0780952 0.319092
0 0.140625 0.0809524 0.0351562 0.0628571 0.325684
0 0.973633 0.0895238 0.0292969 0.0419048 0.335693
0 0.983398 0.897143 0.0332031 0.0647619 0.382568
0 0.898438 0.920952 0.0800781 0.112381 0.412842
0 0.874023 0.02 0.03125 0.04 0.451172
0 0.0507812 0.121905 0.0429688 0.0380952 0.453125
1 0.898438 0.920952 0.078125 0.112381 0.483887
0 0.994629 0.222857 0.0107422 0.0419048 0.523926
0 0.812012 0.0285714 0.0341797 0.0571429 0.582031
0 0.57666 0.872381 0.0400391 0.0609524 0.632812
0 0.495117 0.926667 0.0371094 0.0819048 0.674805
0 0.059082 0.147619 0.0380859 0.0361905 0.711914
0 0.557617 0.806667 0.0390625 0.0361905 0.723633
0 0.227051 0.773333 0.0400391 0.0533333 0.731934
0 0.536133 0.87619 0.0410156 0.08 0.769531
0 0.475586 0.809524 0.0371094 0.0342857 0.806152
0 0.463867 0.749524 0.0410156 0.032381 0.812988
0 0.922852 0.88 0.0625 0.0914286 0.830566
0 0.124512 0.04 0.0380859 0.0647619 0.833984
0 0.917969 0.805714 0.0351562 0.0533333 0.840332
0 0.962402 0.113333 0.0380859 0.0514286 0.847656
0 0.333984 0.750476 0.0351562 0.0380952 0.852051
0 0.151367 0.890476 0.0449219 0.0742857 0.858398
0 0.847656 0.765714 0.0371094 0.0457143 0.86084
0 0.248535 0.82 0.0439453 0.0552381 0.875488
0 0.882812 0.0885714 0.0410156 0.0666667 0.878418
0 0.320801 0.800952 0.0439453 0.0438095 0.880371
0 0.915039 0.052381 0.0390625 0.0666667 0.88916
0 0.923828 0.220952 0.0390625 0.0533333 0.897461
