0 0.570801 0.746667 0.0341797 0.0304762 0.425781
0 0.743164 0.740952 0.0390625 0.0457143 0.435547
0 0.677734 0.874286 0.0410156 0.0380952 0.447754
0 0.727539 0.796191 0.0390625 0.0419048 0.509277
0 0.182129 0.844762 0.0478516 0.0704762 0.51709
0 0.628418 0.88 0.0419922 0.0380952 0.568848
0 0.131836 0.0685714 0.0449219 0.08 0.640137
0 0.113281 0.954286 0.0351562 0.0571429 0.718262
0 0.160156 0.822857 0.0410156 0.0685714 0.726074
0 0.619629 0.832381 0.0322266 0.0342857 0.726562
0 0.609375 0.794286 0.0351562 0.0380952 0.735352
0 0.820312 0.74381 0.0371094 0.04 0.741699
0 0.262695 0.75619 0.0390625 0.0380952 0.784668
0 0.557617 0.807619 0.0410156 0.0380952 0.786621
0 0.505859 0.806667 0.0371094 0.0361905 0.797852
0 0.495605 0.926667 0.0361328 0.0819048 0.799805
0 0.536621 0.879048 0.0400391 0.0819048 0.817871
0 0.576172 0.872381 0.0390625 0.0609524 0.821777
0 0.370117 0.750476 0.0390625 0.0380952 0.827637
0 0.480469 0.744762 0.0351562 0.0342857 0.848145
0 0.901855 0.0361905 0.0361328 0.0647619 0.859375
0 0.284668 0.81619 0.0439453 0.047619 0.859375
0 0.660645 0.809524 0.0341797 0.0380952 0.870605
0 0.352539 0.80381 0.0410156 0.0380952 0.881836
0 0.817871 0.0495238 0.0341797 0.072381 0.886719
0 0.897461 0.142857 0.0390625 0.0647619 0.888184
0 0.421387 0.782857 0.0439453 0.0457143 0.899902
0 0.96875 0.869524 0.0390625 0.0666667 0.913574
