0 0.179199 0.888571 0.0400391 0.0552381 0.33252
0 0.0727539 0.113333 0.0419922 0.0552381 0.509277
0 0.760742 0.800952 0.0371094 0.04 0.524902
0 0.766113 0.742857 0.0361328 0.0380952 0.528809
0 0.604492 0.745714 0.0410156 0.032381 0.603516
0 0.677734 0.875238 0.0410156 0.0361905 0.669434
0 0.643555 0.826667 0.0351562 0.0342857 0.69873
0 0.628906 0.878095 0.0429688 0.0380952 0.71582
0 0.631836 0.793333 0.0371094 0.032381 0.726074
0 0.225586 0.77619 0.0371094 0.047619 0.742676
0 0.506348 0.806667 0.0380859 0.0361905 0.783691
0 0.0727539 0.924762 0.0439453 0.0780952 0.796875
0 0.557617 0.807619 0.0410156 0.0380952 0.809082
0 0.972656 0.210476 0.0507812 0.0590476 0.810547
0 0.241211 0.829524 0.0410156 0.047619 0.811035
0 0.398438 0.748571 0.0390625 0.0380952 0.817383
0 0.495605 0.927619 0.0361328 0.08 0.822754
0 0.314941 0.748571 0.0400391 0.0342857 0.823242
0 0.523438 0.744762 0.0351562 0.0342857 0.830078
0 0.576172 0.872381 0.0390625 0.0609524 0.845215
0 0.693848 0.810476 0.0341797 0.0361905 0.851074
0 0.536621 0.878095 0.0419922 0.08 0.854004
0 0.319336 0.807619 0.0429688 0.0419048 0.861816
0 0.381836 0.80381 0.0410156 0.0380952 0.861816
0 0.188965 0.0342857 0.0419922 0.0685714 0.871094
0 0.460938 0.773333 0.0429688 0.0457143 0.899414
0 0.866211 0.0904762 0.0371094 0.0704762 0.911133
