0 0.989258 0.973333 0.0214844 0.0533333 0.315918
0 0.145996 0.0495238 0.0458984 0.08 0.320557
0 0.628906 0.879048 0.0429688 0.0361905 0.449707
0 0.861816 0.0380952 0.0224609 0.0457143 0.48999
0 0.719238 0.797143 0.0361328 0.0361905 0.544922
0 0.615723 0.831429 0.0302734 0.032381 0.606934
0 0.536621 0.877143 0.0400391 0.0819048 0.758301
0 0.495117 0.926667 0.0371094 0.0780952 0.76123
0 0.5625 0.748571 0.0390625 0.0304762 0.761719
0 0.172363 0.873333 0.0419922 0.0704762 0.802734
0 0.13916 0.837143 0.0341797 0.0590476 0.806152
0 0.504395 0.806667 0.0380859 0.0361905 0.806152
0 0.36084 0.749524 0.0380859 0.0361905 0.809082
0 0.23877 0.766667 0.0419922 0.047619 0.822266
0 0.558105 0.807619 0.0400391 0.0380952 0.828125
0 0.57666 0.873333 0.0400391 0.0590476 0.834961
0 0.65332 0.810476 0.0332031 0.0361905 0.845703
0 0.90918 0.0495238 0.0390625 0.0647619 0.865723
0 0.341309 0.802857 0.0419922 0.04 0.866699
0 0.271973 0.818095 0.0439453 0.0514286 0.871094
0 0.910156 0.159048 0.0390625 0.0628571 0.871094
0 0.465332 0.745714 0.0341797 0.0361905 0.871582
0 0.409668 0.785714 0.0439453 0.0438095 0.900391
0 0.951172 0.847619 0.0390625 0.0647619 0.907715
0 0.82959 0.0790476 0.0341797 0.0704762 0.927734
