0 0.726562 0.888571 0.0410156 0.0438095 0.281982
0 0.628418 0.877143 0.0419922 0.04 0.317139
0 0.050293 0.948571 0.0634766 0.0952381 0.337646
0 0.801758 0.804762 0.0390625 0.0438095 0.42041
0 0.116699 0.0628571 0.0380859 0.0685714 0.424072
0 0.677246 0.874286 0.0419922 0.0380952 0.477295
0 0.683594 0.82381 0.0351562 0.032381 0.499023
0 0.669922 0.793333 0.0390625 0.0361905 0.624023
0 0.984375 0.141905 0.03125 0.0628571 0.626465
0 0.0654297 0.93619 0.0390625 0.0704762 0.69873
0 0.895996 0.786667 0.0380859 0.0533333 0.741211
0 0.272461 0.76 0.0351562 0.0342857 0.765137
0 0.837402 0.0285714 0.0361328 0.0571429 0.772949
0 0.576172 0.873333 0.0390625 0.0590476 0.773926
0 0.495117 0.926667 0.0371094 0.0819048 0.785645
0 0.563477 0.74381 0.0332031 0.032381 0.797852
0 0.735352 0.814286 0.0332031 0.04 0.816895
0 0.348633 0.748571 0.0410156 0.0342857 0.820312
0 0.536621 0.87619 0.0400391 0.08 0.824707
0 0.240723 0.86 0.0380859 0.04 0.835938
0 0.280273 0.81619 0.0390625 0.04 0.836914
0 0.564941 0.806667 0.0400391 0.0361905 0.844238
0 0.429688 0.749524 0.0390625 0.0361905 0.84668
0 0.510254 0.808571 0.0361328 0.0361905 0.847656
0 0.40625 0.80381 0.0410156 0.0380952 0.860352
0 0.501953 0.76381 0.0429688 0.0419048 0.862793
0 0.927246 0.179048 0.0537109 0.072381 0.875
0 0.353027 0.805714 0.0419922 0.0419048 0.881348
0 0.133789 0.84381 0.0449219 0.072381 0.882324
0 0.152344 0.0876191 0.0429688 0.0761905 0.90918
