0 0.677734 0.874286 0.0410156 0.0380952 0.302002
0 0.881348 0.844762 0.0458984 0.0666667 0.602051
0 0.808594 0.84 0.0371094 0.0495238 0.687012
0 0.628906 0.879048 0.0429688 0.04 0.720703
0 0.691406 0.747619 0.0390625 0.04 0.732422
0 0.990723 0.154286 0.0185547 0.0419048 0.733398
0 0.546387 0.861905 0.0419922 0.0742857 0.759766
0 0.352051 0.854286 0.0380859 0.032381 0.77832
0 0.319336 0.759048 0.0371094 0.0361905 0.80127
0 0.546387 0.804762 0.0361328 0.0361905 0.819336
0 0.626465 0.74381 0.0341797 0.0361905 0.832031
0 0.498535 0.920952 0.0380859 0.0819048 0.833984
0 0.398438 0.748571 0.0390625 0.0342857 0.839355
0 0.330566 0.810476 0.0400391 0.04 0.840332
0 0.0771484 0.16 0.0429688 0.0533333 0.841797
0 0.488281 0.746667 0.0390625 0.0380952 0.847168
0 0.143555 0.102857 0.0371094 0.0609524 0.847656
0 0.392578 0.806667 0.0410156 0.04 0.859863
0 0.616699 0.806667 0.0380859 0.0361905 0.864258
0 0.906738 0.0485714 0.0361328 0.0628571 0.87207
0 0.452148 0.80381 0.0410156 0.0380952 0.872559
0 0.577637 0.872381 0.0400391 0.0609524 0.875977
0 0.564453 0.752381 0.0429688 0.0419048 0.882812
0 0.217773 0.78 0.0429688 0.0552381 0.883789
0 0.9375 0.139048 0.0410156 0.0609524 0.885742
0 0.966797 0.868571 0.0390625 0.0685714 0.88916
0 0.154785 0.90381 0.0400391 0.0628571 0.89209
0 0.141602 0.032381 0.0410156 0.0647619 0.912598
0 0.158691 0.821905 0.0380859 0.0628571 0.924805
0 0.86084 0.092381 0.0498047 0.0933333 0.924805
