0 0.0473633 0.12381 0.0419922 0.0495238 0.33252
0 0.677734 0.875238 0.0410156 0.0361905 0.342773
0 0.655273 0.825714 0.0351562 0.032381 0.530762
0 0.628418 0.878095 0.0419922 0.0380952 0.580566
0 0.775391 0.745714 0.0351562 0.04 0.608887
0 0.143066 0.0361905 0.0458984 0.072381 0.636719
0 0.615234 0.744762 0.0429688 0.0342857 0.661621
0 0.640625 0.791429 0.0351562 0.0361905 0.671875
0 0.507324 0.806667 0.0361328 0.0361905 0.727539
0 0.243652 0.767619 0.0361328 0.0457143 0.775391
0 0.495117 0.927619 0.0371094 0.08 0.781738
0 0.706055 0.810476 0.0351562 0.0361905 0.783691
0 0.255859 0.822857 0.0410156 0.0457143 0.798828
0 0.576172 0.873333 0.0390625 0.0590476 0.810059
0 0.536133 0.877143 0.0410156 0.0819048 0.810547
0 0.326172 0.749524 0.0410156 0.0361905 0.81543
0 0.408691 0.747619 0.0380859 0.04 0.829102
0 0.331543 0.805714 0.0439453 0.0419048 0.833008
0 0.558105 0.806667 0.0400391 0.0361905 0.835938
0 0.537109 0.744762 0.0351562 0.0342857 0.836426
0 0.475586 0.768571 0.0449219 0.047619 0.871094
0 0.389648 0.80381 0.0410156 0.0380952 0.875977
0 0.956055 0.200952 0.0527344 0.0628571 0.885742
0 0.856934 0.0685714 0.0361328 0.072381 0.908691
0 0.0927734 0.89619 0.0449219 0.0780952 0.91748
0 0.177246 0.0495238 0.0419922 0.08 0.92041
