0 0.676758 0.874286 0.0410156 0.0380952 0.338379
0 0.693848 0.791429 0.0361328 0.0361905 0.651367
0 0.658691 0.745714 0.0380859 0.0361905 0.719727
0 0.925781 0.810476 0.0410156 0.0666667 0.723145
0 0.281738 0.858095 0.0380859 0.0361905 0.791016
0 0.762207 0.82 0.0341797 0.0438095 0.79248
0 0.576172 0.872381 0.0390625 0.0609524 0.810059
0 0.953125 0.106667 0.0351562 0.0533333 0.82959
0 0.578613 0.806667 0.0400391 0.0361905 0.83252
0 0.303223 0.814286 0.0380859 0.04 0.833984
0 0.540527 0.872381 0.0400391 0.0761905 0.835449
0 0.293945 0.759048 0.0351562 0.032381 0.835449
0 0.496094 0.926667 0.0371094 0.0819048 0.836914
0 0.369141 0.747619 0.0390625 0.0361905 0.839844
0 0.589355 0.74381 0.0341797 0.032381 0.841797
0 0.106445 0.96381 0.0410156 0.0685714 0.847656
0 0.525391 0.758095 0.0449219 0.0419048 0.849609
0 0.45166 0.749524 0.0380859 0.0361905 0.850098
0 0.98584 0.189524 0.0283203 0.047619 0.852539
0 0.520508 0.807619 0.0371094 0.0380952 0.853516
0 0.371094 0.805714 0.0410156 0.0380952 0.865723
0 0.172363 0.809524 0.0458984 0.0647619 0.868164
0 0.422363 0.80381 0.0419922 0.0380952 0.875977
0 0.125488 0.120952 0.0439453 0.0666667 0.885254
0 0.106445 0.87619 0.0351562 0.0609524 0.886719
0 0.899414 0.149524 0.0527344 0.0819048 0.918945
