0 0.995117 0.197143 0.00976562 0.047619 0.28833
0 0.910645 0.796191 0.0419922 0.0571429 0.452393
0 0.970215 0.122857 0.0380859 0.0514286 0.479736
0 0.749023 0.818095 0.0332031 0.04 0.581055
0 0.677246 0.874286 0.0419922 0.0380952 0.604492
0 0.0917969 0.0533333 0.0429688 0.0761905 0.631348
0 0.106934 0.0761905 0.0400391 0.0647619 0.759277
0 0.259277 0.86 0.0400391 0.04 0.760254
0 0.576172 0.873333 0.0390625 0.0590476 0.77832
0 0.496094 0.927619 0.0371094 0.08 0.802246
0 0.538086 0.875238 0.0410156 0.0780952 0.811035
0 0.571289 0.806667 0.0410156 0.0361905 0.81543
0 0.57666 0.74381 0.0341797 0.032381 0.820312
0 0.515137 0.807619 0.0361328 0.0380952 0.833008
0 0.358887 0.747619 0.0400391 0.0361905 0.839355
0 0.283691 0.76 0.0361328 0.0342857 0.845703
0 0.513672 0.760952 0.0429688 0.04 0.852539
0 0.413574 0.80381 0.0419922 0.0380952 0.859375
0 0.441406 0.750476 0.0390625 0.0380952 0.861328
0 0.361328 0.805714 0.0449219 0.0419048 0.867676
0 0.912598 0.166667 0.0537109 0.0780952 0.87207
0 0.29248 0.814286 0.0400391 0.04 0.878418
0 0.0869141 0.905714 0.0371094 0.0666667 0.883789
0 0.139648 0.10381 0.0429688 0.0704762 0.896484
0 0.15332 0.826667 0.0449219 0.0685714 0.902344
