0 0.403809 0.83619 0.0400391 0.0342857 0.271729
0 0.991211 0.919048 0.0175781 0.0628571 0.343994
0 0.628906 0.878095 0.0429688 0.0380952 0.512207
0 0.871582 0.785714 0.0419922 0.0514286 0.55957
0 0.649414 0.742857 0.0332031 0.0342857 0.579102
0 0.788086 0.837143 0.0410156 0.047619 0.586426
0 0.774414 0.792381 0.0371094 0.0457143 0.597656
0 0.549316 0.858095 0.0419922 0.0742857 0.648926
0 0.715332 0.745714 0.0380859 0.0361905 0.654297
0 0.0976562 0.890476 0.0351562 0.0704762 0.713379
0 0.503418 0.912381 0.0400391 0.08 0.713867
0 0.0449219 0.177143 0.046875 0.0457143 0.716309
0 0.512695 0.744762 0.0371094 0.0342857 0.742676
0 0.333496 0.760952 0.0380859 0.04 0.791992
0 0.400879 0.852381 0.0380859 0.032381 0.800293
0 0.422852 0.747619 0.0390625 0.032381 0.80127
0 0.571777 0.802857 0.0361328 0.0361905 0.811035
0 0.34375 0.811429 0.0390625 0.0380952 0.826172
0 0.40918 0.804762 0.0429688 0.0361905 0.833984
0 0.913086 0.878095 0.0390625 0.0647619 0.839844
0 0.649414 0.807619 0.0410156 0.0380952 0.857422
0 0.473633 0.802857 0.0410156 0.04 0.861328
0 0.964844 0.134286 0.0371094 0.0514286 0.862793
0 0.591309 0.747619 0.0419922 0.04 0.863281
0 0.582031 0.867619 0.0390625 0.0590476 0.875488
0 0.843262 0.860952 0.0361328 0.0495238 0.875977
0 0.187988 0.875238 0.0419922 0.0590476 0.879883
0 0.240723 0.771429 0.0439453 0.0495238 0.891602
0 0.116699 0.06 0.0439453 0.0704762 0.898438
0 0.90625 0.0952381 0.0390625 0.0685714 0.899902
0 0.836914 0.0447619 0.046875 0.0895238 0.902832
0 0.181152 0.798095 0.0361328 0.0571429 0.911133
