0 0.218262 0.867619 0.0361328 0.0438095 0.39209
0 0.677246 0.874286 0.0419922 0.0380952 0.541992
0 0.786621 0.802857 0.0400391 0.0438095 0.573242
0 0.669922 0.824762 0.0351562 0.0342857 0.577148
0 0.993164 0.148571 0.0136719 0.0457143 0.613281
0 0.128418 0.0457143 0.0380859 0.072381 0.634766
0 0.259766 0.761905 0.0351562 0.0380952 0.709961
0 0.785156 0.746667 0.0371094 0.0419048 0.712402
0 0.626953 0.744762 0.0429688 0.0342857 0.733398
0 0.628418 0.878095 0.0419922 0.0380952 0.736328
0 0.269531 0.82 0.0410156 0.04 0.751953
0 0.654297 0.792381 0.0371094 0.0380952 0.756348
0 0.507812 0.808571 0.0371094 0.0361905 0.77002
0 0.043457 0.96381 0.0439453 0.072381 0.77832
0 0.576172 0.873333 0.0390625 0.0590476 0.780762
0 0.550781 0.74381 0.0332031 0.032381 0.808594
0 0.342773 0.805714 0.0429688 0.0419048 0.831055
0 0.72168 0.812381 0.0332031 0.0361905 0.831543
0 0.496094 0.927619 0.0351562 0.08 0.831543
0 0.536133 0.877143 0.0410156 0.0819048 0.832031
0 0.417969 0.749524 0.0371094 0.04 0.836914
0 0.338379 0.748571 0.0400391 0.0342857 0.844727
0 0.0219727 0.131429 0.0419922 0.0495238 0.848633
0 0.882812 0.77619 0.0390625 0.0552381 0.855469
0 0.561035 0.807619 0.0400391 0.0380952 0.85791
0 0.488281 0.765714 0.0429688 0.0419048 0.874512
0 0.397949 0.804762 0.0419922 0.04 0.881348
0 0.113281 0.868571 0.0429688 0.072381 0.887695
0 0.941406 0.190476 0.0546875 0.0685714 0.891113
0 0.847168 0.0466667 0.0361328 0.0742857 0.894531
0 0.165527 0.0704762 0.0419922 0.08 0.928711
