0 0.483398 0.970476 0.0292969 0.047619 0.298584
0 0.124512 0.849524 0.0361328 0.0685714 0.320312
0 0.677734 0.874286 0.0429688 0.0380952 0.500488
0 0.629395 0.878095 0.0400391 0.0380952 0.595215
0 0.507324 0.907619 0.0400391 0.0780952 0.614258
0 0.537109 0.74381 0.0351562 0.032381 0.636719
0 0.682129 0.810476 0.0419922 0.04 0.69043
0 0.451172 0.746667 0.0390625 0.0304762 0.709961
0 0.811523 0.797143 0.0332031 0.0361905 0.730469
0 0.987793 0.18381 0.0244141 0.04 0.771484
0 0.125488 0.940952 0.0439453 0.0685714 0.791504
0 0.604004 0.8 0.0361328 0.0380952 0.798828
0 0.346191 0.759048 0.0361328 0.0361905 0.80127
0 0.742676 0.746667 0.0380859 0.0380952 0.816406
0 0.670898 0.74381 0.0332031 0.0361905 0.824219
0 0.428223 0.802857 0.0419922 0.0438095 0.828613
0 0.0117188 0.179048 0.0234375 0.0380952 0.82959
0 0.260742 0.762857 0.0429688 0.0438095 0.84082
0 0.587402 0.861905 0.0400391 0.0590476 0.842285
0 0.817871 0.848571 0.0361328 0.047619 0.842773
0 0.35498 0.811429 0.0400391 0.0380952 0.843262
0 0.555664 0.846667 0.0429688 0.0780952 0.847656
0 0.88916 0.799048 0.0439453 0.0552381 0.849609
0 0.445312 0.847619 0.0351562 0.0342857 0.860352
0 0.0864258 0.0885714 0.0419922 0.0590476 0.865723
0 0.615234 0.744762 0.0429688 0.0419048 0.867676
0 0.876465 0.88381 0.0361328 0.0533333 0.875
0 0.497559 0.80381 0.0419922 0.0380952 0.875488
0 0.94043 0.913333 0.0390625 0.0666667 0.876953
0 0.199219 0.784762 0.0371094 0.0533333 0.880859
0 0.932617 0.106667 0.0371094 0.0571429 0.886719
0 0.881348 0.0495238 0.0380859 0.072381 0.902344
0 0.217285 0.857143 0.0419922 0.0533333 0.912109
