0 0.0595703 0.1 0.0449219 0.0552381 0.303711
0 0.193848 0.787619 0.0361328 0.0552381 0.318604
0 0.509766 0.90381 0.0390625 0.0780952 0.433594
0 0.835938 0.764762 0.0332031 0.0361905 0.560059
0 0.972656 0.899048 0.0351562 0.0647619 0.564941
0 0.537109 0.74381 0.0371094 0.032381 0.571289
0 0.539551 0.840952 0.0361328 0.032381 0.683594
0 0.628906 0.879048 0.0429688 0.04 0.74707
0 0.583496 0.812381 0.0419922 0.0666667 0.76416
0 0.677246 0.874286 0.0419922 0.0380952 0.765137
0 0.928223 0.885714 0.0361328 0.0609524 0.788086
0 0.252441 0.755238 0.0361328 0.0438095 0.796875
0 0.601562 0.74381 0.03125 0.032381 0.799316
0 0.723633 0.811429 0.0371094 0.0457143 0.800781
0 0.802734 0.818095 0.0410156 0.047619 0.816895
0 0.181152 0.0428571 0.0419922 0.0857143 0.822754
0 0.544434 0.80381 0.0419922 0.0419048 0.82666
0 0.40918 0.755238 0.0351562 0.032381 0.830566
0 0.489746 0.80381 0.0400391 0.0380952 0.835449
0 0.68457 0.741905 0.0429688 0.0438095 0.837402
0 0.961914 0.135238 0.0410156 0.0571429 0.839355
0 0.317871 0.827619 0.0380859 0.0361905 0.843262
0 0.188965 0.838095 0.0439453 0.0609524 0.847656
0 0.231934 0.854286 0.0400391 0.0514286 0.852539
0 0.414551 0.810476 0.0400391 0.0361905 0.858398
0 0.745117 0.745714 0.0332031 0.04 0.858887
0 0.320312 0.755238 0.0410156 0.04 0.859863
0 0.622559 0.83619 0.0400391 0.0533333 0.86377
0 0.82959 0.0333333 0.0341797 0.0628571 0.885742
0 0.123535 0.937143 0.0439453 0.072381 0.895508
