0 0.0307617 0.174286 0.0458984 0.0552381 0.256348
0 0.507812 0.90381 0.0390625 0.0780952 0.268311
0 0.102051 0.101905 0.0380859 0.0628571 0.401367
0 0.112305 0.12381 0.0390625 0.0571429 0.539062
0 0.15918 0.815238 0.0351562 0.0609524 0.579102
0 0.867188 0.824762 0.0351562 0.0419048 0.634766
0 0.490234 0.742857 0.0390625 0.0304762 0.708496
0 0.458008 0.804762 0.0410156 0.04 0.755371
0 0.65332 0.80381 0.0371094 0.0380952 0.76416
0 0.983398 0.970476 0.0332031 0.0590476 0.766602
0 0.496094 0.841905 0.0371094 0.0342857 0.779297
0 0.569824 0.742857 0.0302734 0.0304762 0.779785
0 0.70166 0.74381 0.0341797 0.0361905 0.789062
0 0.568848 0.826667 0.0419922 0.0761905 0.79248
0 0.367188 0.759048 0.0351562 0.0361905 0.806152
0 0.527344 0.801905 0.0410156 0.0380952 0.824707
0 0.175781 0.890476 0.0449219 0.0666667 0.825195
0 0.924316 0.834286 0.0380859 0.0609524 0.825195
0 0.645996 0.742857 0.0419922 0.0380952 0.826172
0 0.867188 0.882857 0.0351562 0.0514286 0.840332
0 0.377441 0.811429 0.0400391 0.0380952 0.843262
0 0.927246 0.930476 0.0341797 0.0552381 0.844238
0 0.924316 0.148571 0.0361328 0.0457143 0.847656
0 0.598145 0.855238 0.0419922 0.0647619 0.866699
0 0.224609 0.769524 0.0371094 0.0495238 0.867676
0 0.262207 0.838095 0.0400391 0.0419048 0.876465
0 0.286621 0.76 0.0419922 0.0419048 0.887207
0 0.12207 0.89619 0.0429688 0.0666667 0.887695
0 0.0302734 0.118095 0.0410156 0.0495238 0.895508
0 0.891602 0.0571429 0.0371094 0.0647619 0.912598
0 0.130859 0.04 0.046875 0.0761905 0.912598
