0 0.8125 0.75619 0.0429688 0.0380952 0.27002
0 0.0991211 0.072381 0.0478516 0.072381 0.297119
0 0.485352 0.962857 0.0351562 0.0704762 0.34375
0 0.508301 0.905714 0.0380859 0.0780952 0.476562
0 0.677246 0.874286 0.0419922 0.0380952 0.523926
0 0.176758 0.8 0.0371094 0.0609524 0.612793
0 0.765137 0.810476 0.0380859 0.04 0.640137
0 0.516602 0.742857 0.0371094 0.0304762 0.680176
0 0.628906 0.879048 0.0429688 0.04 0.719727
0 0.989746 0.16381 0.0205078 0.0457143 0.731445
0 0.588867 0.74381 0.03125 0.032381 0.757812
0 0.521973 0.840952 0.0380859 0.032381 0.782227
0 0.687988 0.809524 0.0361328 0.0419048 0.788086
0 0.722656 0.74381 0.0351562 0.0361905 0.804199
0 0.899902 0.913333 0.0341797 0.0552381 0.806152
0 0.205566 0.868571 0.0439453 0.0609524 0.821777
0 0.577148 0.817143 0.0429688 0.072381 0.830078
0 0.949219 0.861905 0.0390625 0.0704762 0.831543
0 0.385742 0.757143 0.0351562 0.032381 0.833008
0 0.665039 0.742857 0.0429688 0.0419048 0.839844
0 0.476562 0.804762 0.0429688 0.04 0.849121
0 0.867676 0.027619 0.0361328 0.0552381 0.859375
0 0.158203 0.86381 0.0449219 0.0666667 0.862793
0 0.395508 0.811429 0.0390625 0.0380952 0.866699
0 0.302734 0.758095 0.0410156 0.0380952 0.87207
0 0.896973 0.849524 0.0400391 0.0609524 0.872559
0 0.538574 0.801905 0.0419922 0.0419048 0.873535
0 0.608887 0.845714 0.0419922 0.0609524 0.87793
0 0.960938 0.967619 0.0351562 0.0571429 0.878418
0 0.237793 0.761905 0.0380859 0.0495238 0.878418
0 0.291504 0.831429 0.0380859 0.0361905 0.881348
0 0.876465 0.102857 0.0380859 0.0571429 0.904297
