0 0.596191 0.742857 0.0361328 0.0304762 0.406738
0 0.493164 0.949524 0.0429688 0.100952 0.434082
0 0.727051 0.889524 0.0400391 0.0457143 0.505371
0 0.102539 0.888571 0.0371094 0.0666667 0.509277
0 0.726074 0.745714 0.0380859 0.04 0.515625
0 0.135254 0.0409524 0.0439453 0.0742857 0.738281
0 0.762695 0.81619 0.0351562 0.04 0.760742
0 0.628906 0.88 0.0429688 0.0380952 0.769531
0 0.677246 0.873333 0.0419922 0.04 0.774902
0 0.500488 0.753333 0.0341797 0.032381 0.791504
0 0.283691 0.752381 0.0341797 0.0380952 0.79248
0 0.630371 0.832381 0.0380859 0.0342857 0.802734
0 0.939453 0.94381 0.0390625 0.0666667 0.817383
0 0.19043 0.878095 0.0429688 0.0647619 0.82373
0 0.674316 0.8 0.0400391 0.0419048 0.830566
0 0.458008 0.807619 0.0390625 0.0380952 0.835938
0 0.308105 0.798095 0.0400391 0.0380952 0.840332
0 0.588867 0.802857 0.0410156 0.04 0.842285
0 0.356445 0.745714 0.0351562 0.0361905 0.84375
0 0.260742 0.847619 0.0429688 0.0380952 0.853516
0 0.410156 0.817143 0.0390625 0.0380952 0.856934
0 0.353516 0.825714 0.0410156 0.0438095 0.860352
0 0.830566 0.757143 0.0439453 0.047619 0.873535
0 0.415039 0.749524 0.0410156 0.04 0.874023
0 0.504883 0.80381 0.0410156 0.0380952 0.876953
0 0.537109 0.873333 0.0429688 0.0628571 0.885742
0 0.916504 0.815238 0.0380859 0.0571429 0.886719
0 0.193359 0.793333 0.0390625 0.0552381 0.896484
