0 0.487793 0.958095 0.0341797 0.072381 0.282715
0 0.651367 0.742857 0.03125 0.0304762 0.327393
0 0.573242 0.840952 0.0351562 0.032381 0.499268
0 0.14209 0.0304762 0.0361328 0.0609524 0.544434
0 0.236328 0.764762 0.0332031 0.0438095 0.603516
0 0.837402 0.798095 0.0400391 0.0533333 0.608887
0 0.0581055 0.0828571 0.0380859 0.047619 0.645508
0 0.606445 0.800952 0.0410156 0.0438095 0.662598
0 0.628906 0.878095 0.0429688 0.0380952 0.726562
0 0.830566 0.761905 0.0361328 0.0380952 0.738281
0 0.677734 0.875238 0.0410156 0.0361905 0.750488
0 0.518555 0.892381 0.0410156 0.0704762 0.750977
0 0.0678711 0.106667 0.0361328 0.0457143 0.769043
0 0.45459 0.808571 0.0380859 0.0361905 0.820312
0 0.200684 0.866667 0.0439453 0.0571429 0.824219
0 0.475586 0.751429 0.0351562 0.032381 0.824219
0 0.91748 0.902857 0.0419922 0.0685714 0.825684
0 0.501465 0.804762 0.0439453 0.0361905 0.836914
0 0.550781 0.801905 0.0410156 0.0380952 0.84082
0 0.311035 0.748571 0.0361328 0.0342857 0.842773
0 0.750977 0.742857 0.0429688 0.0419048 0.850586
0 0.688477 0.817143 0.0371094 0.0419048 0.852051
0 0.387695 0.819048 0.0390625 0.0380952 0.868164
0 0.841797 0.842857 0.0390625 0.0552381 0.872559
0 0.373535 0.753333 0.0419922 0.04 0.885742
0 0.266602 0.804762 0.0410156 0.0438095 0.896484
0 0.304688 0.834286 0.0410156 0.0419048 0.896484
0 0.128906 0.93619 0.0449219 0.0704762 0.901367
0 0.119629 0.867619 0.0380859 0.0704762 0.911133
