0 0.605469 0.773333 0.0390625 0.0380952 0.258057
0 0.486816 0.96 0.0341797 0.0685714 0.316406
0 0.640137 0.742857 0.0322266 0.0342857 0.480225
0 0.227051 0.769524 0.0322266 0.0457143 0.532715
0 0.880859 0.0219048 0.03125 0.0438095 0.634766
0 0.104492 0.890476 0.0390625 0.0704762 0.675293
0 0.187988 0.873333 0.0439453 0.0552381 0.688965
0 0.558594 0.74381 0.0390625 0.0361905 0.69043
0 0.628906 0.877143 0.0429688 0.04 0.694336
0 0.564453 0.84 0.0351562 0.0342857 0.739746
0 0.677246 0.87619 0.0419922 0.0380952 0.742676
0 0.599609 0.80381 0.0429688 0.0495238 0.780762
0 0.46875 0.751429 0.0351562 0.032381 0.79541
0 0.820312 0.833333 0.0371094 0.047619 0.801758
0 0.254395 0.806667 0.0419922 0.047619 0.821289
0 0.51709 0.894286 0.0400391 0.0704762 0.822754
0 0.814941 0.75619 0.0361328 0.0419048 0.831055
0 0.500977 0.80381 0.0429688 0.0380952 0.842285
0 0.302246 0.750476 0.0341797 0.0342857 0.84375
0 0.114258 0.954286 0.0449219 0.072381 0.845215
0 0.452148 0.807619 0.0371094 0.0380952 0.84668
0 0.73877 0.742857 0.0439453 0.0419048 0.855469
0 0.548828 0.801905 0.0390625 0.0380952 0.856934
0 0.365234 0.754286 0.0410156 0.0380952 0.875488
0 0.675293 0.818095 0.0380859 0.0438095 0.880371
0 0.378906 0.820952 0.0390625 0.0380952 0.891113
0 0.292969 0.837143 0.0410156 0.0438095 0.894531
