0 0.677734 0.875238 0.0410156 0.0361905 0.416016
0 0.48584 0.962857 0.0322266 0.0666667 0.46875
0 0.628418 0.879048 0.0439453 0.04 0.471436
0 0.550293 0.840952 0.0361328 0.032381 0.520996
0 0.551758 0.74381 0.0390625 0.032381 0.595703
0 0.62207 0.742857 0.0332031 0.0342857 0.596191
0 0.880371 0.787619 0.0400391 0.0552381 0.618164
0 0.0727539 0.938095 0.0400391 0.0742857 0.702148
0 0.863281 0.849524 0.0410156 0.0533333 0.732422
0 0.591309 0.807619 0.0419922 0.0571429 0.774902
0 0.779785 0.817143 0.0380859 0.0457143 0.775879
0 0.164551 0.891429 0.0458984 0.0685714 0.783691
0 0.546875 0.80381 0.0390625 0.0380952 0.788086
0 0.51416 0.89619 0.0400391 0.0742857 0.805176
0 0.445801 0.753333 0.0361328 0.032381 0.807617
0 0.972656 0.958095 0.0351562 0.072381 0.820312
0 0.784668 0.750476 0.0341797 0.0380952 0.827637
0 0.22998 0.81619 0.0439453 0.0552381 0.83252
0 0.441406 0.810476 0.0390625 0.0361905 0.850586
0 0.717285 0.741905 0.0419922 0.04 0.862793
0 0.282227 0.750476 0.0351562 0.0380952 0.865234
0 0.27002 0.841905 0.0419922 0.0495238 0.866699
0 0.498535 0.80381 0.0419922 0.0380952 0.867676
0 0.908203 0.0666667 0.0390625 0.072381 0.869141
0 0.346191 0.754286 0.0419922 0.0380952 0.870117
0 0.354004 0.822857 0.0400391 0.0380952 0.884277
0 0.651855 0.825714 0.0380859 0.0438095 0.887695
