0 0.485352 0.960952 0.0332031 0.0666667 0.380371
0 0.547852 0.742857 0.0390625 0.0342857 0.384521
0 0.0532227 0.961905 0.0458984 0.0761905 0.61084
0 0.842285 0.835238 0.0400391 0.0514286 0.663086
0 0.677246 0.874286 0.0419922 0.0380952 0.663086
0 0.613281 0.74381 0.0292969 0.0285714 0.67334
0 0.141602 0.104762 0.0429688 0.072381 0.680176
0 0.758789 0.814286 0.0390625 0.047619 0.6875
0 0.203613 0.790476 0.0439453 0.072381 0.708008
0 0.546875 0.840952 0.0351562 0.0361905 0.708496
0 0.513184 0.899048 0.0400391 0.0761905 0.751465
0 0.628418 0.879048 0.0439453 0.04 0.785645
0 0.433105 0.754286 0.0361328 0.0342857 0.79541
0 0.432617 0.807619 0.0390625 0.0380952 0.819336
0 0.545898 0.80381 0.0410156 0.0380952 0.819824
0 0.769043 0.748571 0.0341797 0.0380952 0.824219
0 0.95752 0.933333 0.0341797 0.0685714 0.842285
0 0.588379 0.808571 0.0419922 0.0628571 0.844238
0 0.150391 0.904762 0.0449219 0.072381 0.852051
0 0.706055 0.741905 0.0410156 0.04 0.855957
0 0.216797 0.821905 0.0410156 0.0552381 0.856445
0 0.496582 0.804762 0.0419922 0.04 0.861816
0 0.924805 0.0942857 0.0410156 0.0704762 0.869141
0 0.336914 0.75619 0.0429688 0.0419048 0.878418
0 0.271484 0.751429 0.0371094 0.04 0.88623
0 0.640625 0.828571 0.0390625 0.0457143 0.89502
0 0.257324 0.845714 0.0419922 0.0495238 0.897461
0 0.341797 0.822857 0.0390625 0.0380952 0.901367
