0 0.0112305 0.118095 0.0224609 0.0495238 0.322266
0 0.727051 0.888571 0.0400391 0.0438095 0.39917
0 0.0966797 0.0533333 0.0449219 0.0647619 0.532715
0 0.62793 0.878095 0.0429688 0.0380952 0.552246
0 0.962402 0.972381 0.0400391 0.0552381 0.629395
0 0.661133 0.828571 0.0371094 0.0342857 0.692871
0 0.128906 0.851429 0.0390625 0.0685714 0.708496
0 0.677734 0.875238 0.0410156 0.0361905 0.758301
0 0.498047 0.939048 0.0507812 0.118095 0.77002
0 0.507324 0.755238 0.0341797 0.032381 0.773926
0 0.712891 0.800952 0.0410156 0.0438095 0.803711
0 0.104492 0.072381 0.0449219 0.0685714 0.805176
0 0.30127 0.751429 0.0322266 0.0361905 0.833008
0 0.412109 0.818095 0.0390625 0.0361905 0.842285
0 0.286133 0.848571 0.0410156 0.0361905 0.849121
0 0.513672 0.804762 0.0429688 0.04 0.853516
0 0.369629 0.746667 0.0361328 0.0342857 0.85498
0 0.458008 0.808571 0.0371094 0.0361905 0.856445
0 0.611328 0.802857 0.0410156 0.04 0.856445
0 0.550781 0.864762 0.0429688 0.0609524 0.859863
0 0.31543 0.799048 0.0390625 0.0361905 0.860352
0 0.79541 0.820952 0.0419922 0.0457143 0.870605
0 0.363281 0.825714 0.0410156 0.04 0.876953
0 0.427734 0.750476 0.0429688 0.0380952 0.879395
0 0.220703 0.777143 0.0371094 0.0533333 0.898438
0 0.949219 0.857143 0.0351562 0.0647619 0.899414
0 0.210449 0.86381 0.0439453 0.0590476 0.904785
0 0.868164 0.77619 0.046875 0.0552381 0.911621
0 0.171387 0.047619 0.0439453 0.0838095 0.928223
