0 0.539551 0.731429 0.0263672 0.0228571 0.289062
0 0.726562 0.889524 0.0410156 0.0457143 0.310303
0 0.769531 0.904762 0.0390625 0.0495238 0.349854
0 0.876465 0.807619 0.0322266 0.0495238 0.427979
0 0.677246 0.874286 0.0419922 0.0380952 0.4375
0 0.690918 0.742857 0.0361328 0.0342857 0.497803
0 0.0834961 0.971429 0.0439453 0.0571429 0.510742
0 0.0180664 0.119048 0.0361328 0.0438095 0.57373
0 0.0854492 0.908571 0.0380859 0.072381 0.608887
0 0.830566 0.76 0.0322266 0.0380952 0.618164
0 0.123047 0.0580952 0.0429688 0.0704762 0.65625
0 0.628906 0.878095 0.0429688 0.0380952 0.67334
0 0.769531 0.839048 0.0390625 0.0514286 0.759277
0 0.371094 0.82381 0.0390625 0.0361905 0.763672
0 0.530273 0.757143 0.0351562 0.032381 0.776855
0 0.520508 0.900952 0.0585938 0.110476 0.803223
0 0.328125 0.749524 0.0332031 0.0361905 0.838379
0 0.384277 0.745714 0.0361328 0.0361905 0.84375
0 0.809082 0.818095 0.0439453 0.047619 0.84668
0 0.412598 0.818095 0.0380859 0.0361905 0.851562
0 0.605957 0.84 0.0400391 0.0457143 0.854492
0 0.0893555 0.145714 0.0458984 0.0628571 0.856445
0 0.334473 0.857143 0.0419922 0.0380952 0.860352
0 0.325195 0.797143 0.0410156 0.0361905 0.864258
0 0.259277 0.842857 0.0419922 0.0438095 0.867188
0 0.467285 0.808571 0.0380859 0.0361905 0.867676
0 0.678711 0.802857 0.0410156 0.04 0.869141
0 0.87793 0.858095 0.0390625 0.0552381 0.876465
0 0.187012 0.797143 0.0400391 0.0552381 0.87793
0 0.561523 0.805714 0.0410156 0.0380952 0.878418
0 0.45752 0.750476 0.0419922 0.0380952 0.892578
0 0.272949 0.757143 0.0380859 0.0438095 0.89502
0 0.955078 0.855238 0.046875 0.072381 0.907715
