0 0.0625 0.128571 0.046875 0.0514286 0.291992
0 0.496094 0.97619 0.0273438 0.0438095 0.335938
0 0.677246 0.874286 0.0419922 0.0380952 0.472412
0 0.00976562 0.12 0.0195312 0.0380952 0.476318
0 0.847656 0.766667 0.0371094 0.04 0.501953
0 0.706543 0.741905 0.0380859 0.032381 0.692383
0 0.110352 0.0714286 0.0449219 0.0704762 0.722656
0 0.628418 0.88 0.0419922 0.0380952 0.744141
0 0.0703125 0.16 0.0449219 0.0571429 0.79248
0 0.331055 0.748571 0.0332031 0.0342857 0.796387
0 0.341309 0.859048 0.0419922 0.0380952 0.80127
0 0.371094 0.824762 0.0390625 0.0380952 0.801758
0 0.0957031 0.889524 0.0390625 0.072381 0.813477
0 0.538574 0.757143 0.0361328 0.0361905 0.822754
0 0.82959 0.82381 0.0400391 0.047619 0.827637
0 0.385742 0.744762 0.0351562 0.0342857 0.829102
0 0.269043 0.840952 0.0419922 0.0438095 0.850586
0 0.325195 0.797143 0.0410156 0.0361905 0.85498
0 0.696289 0.802857 0.0410156 0.04 0.857422
0 0.412598 0.818095 0.0380859 0.0361905 0.861816
0 0.474609 0.808571 0.0410156 0.0361905 0.86377
0 0.52832 0.888571 0.0585938 0.104762 0.869141
0 0.618652 0.83619 0.0400391 0.0419048 0.872559
0 0.198242 0.791429 0.0371094 0.0514286 0.876465
0 0.464355 0.750476 0.0419922 0.0380952 0.876953
0 0.572266 0.805714 0.0410156 0.0380952 0.881836
0 0.107422 0.949524 0.0429688 0.0742857 0.89209
0 0.892578 0.868571 0.0390625 0.0533333 0.898438
0 0.279297 0.755238 0.0371094 0.04 0.900879
0 0.970703 0.87619 0.046875 0.0761905 0.930176
