0 0.15332 0.821905 0.0429688 0.0666667 0.310547
0 0.143555 0.800952 0.046875 0.0704762 0.344971
0 0.677246 0.874286 0.0400391 0.0380952 0.415283
0 0.628906 0.877143 0.0429688 0.04 0.431396
0 0.727539 0.887619 0.0410156 0.0457143 0.439209
0 0.808105 0.751429 0.0380859 0.0361905 0.707031
0 0.583008 0.758095 0.0332031 0.0304762 0.707031
0 0.698242 0.830476 0.0410156 0.0419048 0.724609
0 0.344238 0.747619 0.0341797 0.0361905 0.768066
0 0.938965 0.838095 0.0380859 0.0609524 0.806152
0 0.898926 0.921905 0.0361328 0.0609524 0.819824
0 0.325195 0.798095 0.0410156 0.0380952 0.830566
0 0.410156 0.745714 0.0351562 0.032381 0.84082
0 0.104492 0.934286 0.0664062 0.108571 0.850098
0 0.633789 0.806667 0.0410156 0.04 0.850586
0 0.383789 0.865714 0.0410156 0.0361905 0.851074
0 0.573242 0.850476 0.0625 0.0857143 0.854004
0 0.429688 0.815238 0.0390625 0.0380952 0.861328
0 0.308594 0.84 0.0410156 0.0380952 0.86377
0 0.523926 0.804762 0.0419922 0.04 0.865723
0 0.799805 0.82 0.0449219 0.047619 0.867676
0 0.914062 0.878095 0.0429688 0.0647619 0.872559
0 0.210938 0.841905 0.0410156 0.0571429 0.882812
0 0.241211 0.773333 0.0371094 0.0419048 0.883301
0 0.296875 0.754286 0.0371094 0.0380952 0.891113
0 0.374512 0.82381 0.0400391 0.04 0.899414
0 0.511719 0.748571 0.0429688 0.0380952 0.90625
0 0.520508 0.925714 0.0410156 0.0838095 0.914551
0 0.957031 0.942857 0.0390625 0.0685714 0.915527
