0 0.677246 0.873333 0.0419922 0.04 0.278564
0 0.707031 0.815238 0.0429688 0.0419048 0.355469
0 0.984375 0.917143 0.03125 0.0857143 0.481445
0 0.629395 0.879048 0.0439453 0.04 0.482666
0 0.191895 0.782857 0.0458984 0.0571429 0.540527
0 0.897461 0.881905 0.0449219 0.0685714 0.579102
0 0.250488 0.766667 0.0380859 0.04 0.613281
0 0.66748 0.750476 0.0361328 0.0419048 0.669922
0 0.626953 0.822857 0.0605469 0.0685714 0.675781
0 0.375977 0.746667 0.03125 0.0342857 0.731934
0 0.552246 0.88 0.0439453 0.0685714 0.822266
0 0.565918 0.801905 0.0400391 0.0380952 0.840332
0 0.177246 0.862857 0.0693359 0.0914286 0.852051
0 0.336426 0.84 0.0400391 0.0380952 0.852539
0 0.439453 0.86381 0.0429688 0.04 0.864258
0 0.465332 0.74381 0.0361328 0.032381 0.867188
0 0.575195 0.745714 0.0410156 0.0361905 0.872559
0 0.305176 0.752381 0.0361328 0.0380952 0.875977
0 0.339844 0.798095 0.0410156 0.0380952 0.876953
0 0.968262 0.952381 0.0439453 0.0761905 0.882812
0 0.411133 0.82 0.0410156 0.0438095 0.889648
0 0.470703 0.813333 0.0390625 0.0380952 0.896484
0 0.27002 0.811429 0.0419922 0.0457143 0.898926
