0 0.815918 0.906667 0.0400391 0.0457143 0.278076
0 0.769531 0.90381 0.0390625 0.047619 0.351318
0 0.727051 0.889524 0.0400391 0.0419048 0.485596
0 0.628906 0.877143 0.0429688 0.04 0.649414
0 0.765625 0.744762 0.0371094 0.0342857 0.775391
0 0.339844 0.748571 0.03125 0.0342857 0.787598
0 0.678223 0.875238 0.0400391 0.0361905 0.798828
0 0.607422 0.804762 0.0410156 0.04 0.80127
0 0.904785 0.80381 0.0400391 0.0571429 0.806152
0 0.326172 0.797143 0.0410156 0.0361905 0.807617
0 0.505859 0.806667 0.0410156 0.0361905 0.821289
0 0.364746 0.862857 0.0419922 0.0342857 0.822266
0 0.5625 0.759048 0.0351562 0.032381 0.827637
0 0.396973 0.744762 0.0361328 0.0342857 0.833496
0 0.664062 0.830476 0.0390625 0.0380952 0.833984
0 0.29541 0.84 0.0400391 0.0380952 0.839355
0 0.756836 0.809524 0.0410156 0.0419048 0.842285
0 0.418457 0.818095 0.0380859 0.0361905 0.865234
0 0.854492 0.880952 0.0371094 0.0552381 0.868164
0 0.29248 0.755238 0.0361328 0.04 0.872559
0 0.371094 0.822857 0.0390625 0.0380952 0.876953
0 0.883301 0.850476 0.0439453 0.0590476 0.87793
0 0.227539 0.777143 0.0371094 0.0457143 0.887695
0 0.507812 0.952381 0.0390625 0.0838095 0.889648
0 0.492676 0.748571 0.0419922 0.0419048 0.893066
0 0.555176 0.861905 0.0595703 0.0895238 0.899414
0 0.171875 0.872381 0.0429688 0.0685714 0.906738
0 0.932617 0.908571 0.0390625 0.0647619 0.918457
