0 0.677246 0.875238 0.0400391 0.0361905 0.511719
0 0.628906 0.878095 0.0429688 0.0419048 0.612305
0 0.187988 0.785714 0.0439453 0.0552381 0.625488
0 0.959473 0.939048 0.0400391 0.072381 0.637695
0 0.983887 0.911429 0.0322266 0.0628571 0.63916
0 0.693359 0.812381 0.0410156 0.0438095 0.678223
0 0.646484 0.754286 0.0351562 0.0380952 0.729492
0 0.248535 0.768571 0.0380859 0.04 0.754883
0 0.366211 0.748571 0.0351562 0.0419048 0.782227
0 0.883301 0.867619 0.0419922 0.0590476 0.796387
0 0.614258 0.827619 0.0605469 0.0742857 0.802246
0 0.557129 0.801905 0.0400391 0.0380952 0.810059
0 0.45166 0.74381 0.0361328 0.032381 0.838867
0 0.328125 0.839048 0.0390625 0.0361905 0.84668
0 0.428711 0.862857 0.0410156 0.0380952 0.856934
0 0.333008 0.797143 0.0410156 0.04 0.874512
0 0.401855 0.820952 0.0400391 0.0419048 0.875977
0 0.462402 0.812381 0.0400391 0.04 0.876465
0 0.303223 0.754286 0.0361328 0.0380952 0.879883
0 0.559082 0.745714 0.0400391 0.0361905 0.881348
0 0.259277 0.814286 0.0419922 0.0514286 0.883301
0 0.165039 0.871429 0.0683594 0.0933333 0.883789
0 0.546875 0.886667 0.0429688 0.0704762 0.894531
