0 0.920898 0.815238 0.0410156 0.0647619 0.451904
1 0.187012 0.857143 0.0732422 0.0914286 0.555176
0 0.249512 0.767619 0.0419922 0.0419048 0.601562
0 0.911621 0.898095 0.0419922 0.0666667 0.64209
0 0.186523 0.856191 0.0722656 0.0895238 0.64502
0 0.63916 0.818095 0.0595703 0.0628571 0.65332
0 0.6875 0.751429 0.0351562 0.0361905 0.694336
0 0.386719 0.745714 0.03125 0.0361905 0.765625
0 0.575195 0.800952 0.0390625 0.0361905 0.841309
0 0.558594 0.875238 0.0449219 0.0666667 0.847656
0 0.977051 0.96381 0.0419922 0.072381 0.854492
0 0.347656 0.798095 0.0410156 0.0380952 0.866699
0 0.479004 0.741905 0.0361328 0.032381 0.868652
0 0.592773 0.744762 0.0410156 0.0380952 0.87207
0 0.346191 0.840952 0.0400391 0.04 0.874023
0 0.450195 0.86381 0.0429688 0.04 0.874512
0 0.478516 0.812381 0.0390625 0.0361905 0.878418
0 0.419434 0.818095 0.0419922 0.04 0.880371
0 0.308594 0.753333 0.0371094 0.04 0.890137
0 0.279785 0.808571 0.0400391 0.0438095 0.895996
