0 0.628906 0.878095 0.0429688 0.0380952 0.275635
0 0.677246 0.874286 0.0419922 0.0380952 0.317139
0 0.726562 0.888571 0.0410156 0.047619 0.429443
0 0.164062 0.810476 0.0429688 0.0666667 0.493896
0 0.717285 0.831429 0.0380859 0.0438095 0.671875
0 0.347656 0.746667 0.0332031 0.0380952 0.680176
0 0.828125 0.758095 0.0371094 0.0380952 0.740234
0 0.58252 0.84381 0.0615234 0.0838095 0.813965
0 0.910156 0.94 0.0507812 0.0819048 0.818848
0 0.595703 0.757143 0.0351562 0.0361905 0.818848
0 0.531738 0.804762 0.0400391 0.0361905 0.831543
0 0.313477 0.840952 0.0410156 0.0361905 0.833008
0 0.953125 0.856191 0.0410156 0.0666667 0.841797
0 0.243652 0.771429 0.0380859 0.0457143 0.852051
0 0.92627 0.891429 0.0439453 0.0685714 0.855469
0 0.324707 0.796191 0.0400391 0.0380952 0.855469
0 0.39502 0.865714 0.0419922 0.0361905 0.856934
0 0.226562 0.830476 0.0410156 0.0533333 0.859863
0 0.4375 0.815238 0.0390625 0.0380952 0.86084
0 0.419434 0.744762 0.0341797 0.0342857 0.86084
0 0.119629 0.917143 0.0673828 0.100952 0.867676
0 0.521484 0.747619 0.0410156 0.04 0.868164
0 0.527832 0.913333 0.0419922 0.0780952 0.875977
0 0.648438 0.808571 0.0429688 0.04 0.876465
0 0.378906 0.82381 0.0410156 0.04 0.878418
0 0.822266 0.828571 0.0449219 0.0495238 0.883301
0 0.297852 0.754286 0.0371094 0.0380952 0.891113
0 0.966797 0.960952 0.0390625 0.0704762 0.895508
