0 0.677734 0.873333 0.0429688 0.04 0.37207
0 0.666992 0.812381 0.0585938 0.0590476 0.505859
0 0.20166 0.777143 0.0458984 0.0533333 0.521973
0 0.946777 0.853333 0.0400391 0.072381 0.643555
0 0.62793 0.878095 0.0429688 0.0380952 0.65332
0 0.724121 0.746667 0.0439453 0.0457143 0.721191
1 0.20752 0.84381 0.0673828 0.072381 0.728516
0 0.410156 0.744762 0.03125 0.0342857 0.765625
0 0.255859 0.766667 0.0371094 0.04 0.795898
0 0.751953 0.814286 0.0546875 0.0628571 0.806152
0 0.568848 0.865714 0.0458984 0.0628571 0.812012
0 0.597656 0.798095 0.0390625 0.0380952 0.833984
0 0.854004 0.872381 0.0400391 0.0571429 0.844727
0 0.436523 0.81619 0.0410156 0.04 0.847656
0 0.510254 0.741905 0.0361328 0.032381 0.857422
0 0.470703 0.860952 0.0429688 0.0380952 0.868164
0 0.632812 0.744762 0.0429688 0.0419048 0.868164
0 0.369629 0.840952 0.0400391 0.04 0.868652
0 0.493652 0.811429 0.0400391 0.0380952 0.877441
0 0.299316 0.802857 0.0400391 0.0438095 0.882324
0 0.320801 0.750476 0.0361328 0.0380952 0.884766
0 0.366699 0.798095 0.0400391 0.0380952 0.887695
0 0.93457 0.925714 0.0449219 0.072381 0.902344
