0 0.505859 0.968571 0.0390625 0.0628571 0.337402
0 0.898926 0.909524 0.0419922 0.0628571 0.375488
1 0.303711 0.82 0.0644531 0.047619 0.435791
0 0.229492 0.76 0.0449219 0.0495238 0.45874
0 0.109863 0.929524 0.0322266 0.0571429 0.519043
0 0.203613 0.840952 0.0458984 0.0590476 0.581055
0 0.303711 0.82 0.0664062 0.047619 0.634766
0 0.62793 0.877143 0.0429688 0.04 0.657715
0 0.677734 0.87619 0.0410156 0.0380952 0.724609
0 0.147949 0.839048 0.0439453 0.0704762 0.751465
0 0.162598 0.0733333 0.0478516 0.0819048 0.756836
0 0.720215 0.797143 0.0380859 0.04 0.769043
0 0.0913086 0.898095 0.0419922 0.0780952 0.776855
0 0.653809 0.830476 0.0400391 0.0419048 0.829102
0 0.541016 0.740952 0.03125 0.0342857 0.836914
0 0.595215 0.80381 0.0380859 0.0380952 0.849609
0 0.664062 0.737143 0.0351562 0.0342857 0.851074
0 0.347656 0.755238 0.0371094 0.0361905 0.85791
0 0.560059 0.848571 0.0419922 0.04 0.858887
0 0.759277 0.740952 0.0400391 0.0380952 0.86084
0 0.529785 0.807619 0.0400391 0.0380952 0.870117
0 0.459473 0.837143 0.0400391 0.04 0.876953
0 0.398438 0.799048 0.0390625 0.04 0.881348
0 0.462402 0.795238 0.0400391 0.04 0.899414
0 0.431641 0.74381 0.0351562 0.0361905 0.899902
