0 0.790527 0.800952 0.0576172 0.0590476 0.280029
0 0.09375 0.951429 0.0351562 0.0628571 0.371826
0 0.886719 0.89619 0.0429688 0.0666667 0.515137
0 0.677246 0.875238 0.0400391 0.0361905 0.658691
0 0.183594 0.854286 0.046875 0.0742857 0.688965
0 0.628906 0.88 0.0429688 0.0380952 0.689453
0 0.225098 0.766667 0.0419922 0.0514286 0.695312
0 0.291504 0.82 0.0654297 0.0514286 0.703125
0 0.702637 0.795238 0.0419922 0.04 0.73877
0 0.519043 0.807619 0.0400391 0.0419048 0.756836
0 0.165039 0.0704762 0.0488281 0.0838095 0.758789
0 0.143555 0.841905 0.0429688 0.0761905 0.802734
0 0.526367 0.742857 0.03125 0.0304762 0.810059
0 0.332031 0.757143 0.0351562 0.0361905 0.833008
0 0.874023 0.802857 0.0371094 0.0514286 0.836426
0 0.548828 0.851429 0.0429688 0.0380952 0.854492
0 0.641113 0.832381 0.0419922 0.0419048 0.857422
0 0.649902 0.738095 0.0361328 0.0361905 0.859863
0 0.0854492 0.907619 0.0458984 0.0819048 0.860352
0 0.756836 0.740952 0.0410156 0.0380952 0.868652
0 0.388184 0.8 0.0380859 0.0380952 0.873047
0 0.583984 0.805714 0.0390625 0.0342857 0.874512
0 0.450195 0.838095 0.0410156 0.0380952 0.897461
0 0.417969 0.74381 0.0351562 0.0361905 0.900391
0 0.450195 0.795238 0.0410156 0.04 0.905762
