0 0.152344 0.888571 0.0449219 0.0780952 0.260742
0 0.759277 0.797143 0.0537109 0.0514286 0.263916
1 0.76123 0.800952 0.0576172 0.0552381 0.291748
1 0.26709 0.82381 0.0673828 0.0552381 0.443604
0 0.677246 0.874286 0.0419922 0.0380952 0.480225
0 0.164551 0.0247619 0.0380859 0.0495238 0.605469
0 0.268066 0.82381 0.0673828 0.0552381 0.645996
0 0.215332 0.773333 0.0419922 0.0533333 0.687012
0 0.862793 0.874286 0.0419922 0.0571429 0.718262
0 0.628906 0.879048 0.0429688 0.04 0.727051
0 0.496094 0.74381 0.03125 0.032381 0.74707
0 0.673828 0.798095 0.0390625 0.0380952 0.751953
0 0.614258 0.74 0.0351562 0.0361905 0.823242
0 0.843262 0.779048 0.0419922 0.0571429 0.833008
0 0.748047 0.742857 0.0410156 0.0380952 0.84375
0 0.527832 0.853333 0.0419922 0.0380952 0.858398
0 0.172852 0.0590476 0.046875 0.0838095 0.875977
0 0.432617 0.839048 0.0410156 0.04 0.875977
0 0.617676 0.838095 0.0419922 0.0457143 0.87793
0 0.366699 0.8 0.0380859 0.0380952 0.881836
0 0.560547 0.806667 0.0390625 0.0361905 0.882812
0 0.303223 0.761905 0.0361328 0.0380952 0.887207
0 0.428223 0.796191 0.0400391 0.0380952 0.888184
0 0.495605 0.810476 0.0419922 0.04 0.890137
0 0.391113 0.744762 0.0361328 0.0380952 0.896484
