0 0.193848 0.027619 0.0380859 0.0552381 0.279297
0 0.696777 0.805714 0.0595703 0.0571429 0.339111
1 0.697266 0.805714 0.0585938 0.0533333 0.354492
0 0.226562 0.83619 0.0683594 0.072381 0.358887
0 0.677246 0.873333 0.0439453 0.04 0.404785
0 0.436035 0.745714 0.0302734 0.032381 0.626953
0 0.884277 0.9 0.0419922 0.0628571 0.631348
0 0.628906 0.877143 0.0429688 0.04 0.68457
0 0.766602 0.753333 0.0371094 0.0438095 0.687012
0 0.791992 0.829524 0.0527344 0.0590476 0.713379
1 0.227051 0.835238 0.0693359 0.0704762 0.741699
0 0.102051 0.895238 0.0419922 0.0761905 0.75293
0 0.206055 0.774286 0.046875 0.0514286 0.790039
0 0.582031 0.857143 0.0429688 0.0609524 0.808105
0 0.674316 0.742857 0.0419922 0.0380952 0.818359
0 0.621094 0.796191 0.0390625 0.0380952 0.830566
0 0.967285 0.888571 0.0439453 0.0819048 0.834961
0 0.513672 0.811429 0.0390625 0.0342857 0.858887
0 0.544922 0.74 0.0351562 0.032381 0.862305
0 0.489258 0.859048 0.0410156 0.0380952 0.86377
0 0.455078 0.815238 0.0410156 0.0457143 0.866699
0 0.265625 0.765714 0.0351562 0.0380952 0.868652
0 0.393066 0.839048 0.0400391 0.04 0.870605
0 0.320801 0.800952 0.0380859 0.04 0.871582
0 0.340332 0.747619 0.0361328 0.04 0.883301
0 0.953125 0.954286 0.0429688 0.072381 0.886719
0 0.387207 0.798095 0.0419922 0.0380952 0.90332
