0 0.629395 0.877143 0.0419922 0.04 0.286377
1 0.731445 0.802857 0.0566406 0.0552381 0.315674
0 0.166016 0.0257143 0.0429688 0.0514286 0.323486
0 0.730957 0.8 0.0556641 0.0533333 0.340332
0 0.971191 0.970476 0.0439453 0.0590476 0.551758
0 0.210449 0.772381 0.0439453 0.0514286 0.588379
1 0.246094 0.827619 0.0683594 0.0666667 0.625977
0 0.245605 0.828571 0.0693359 0.0685714 0.647949
0 0.981445 0.92 0.0371094 0.0876191 0.657715
0 0.599121 0.848571 0.0458984 0.0590476 0.772461
0 0.465332 0.74381 0.0302734 0.032381 0.773926
0 0.806152 0.76 0.0400391 0.0495238 0.791504
0 0.909668 0.925714 0.0439453 0.0685714 0.799805
0 0.646484 0.796191 0.0390625 0.0380952 0.830078
0 0.509277 0.855238 0.0419922 0.0380952 0.854004
0 0.57959 0.74 0.0341797 0.032381 0.86084
0 0.474121 0.812381 0.0400391 0.04 0.861816
0 0.414062 0.838095 0.0410156 0.0380952 0.869629
0 0.719727 0.741905 0.0429688 0.04 0.874023
0 0.343262 0.8 0.0400391 0.0380952 0.874512
0 0.537109 0.808571 0.0390625 0.0361905 0.875488
0 0.407715 0.797143 0.0400391 0.04 0.876953
0 0.183594 0.0428571 0.046875 0.0857143 0.884277
0 0.28125 0.762857 0.0371094 0.04 0.887207
0 0.365234 0.746667 0.0351562 0.0380952 0.888184
