0 0.708496 0.793333 0.0615234 0.0552381 0.259033
0 0.677246 0.874286 0.0419922 0.0380952 0.318604
0 0.166016 0.0247619 0.0390625 0.0495238 0.368164
0 0.80957 0.837143 0.0566406 0.0666667 0.43335
1 0.236328 0.833333 0.0683594 0.0704762 0.577637
0 0.628906 0.877143 0.0410156 0.04 0.57959
0 0.236328 0.832381 0.0683594 0.072381 0.582031
0 0.978516 0.910476 0.0390625 0.0761905 0.69043
0 0.208496 0.772381 0.0458984 0.0514286 0.713379
0 0.787109 0.75619 0.0429688 0.0571429 0.75293
0 0.450684 0.745714 0.0302734 0.032381 0.766602
0 0.190918 0.0371429 0.0478516 0.0742857 0.786621
0 0.897461 0.911429 0.0410156 0.0628571 0.806152
0 0.962402 0.96381 0.0439453 0.072381 0.807617
0 0.562012 0.74 0.0361328 0.032381 0.837402
0 0.634766 0.796191 0.0390625 0.0380952 0.843262
0 0.499512 0.858095 0.0419922 0.0361905 0.848633
0 0.272461 0.76381 0.0371094 0.0380952 0.852539
0 0.697266 0.742857 0.0410156 0.0380952 0.855957
0 0.463379 0.813333 0.0419922 0.0419048 0.857422
0 0.588867 0.851429 0.0429688 0.0571429 0.859375
0 0.524902 0.810476 0.0400391 0.0361905 0.867676
0 0.404297 0.838095 0.0390625 0.0380952 0.874023
0 0.353027 0.746667 0.0361328 0.0380952 0.874512
0 0.332031 0.8 0.0390625 0.0380952 0.878418
0 0.398438 0.798095 0.0410156 0.0380952 0.888184
