0 0.165039 0.0266667 0.0390625 0.0533333 0.308838
0 0.246094 0.757143 0.0429688 0.0514286 0.37915
0 0.234863 0.822857 0.0439453 0.0533333 0.524902
1 0.324707 0.819048 0.0673828 0.0495238 0.551758
0 0.82959 0.808571 0.0595703 0.0628571 0.554199
0 0.325195 0.818095 0.0664062 0.047619 0.623535
0 0.913086 0.84381 0.0371094 0.0647619 0.726074
0 0.158691 0.827619 0.0419922 0.0666667 0.763184
0 0.918457 0.937143 0.0419922 0.0761905 0.763672
0 0.196289 0.0266667 0.0332031 0.0533333 0.77002
0 0.628906 0.879048 0.0429688 0.04 0.775879
0 0.0996094 0.884762 0.0410156 0.0742857 0.776855
0 0.570801 0.741905 0.0302734 0.032381 0.796387
0 0.680664 0.828571 0.0410156 0.0380952 0.818359
0 0.677246 0.87619 0.0419922 0.0380952 0.821289
0 0.689453 0.737143 0.0351562 0.0342857 0.847168
0 0.477539 0.834286 0.0410156 0.0380952 0.848633
0 0.618652 0.801905 0.0380859 0.0342857 0.850586
0 0.748047 0.801905 0.0390625 0.0419048 0.854004
0 0.583984 0.844762 0.0410156 0.04 0.85498
0 0.550781 0.806667 0.0410156 0.04 0.855469
0 0.490723 0.793333 0.0400391 0.0361905 0.85791
0 0.15918 0.08 0.0507812 0.08 0.865723
0 0.765625 0.74381 0.0390625 0.04 0.870605
0 0.379883 0.753333 0.0351562 0.0361905 0.87207
0 0.459473 0.741905 0.0361328 0.0361905 0.885742
0 0.519043 0.954286 0.0419922 0.0838095 0.887695
0 0.418945 0.796191 0.0390625 0.0380952 0.892578
