1 0.401855 0.815238 0.0634766 0.0457143 0.295898
0 0.666992 0.740952 0.03125 0.0342857 0.364502
0 0.147949 0.82381 0.0439453 0.0742857 0.414551
0 0.165039 0.0247619 0.0390625 0.0495238 0.477783
0 0.769531 0.904762 0.0390625 0.0495238 0.575195
0 0.98291 0.964762 0.0341797 0.0704762 0.64209
0 0.727539 0.888571 0.0410156 0.0438095 0.665039
0 0.255859 0.822857 0.0332031 0.0380952 0.6875
0 0.402832 0.814286 0.0654297 0.047619 0.719238
0 0.337402 0.741905 0.0439453 0.0361905 0.74707
0 0.213867 0.778095 0.0410156 0.0590476 0.760254
0 0.105469 0.135238 0.0371094 0.0571429 0.771484
0 0.824219 0.818095 0.0429688 0.0514286 0.790527
0 0.62793 0.878095 0.0429688 0.0419048 0.797852
0 0.677734 0.87619 0.0410156 0.0380952 0.80127
0 0.665527 0.838095 0.0419922 0.0380952 0.811035
0 0.772461 0.842857 0.0429688 0.0514286 0.829102
0 0.565918 0.791429 0.0400391 0.0361905 0.836914
0 0.322754 0.798095 0.0439453 0.0380952 0.847168
0 0.548828 0.831429 0.0390625 0.0361905 0.848633
0 0.708984 0.800952 0.0390625 0.04 0.856934
0 0.192871 0.0314286 0.0322266 0.0628571 0.857422
0 0.487305 0.794286 0.0390625 0.0380952 0.857422
0 0.5625 0.906667 0.0429688 0.0609524 0.860352
0 0.812988 0.752381 0.0419922 0.0457143 0.865234
0 0.483887 0.954286 0.0302734 0.08 0.867676
0 0.625 0.8 0.0410156 0.0380952 0.871094
0 0.479004 0.748571 0.0361328 0.0342857 0.872559
0 0.546387 0.740952 0.0361328 0.0342857 0.881836
0 0.760254 0.735238 0.0361328 0.0342857 0.883301
0 0.154297 0.0847619 0.0507812 0.0780952 0.888672
