0 0.98584 0.971429 0.0283203 0.0571429 0.307861
0 0.10498 0.135238 0.0361328 0.0571429 0.388428
0 0.726562 0.889524 0.0410156 0.0457143 0.414307
0 0.165527 0.0247619 0.0400391 0.0495238 0.440918
0 0.679199 0.74 0.0322266 0.0361905 0.445312
0 0.769531 0.90381 0.0390625 0.047619 0.4646
1 0.412598 0.813333 0.0673828 0.0495238 0.498047
0 0.0483398 0.955238 0.0576172 0.0895238 0.563477
0 0.413086 0.813333 0.0664062 0.0495238 0.64502
0 0.270996 0.821905 0.0400391 0.0361905 0.67041
0 0.353027 0.742857 0.0419922 0.0342857 0.678711
0 0.155273 0.817143 0.0449219 0.072381 0.751465
0 0.225098 0.773333 0.0419922 0.0571429 0.75293
0 0.677246 0.87619 0.0419922 0.0380952 0.78418
0 0.62793 0.878095 0.0449219 0.0419048 0.785645
0 0.721191 0.800952 0.0380859 0.04 0.820801
0 0.677734 0.839048 0.0429688 0.04 0.82373
0 0.835449 0.820952 0.0419922 0.0533333 0.824219
0 0.566895 0.902857 0.0458984 0.0609524 0.828125
0 0.574707 0.789524 0.0400391 0.0361905 0.830566
0 0.332031 0.798095 0.0429688 0.0380952 0.835449
0 0.558594 0.831429 0.0390625 0.0361905 0.846191
0 0.496582 0.795238 0.0380859 0.0361905 0.855957
0 0.192871 0.0314286 0.0322266 0.0628571 0.86084
0 0.769043 0.735238 0.0361328 0.0342857 0.864258
0 0.786621 0.848571 0.0419922 0.0514286 0.867676
0 0.636719 0.8 0.0410156 0.0380952 0.875977
0 0.154297 0.0838095 0.0507812 0.08 0.876465
0 0.486328 0.942857 0.03125 0.08 0.879395
0 0.555664 0.740952 0.0351562 0.0342857 0.879883
0 0.490723 0.747619 0.0361328 0.0361905 0.888184
0 0.82373 0.755238 0.0419922 0.047619 0.896484
