1 0.369141 0.81619 0.0664062 0.047619 0.39502
0 0.165527 0.0247619 0.0400391 0.0495238 0.446777
0 0.186035 0.8 0.0419922 0.0647619 0.476318
0 0.104492 0.135238 0.0371094 0.0571429 0.550293
0 0.734375 0.833333 0.0429688 0.0438095 0.58252
0 0.12207 0.853333 0.0449219 0.0761905 0.636719
0 0.287598 0.804762 0.0458984 0.0438095 0.654297
0 0.369141 0.81619 0.0664062 0.047619 0.65918
0 0.677246 0.874286 0.0419922 0.0380952 0.669434
0 0.628418 0.88 0.0419922 0.0380952 0.686035
0 0.785645 0.805714 0.0517578 0.0571429 0.779297
0 0.536133 0.792381 0.0410156 0.0380952 0.781738
0 0.876465 0.824762 0.0615234 0.08 0.783203
0 0.630371 0.842857 0.0419922 0.04 0.80127
0 0.960449 0.921905 0.0341797 0.0685714 0.834961
0 0.591797 0.801905 0.0390625 0.0419048 0.844238
0 0.786133 0.746667 0.0429688 0.0457143 0.85498
0 0.192871 0.0314286 0.0322266 0.0628571 0.855469
0 0.439453 0.749524 0.0351562 0.0361905 0.855469
0 0.67041 0.800952 0.0400391 0.04 0.856934
0 0.519531 0.834286 0.0410156 0.0380952 0.859375
0 0.731445 0.735238 0.0371094 0.0342857 0.867676
0 0.155273 0.0838095 0.0507812 0.08 0.868164
0 0.511719 0.740952 0.0371094 0.0342857 0.874512
0 0.457031 0.796191 0.0390625 0.0380952 0.878906
0 0.545898 0.920952 0.0429688 0.0666667 0.90625
