0 0.164551 0.0247619 0.0400391 0.0495238 0.421875
0 0.104004 0.13619 0.0400391 0.0628571 0.472412
0 0.178223 0.86 0.0400391 0.0628571 0.526855
0 0.599609 0.74 0.03125 0.032381 0.608887
0 0.157227 0.792381 0.046875 0.0685714 0.632812
0 0.938965 0.96381 0.0439453 0.072381 0.642578
0 0.628906 0.88 0.0429688 0.0380952 0.650391
0 0.677246 0.873333 0.0419922 0.04 0.652344
0 0.265625 0.747619 0.0449219 0.0438095 0.678711
0 0.70752 0.829524 0.0419922 0.0438095 0.716309
0 0.348145 0.817143 0.0654297 0.0495238 0.719238
0 0.936523 0.881905 0.0390625 0.072381 0.765625
0 0.770508 0.80381 0.0371094 0.0380952 0.795898
0 0.169922 0.815238 0.046875 0.0685714 0.830566
0 0.644531 0.800952 0.0390625 0.0361905 0.841309
0 0.774414 0.745714 0.0410156 0.0438095 0.845703
0 0.571289 0.804762 0.0410156 0.04 0.850098
0 0.51709 0.793333 0.0400391 0.04 0.860352
0 0.60791 0.84381 0.0419922 0.0380952 0.86084
0 0.262207 0.811429 0.0439453 0.0457143 0.86084
0 0.192871 0.0304762 0.0322266 0.0609524 0.86377
0 0.498535 0.834286 0.0400391 0.0380952 0.870605
0 0.4375 0.796191 0.0390625 0.0380952 0.872559
0 0.711426 0.73619 0.0361328 0.0361905 0.872559
0 0.48584 0.740952 0.0361328 0.0342857 0.875977
0 0.410645 0.751429 0.0361328 0.0361905 0.878418
0 0.157227 0.0819048 0.0507812 0.08 0.885742
0 0.532715 0.933333 0.0439453 0.0761905 0.889648
0 0.109375 0.869524 0.0429688 0.0742857 0.910156
