0 0.165039 0.0266667 0.0390625 0.0533333 0.327393
0 0.336914 0.817143 0.0664062 0.0495238 0.411865
0 0.585938 0.74 0.03125 0.032381 0.418457
0 0.629395 0.878095 0.0419922 0.0380952 0.513672
1 0.333496 0.819048 0.0732422 0.0495238 0.536133
0 0.10498 0.133333 0.0380859 0.0571429 0.55957
0 0.164062 0.82 0.0429688 0.0704762 0.592285
0 0.924805 0.862857 0.0371094 0.0647619 0.643555
0 0.254395 0.746667 0.0478516 0.0457143 0.654785
0 0.677246 0.874286 0.0419922 0.0380952 0.731445
0 0.194824 0.0285714 0.0322266 0.0571429 0.765625
0 0.759277 0.802857 0.0400391 0.04 0.831055
0 0.695312 0.828571 0.0429688 0.0419048 0.833984
0 0.104492 0.87619 0.0429688 0.08 0.834961
0 0.700684 0.737143 0.0361328 0.0342857 0.836426
0 0.487793 0.834286 0.0400391 0.0380952 0.844238
0 0.596191 0.844762 0.0419922 0.04 0.847168
0 0.631348 0.801905 0.0380859 0.0342857 0.850586
0 0.504395 0.792381 0.0400391 0.0380952 0.85498
0 0.77002 0.744762 0.0419922 0.0419048 0.85791
0 0.157715 0.0809524 0.0517578 0.0819048 0.869629
0 0.395508 0.752381 0.0351562 0.0342857 0.87207
0 0.526367 0.942857 0.0429688 0.08 0.874512
0 0.561035 0.804762 0.0400391 0.04 0.875488
0 0.473145 0.741905 0.0361328 0.0361905 0.888672
0 0.428711 0.796191 0.0390625 0.0380952 0.891113
