0 0.164062 0.0266667 0.0390625 0.0533333 0.359131
1 0.314453 0.819048 0.0664062 0.0457143 0.374512
0 0.237305 0.758095 0.0449219 0.0533333 0.42041
0 0.199219 0.0238095 0.0332031 0.047619 0.431641
0 0.105469 0.137143 0.0371094 0.0647619 0.534668
0 0.817871 0.806667 0.0576172 0.0552381 0.629395
0 0.0957031 0.892381 0.0429688 0.0780952 0.638184
0 0.154297 0.831429 0.0449219 0.0742857 0.64209
0 0.314453 0.819048 0.0664062 0.0495238 0.691406
0 0.628906 0.879048 0.0429688 0.04 0.692871
0 0.556152 0.741905 0.0302734 0.032381 0.75293
0 0.511719 0.962857 0.0410156 0.0742857 0.776855
0 0.677246 0.87619 0.0419922 0.0380952 0.78125
0 0.901367 0.827619 0.0390625 0.0628571 0.788574
0 0.220703 0.830476 0.0429688 0.0533333 0.791504
0 0.90918 0.924762 0.0449219 0.0742857 0.800293
0 0.733887 0.801905 0.0380859 0.0419048 0.806152
0 0.572754 0.847619 0.0419922 0.0380952 0.833984
0 0.605957 0.802857 0.0380859 0.0361905 0.842285
0 0.667969 0.828571 0.0410156 0.0419048 0.847168
0 0.678223 0.737143 0.0341797 0.0342857 0.847168
0 0.467773 0.835238 0.0410156 0.04 0.852051
0 0.762207 0.742857 0.0400391 0.0380952 0.852539
0 0.540527 0.806667 0.0400391 0.04 0.856934
0 0.364746 0.754286 0.0361328 0.0380952 0.86084
0 0.477051 0.794286 0.0400391 0.0380952 0.865723
0 0.408691 0.798095 0.0380859 0.0380952 0.887207
0 0.445801 0.741905 0.0361328 0.0361905 0.892578
0 0.160645 0.0771429 0.0498047 0.0819048 0.897461
