0 0.103516 0.13619 0.0390625 0.0590476 0.273438
0 0.178223 0.805714 0.0419922 0.0685714 0.34668
0 0.165039 0.0247619 0.0410156 0.0495238 0.470215
0 0.612793 0.740952 0.0341797 0.0342857 0.507324
0 0.947754 0.969524 0.0458984 0.0609524 0.522461
0 0.27832 0.745714 0.046875 0.04 0.551758
0 0.115723 0.861905 0.0419922 0.0742857 0.647461
0 0.358398 0.817143 0.0664062 0.0457143 0.709961
0 0.628906 0.88 0.0410156 0.0380952 0.714844
0 0.72168 0.831429 0.0410156 0.0438095 0.727539
0 0.677734 0.874286 0.0410156 0.0380952 0.76123
0 0.526855 0.792381 0.0419922 0.0380952 0.777832
0 0.274414 0.807619 0.0449219 0.0457143 0.79541
0 0.780273 0.806667 0.0371094 0.0438095 0.808105
0 0.509277 0.834286 0.0419922 0.0380952 0.839355
0 0.619141 0.841905 0.0410156 0.0380952 0.84082
0 0.581543 0.802857 0.0400391 0.04 0.845215
0 0.948242 0.9 0.0371094 0.0704762 0.858398
0 0.192871 0.0314286 0.0322266 0.0628571 0.858887
0 0.499023 0.740952 0.0371094 0.0342857 0.858887
0 0.656738 0.8 0.0400391 0.0380952 0.859863
0 0.538574 0.924762 0.0439453 0.0704762 0.86084
0 0.721191 0.734286 0.0380859 0.0361905 0.86084
0 0.425293 0.749524 0.0361328 0.0361905 0.866699
0 0.447266 0.796191 0.0390625 0.0380952 0.872559
0 0.779785 0.745714 0.0400391 0.0438095 0.876465
0 0.15625 0.0828571 0.0507812 0.0780952 0.879883
