0 0.175293 0.773333 0.0458984 0.0609524 0.260742
0 0.816406 0.908571 0.0410156 0.0457143 0.290771
0 0.362305 0.798095 0.0449219 0.0342857 0.352051
0 0.164551 0.0247619 0.0400391 0.0495238 0.442871
0 0.186035 0.788571 0.0439453 0.0647619 0.448975
0 0.10498 0.135238 0.0361328 0.0571429 0.488037
0 0.081543 0.910476 0.0380859 0.0685714 0.501465
0 0.394531 0.740952 0.0449219 0.0380952 0.502441
0 0.259277 0.758095 0.0419922 0.0457143 0.567383
0 0.726562 0.887619 0.0429688 0.0533333 0.570801
0 0.96875 0.2 0.0429688 0.0533333 0.58252
0 0.715332 0.838095 0.0439453 0.0457143 0.643555
0 0.442871 0.812381 0.0654297 0.0514286 0.685059
0 0.628906 0.879048 0.0429688 0.04 0.744629
0 0.712891 0.739048 0.0351562 0.0342857 0.788086
0 0.676758 0.873333 0.0410156 0.04 0.803711
0 0.872559 0.839048 0.0419922 0.0552381 0.826172
0 0.606934 0.788571 0.0400391 0.0380952 0.827148
0 0.589844 0.830476 0.0390625 0.0380952 0.828613
0 0.827637 0.86381 0.0419922 0.0514286 0.837402
0 0.525879 0.792381 0.0400391 0.0380952 0.844727
0 0.963867 0.893333 0.0644531 0.0952381 0.847168
0 0.796875 0.738095 0.0371094 0.0361905 0.849121
0 0.519531 0.746667 0.0351562 0.0342857 0.852051
0 0.154297 0.0847619 0.0507812 0.0780952 0.852051
0 0.192383 0.0314286 0.03125 0.0628571 0.859375
0 0.675293 0.799048 0.0400391 0.04 0.86084
0 0.57373 0.899048 0.0439453 0.0609524 0.865723
0 0.759766 0.804762 0.0390625 0.04 0.869629
0 0.585449 0.740952 0.0361328 0.0342857 0.870605
0 0.494629 0.915238 0.0361328 0.0819048 0.879395
0 0.859375 0.770476 0.0429688 0.0552381 0.880371
