0 0.816406 0.905714 0.0390625 0.0438095 0.273438
0 0.495605 0.809524 0.0654297 0.0457143 0.438965
0 0.165039 0.0247619 0.0410156 0.0495238 0.444824
0 0.726562 0.888571 0.0410156 0.047619 0.487793
0 0.141113 0.929524 0.0439453 0.0685714 0.541992
0 0.460449 0.742857 0.0439453 0.0342857 0.575684
0 0.769043 0.902857 0.0419922 0.0495238 0.601562
0 0.628418 0.879048 0.0439453 0.04 0.700684
0 0.678223 0.875238 0.0400391 0.0361905 0.70166
0 0.244629 0.762857 0.0419922 0.047619 0.726074
0 0.407715 0.796191 0.0439453 0.0380952 0.730469
0 0.772949 0.745714 0.0322266 0.0361905 0.747559
0 0.325195 0.750476 0.0410156 0.0380952 0.76416
0 0.651855 0.828571 0.0400391 0.0380952 0.768066
0 0.503906 0.960952 0.0371094 0.0780952 0.769531
1 0.95752 0.0857143 0.0830078 0.0952381 0.790039
0 0.781738 0.853333 0.0439453 0.0457143 0.798828
0 0.95166 0.240952 0.0439453 0.0552381 0.830078
0 0.508789 0.885714 0.0371094 0.0761905 0.834961
0 0.573242 0.898095 0.0449219 0.0628571 0.841309
0 0.560547 0.744762 0.0351562 0.0342857 0.845703
0 0.750977 0.800952 0.0390625 0.0438095 0.850098
0 0.584961 0.791429 0.0371094 0.0361905 0.852051
0 0.674316 0.787619 0.0400391 0.04 0.856934
0 0.192871 0.0314286 0.0322266 0.0628571 0.870117
0 0.154297 0.0847619 0.0507812 0.0780952 0.87207
0 0.887207 0.902857 0.0419922 0.0609524 0.876953
0 0.890137 0.113333 0.0439453 0.0780952 0.87793
0 0.834473 0.821905 0.0400391 0.0514286 0.879883
0 0.634277 0.741905 0.0361328 0.0361905 0.879883
0 0.92627 0.824762 0.0439453 0.0685714 0.887695
0 0.856445 0.76 0.0371094 0.0495238 0.898438
0 0.933594 0.902857 0.0429688 0.0685714 0.908691
