0 0.989746 0.262857 0.0205078 0.0457143 0.415039
0 0.816895 0.906667 0.0400391 0.0457143 0.425781
0 0.495605 0.977143 0.0283203 0.0419048 0.429443
0 0.165039 0.0247619 0.0390625 0.0495238 0.505371
0 0.10498 0.135238 0.0380859 0.0571429 0.571289
0 0.727051 0.888571 0.0400391 0.047619 0.599609
0 0.705566 0.798095 0.0419922 0.0419048 0.67334
0 0.0961914 0.965714 0.0478516 0.0685714 0.685547
0 0.677246 0.873333 0.0419922 0.04 0.687012
0 0.980469 0.111429 0.0390625 0.0590476 0.690918
0 0.462891 0.810476 0.0664062 0.047619 0.716797
0 0.421387 0.74381 0.0439453 0.032381 0.744141
0 0.741699 0.839048 0.0458984 0.047619 0.782715
0 0.614258 0.829524 0.0410156 0.0361905 0.788574
0 0.631348 0.785714 0.0419922 0.04 0.79248
0 0.628906 0.879048 0.0429688 0.04 0.808594
0 0.101074 0.88 0.0380859 0.0685714 0.814941
0 0.20752 0.778095 0.0439453 0.0628571 0.822754
0 0.737305 0.741905 0.0332031 0.0361905 0.833008
0 0.381348 0.796191 0.0458984 0.0380952 0.838379
0 0.785645 0.807619 0.0439453 0.0495238 0.848633
0 0.535645 0.746667 0.0341797 0.0342857 0.85498
0 0.818848 0.744762 0.0361328 0.0419048 0.85791
0 0.192871 0.0314286 0.0322266 0.0628571 0.862793
0 0.546387 0.792381 0.0380859 0.0380952 0.863281
0 0.57373 0.898095 0.0439453 0.0590476 0.875488
0 0.154297 0.0847619 0.0507812 0.0780952 0.876953
0 0.286133 0.753333 0.0410156 0.0438095 0.876953
0 0.60498 0.741905 0.0361328 0.0361905 0.881836
0 0.936035 0.172381 0.0458984 0.0628571 0.887695
0 0.885254 0.787619 0.0458984 0.0590476 0.890137
0 0.897949 0.857143 0.0439453 0.0685714 0.89209
0 0.5 0.900952 0.0371094 0.08 0.893555
0 0.854004 0.877143 0.0419922 0.0514286 0.900879
