0 0.104492 0.134286 0.0371094 0.0514286 0.395752
0 0.499023 0.971429 0.03125 0.0571429 0.39917
0 0.111816 0.864762 0.0361328 0.0685714 0.441406
1 0.972656 0.107619 0.0527344 0.0780952 0.446289
0 0.727051 0.888571 0.0400391 0.0438095 0.456543
0 0.972656 0.105714 0.0527344 0.0742857 0.467773
0 0.816895 0.907619 0.0400391 0.0438095 0.479736
0 0.165039 0.0247619 0.0390625 0.0495238 0.483643
0 0.769531 0.902857 0.0410156 0.0457143 0.518066
0 0.677246 0.873333 0.0419922 0.04 0.608398
0 0.43457 0.742857 0.0429688 0.0304762 0.621094
0 0.11084 0.957143 0.0458984 0.0742857 0.674805
0 0.473633 0.810476 0.0664062 0.047619 0.680176
0 0.333008 0.81619 0.0332031 0.032381 0.695312
0 0.64502 0.784762 0.0400391 0.0380952 0.700195
0 0.628418 0.879048 0.0439453 0.04 0.773438
0 0.626465 0.828571 0.0400391 0.0342857 0.774902
0 0.920898 0.155238 0.0449219 0.0704762 0.775391
0 0.754883 0.842857 0.0449219 0.047619 0.812988
0 0.390625 0.796191 0.0449219 0.0380952 0.816895
0 0.72168 0.799048 0.0410156 0.0438095 0.819336
0 0.748535 0.741905 0.0322266 0.0361905 0.824219
0 0.802734 0.811429 0.0410156 0.0495238 0.840332
0 0.61377 0.741905 0.0361328 0.0361905 0.856934
0 0.558105 0.792381 0.0380859 0.0380952 0.862305
0 0.154297 0.0847619 0.0507812 0.0780952 0.866699
0 0.544434 0.744762 0.0341797 0.0342857 0.867188
0 0.298828 0.752381 0.0410156 0.0419048 0.869141
0 0.57373 0.899048 0.0439453 0.0609524 0.87207
0 0.218262 0.771429 0.0439453 0.0571429 0.87207
0 0.50293 0.897143 0.0371094 0.08 0.887695
0 0.865723 0.884762 0.0419922 0.0552381 0.888184
0 0.192871 0.0314286 0.0322266 0.0628571 0.88916
0 0.830566 0.747619 0.0361328 0.0438095 0.895508
0 0.898438 0.796191 0.0449219 0.0609524 0.895996
0 0.910645 0.872381 0.0419922 0.0609524 0.896973
