0 0.35791 0.811429 0.0400391 0.0342857 0.290527
0 0.992188 0.169524 0.015625 0.0495238 0.332275
0 0.165039 0.0247619 0.0410156 0.0495238 0.435059
0 0.727051 0.889524 0.0400391 0.0457143 0.473877
0 0.10498 0.133333 0.0361328 0.0533333 0.509277
0 0.508301 0.807619 0.0654297 0.0457143 0.543457
0 0.816406 0.906667 0.0390625 0.0457143 0.569336
0 0.472168 0.741905 0.0439453 0.0361905 0.621582
0 0.417969 0.795238 0.0449219 0.0361905 0.751465
0 0.147461 0.819048 0.0410156 0.0685714 0.755859
0 0.257812 0.757143 0.0410156 0.0438095 0.761719
0 0.691406 0.786667 0.0390625 0.0419048 0.78125
0 0.785156 0.746667 0.0332031 0.0380952 0.799316
0 0.677246 0.87619 0.0419922 0.0380952 0.805664
0 0.628418 0.878095 0.0439453 0.0419048 0.8125
0 0.766113 0.801905 0.0400391 0.0419048 0.828613
0 0.155762 0.915238 0.0458984 0.0666667 0.831543
0 0.665527 0.828571 0.0400391 0.0419048 0.834961
0 0.337891 0.748571 0.0390625 0.0380952 0.835938
0 0.795898 0.856191 0.0449219 0.047619 0.839355
0 0.566895 0.744762 0.0341797 0.0342857 0.850098
0 0.64209 0.74 0.0361328 0.04 0.853027
0 0.510742 0.882857 0.0371094 0.0742857 0.853516
0 0.850586 0.829524 0.0410156 0.047619 0.856934
0 0.192871 0.0314286 0.0322266 0.0628571 0.857422
0 0.896973 0.909524 0.0419922 0.0590476 0.862305
0 0.506348 0.95619 0.0361328 0.0838095 0.869629
0 0.873535 0.0866667 0.0439453 0.0819048 0.870117
0 0.154297 0.0847619 0.0507812 0.0780952 0.870117
0 0.601562 0.789524 0.0390625 0.0361905 0.870605
0 0.936035 0.231429 0.0458984 0.0590476 0.87207
0 0.869629 0.767619 0.0380859 0.0495238 0.875977
0 0.57373 0.89619 0.0439453 0.0628571 0.875977
0 0.946777 0.921905 0.0400391 0.0685714 0.896484
0 0.939941 0.84 0.0419922 0.0685714 0.896973
