0 0.10498 0.134286 0.0361328 0.0552381 0.303711
0 0.767578 0.904762 0.0429688 0.0495238 0.356934
0 0.165527 0.0247619 0.0400391 0.0495238 0.423584
0 0.763672 0.849524 0.0507812 0.0685714 0.49585
0 0.17334 0.795238 0.0419922 0.0628571 0.590332
0 0.726562 0.888571 0.0410156 0.047619 0.606934
0 0.81543 0.907619 0.0410156 0.047619 0.636719
0 0.980469 0.208571 0.0390625 0.047619 0.64209
0 0.37793 0.812381 0.0351562 0.032381 0.671875
0 0.494629 0.740952 0.0439453 0.0342857 0.700684
0 0.53418 0.806667 0.0664062 0.047619 0.727051
0 0.436523 0.795238 0.0429688 0.032381 0.736816
0 0.979492 0.157143 0.0410156 0.0552381 0.741211
0 0.676758 0.875238 0.0410156 0.04 0.788574
0 0.62793 0.879048 0.0429688 0.04 0.803223
0 0.718262 0.785714 0.0439453 0.0438095 0.808105
0 0.693848 0.828571 0.0419922 0.0419048 0.816895
0 0.810059 0.754286 0.0341797 0.0457143 0.832031
0 0.513672 0.87619 0.0390625 0.0761905 0.839355
0 0.582031 0.74381 0.0351562 0.0361905 0.839355
0 0.842285 0.0333333 0.0400391 0.0666667 0.845215
0 0.362305 0.747619 0.0390625 0.0361905 0.847656
0 0.154297 0.0847619 0.0507812 0.0780952 0.847656
0 0.192871 0.0304762 0.0322266 0.0609524 0.849609
0 0.79541 0.806667 0.0419922 0.047619 0.850098
0 0.636719 0.790476 0.0390625 0.0380952 0.850098
0 0.57373 0.897143 0.0439453 0.0609524 0.850586
0 0.822266 0.861905 0.046875 0.0552381 0.863281
0 0.662598 0.74 0.0361328 0.04 0.865723
0 0.188477 0.893333 0.046875 0.0647619 0.872559
0 0.970215 0.958095 0.0419922 0.072381 0.873535
0 0.910645 0.925714 0.0439453 0.0647619 0.875488
0 0.510254 0.94381 0.0361328 0.0819048 0.875977
0 0.285156 0.75619 0.0410156 0.0419048 0.879395
0 0.897461 0.789524 0.0390625 0.0590476 0.891602
0 0.905273 0.204762 0.0449219 0.0666667 0.895996
0 0.882324 0.848571 0.0419922 0.0590476 0.903809
0 0.966309 0.87619 0.0439453 0.0761905 0.936035
