0 0.677734 0.874286 0.0410156 0.0380952 0.287598
1 0.640625 0.805714 0.0664062 0.0457143 0.30957
0 0.811035 0.0285714 0.0361328 0.0571429 0.357422
0 0.993652 0.105714 0.0126953 0.0438095 0.403564
0 0.165039 0.0247619 0.0390625 0.0495238 0.450684
0 0.994629 0.166667 0.0107422 0.0514286 0.487305
0 0.640137 0.805714 0.0673828 0.0457143 0.498291
0 0.62793 0.878095 0.0429688 0.0380952 0.528809
0 0.42627 0.810476 0.0341797 0.032381 0.534668
0 0.557617 0.741905 0.0410156 0.032381 0.550293
0 0.973145 0.213333 0.0517578 0.0647619 0.763672
0 0.503906 0.795238 0.0429688 0.0361905 0.779297
0 0.790527 0.842857 0.0419922 0.0514286 0.780762
0 0.637207 0.74381 0.0361328 0.0361905 0.79248
0 0.525391 0.858095 0.0390625 0.0704762 0.797852
0 0.984863 0.911429 0.0302734 0.0704762 0.82373
0 0.885742 0.190476 0.0410156 0.0609524 0.831543
0 0.57373 0.897143 0.0439453 0.0609524 0.836914
0 0.820312 0.801905 0.0390625 0.0419048 0.841309
0 0.516602 0.926667 0.0371094 0.0819048 0.841797
0 0.905273 0.808571 0.0390625 0.0552381 0.84668
0 0.943848 0.962857 0.0400391 0.0704762 0.850586
0 0.756836 0.791429 0.0390625 0.0438095 0.852051
0 0.313477 0.853333 0.0410156 0.0380952 0.852539
0 0.283691 0.760952 0.0400391 0.04 0.852539
0 0.154297 0.0847619 0.0507812 0.0780952 0.855469
0 0.192871 0.0314286 0.0322266 0.0628571 0.857422
0 0.447266 0.745714 0.0410156 0.0361905 0.859375
0 0.746094 0.738095 0.0390625 0.04 0.861328
0 0.373535 0.751429 0.0400391 0.04 0.881348
0 0.967285 0.94 0.0400391 0.0742857 0.884277
0 0.881348 0.895238 0.0439453 0.0609524 0.891602
0 0.895996 0.857143 0.0419922 0.0609524 0.89502
0 0.868652 0.0866667 0.0419922 0.0819048 0.899902
0 0.949219 0.129524 0.0449219 0.0609524 0.911133
0 0.897949 0.0552381 0.0439453 0.08 0.925293
