0 0.984375 0.909524 0.03125 0.0590476 0.295166
0 0.734375 0.834286 0.0390625 0.0380952 0.364502
0 0.677734 0.874286 0.0410156 0.0380952 0.394775
0 0.953125 0.254286 0.0390625 0.047619 0.406982
0 0.579102 0.807619 0.0664062 0.0457143 0.412109
1 0.579102 0.807619 0.0644531 0.0457143 0.440674
0 0.166016 0.0247619 0.0410156 0.0495238 0.450684
0 0.990723 0.924762 0.0185547 0.0628571 0.454102
0 0.849121 0.773333 0.0361328 0.0457143 0.513184
0 0.525879 0.740952 0.0439453 0.0342857 0.54834
0 0.945312 0.124762 0.0488281 0.0704762 0.555664
0 0.628906 0.879048 0.0429688 0.04 0.608398
0 0.104492 0.135238 0.0371094 0.0571429 0.67334
0 0.399414 0.811429 0.0332031 0.0304762 0.675293
0 0.240234 0.865714 0.0449219 0.0552381 0.705078
0 0.933105 0.17619 0.0439453 0.0628571 0.730469
0 0.464355 0.794286 0.0439453 0.0342857 0.739746
0 0.57373 0.898095 0.0419922 0.0590476 0.769531
0 0.926758 0.942857 0.0410156 0.0647619 0.798828
0 0.513184 0.93619 0.0380859 0.0819048 0.816895
0 0.220703 0.775238 0.0390625 0.0419048 0.816895
0 0.397949 0.745714 0.0400391 0.0361905 0.819824
0 0.839844 0.820952 0.0429688 0.0533333 0.822754
0 0.517578 0.868571 0.0390625 0.0761905 0.833008
0 0.763672 0.788571 0.0390625 0.0380952 0.851074
0 0.69043 0.791429 0.0390625 0.04 0.854004
0 0.602051 0.74381 0.0361328 0.0361905 0.862305
0 0.192383 0.0314286 0.0332031 0.0628571 0.86377
0 0.32373 0.753333 0.0400391 0.04 0.870117
0 0.15332 0.0857143 0.0507812 0.08 0.876953
0 0.859375 0.138095 0.0429688 0.0819048 0.882812
0 0.85498 0.879048 0.0439453 0.0552381 0.887695
0 0.696289 0.739048 0.0371094 0.0380952 0.893066
0 0.939941 0.838095 0.0380859 0.0609524 0.893066
0 0.92334 0.884762 0.0400391 0.0628571 0.898438
