0 0.814941 0.905714 0.0400391 0.047619 0.292236
0 0.570801 0.74 0.0419922 0.032381 0.333252
0 0.165527 0.0247619 0.0400391 0.0495238 0.397461
0 0.875 0.0266667 0.0410156 0.0533333 0.431641
1 0.67041 0.805714 0.0654297 0.0457143 0.439941
0 0.670898 0.805714 0.0664062 0.0457143 0.466553
0 0.62793 0.877143 0.0429688 0.04 0.548828
0 0.95166 0.969524 0.0400391 0.0609524 0.67334
0 0.946289 0.192381 0.0683594 0.08 0.67627
0 0.526367 0.794286 0.0449219 0.0342857 0.682129
0 0.979492 0.0971429 0.0410156 0.0571429 0.68457
0 0.437012 0.809524 0.0322266 0.0304762 0.709961
0 0.662109 0.742857 0.0371094 0.0380952 0.783691
0 0.846191 0.812381 0.0458984 0.0514286 0.787598
0 0.814453 0.854286 0.0429688 0.0514286 0.79248
0 0.528809 0.854286 0.0419922 0.0704762 0.807617
0 0.932129 0.83619 0.0341797 0.0571429 0.810059
0 0.976562 0.151429 0.0371094 0.0438095 0.816895
0 0.573242 0.89619 0.0449219 0.0628571 0.818359
0 0.47168 0.746667 0.0410156 0.0380952 0.819336
0 0.31543 0.757143 0.0390625 0.0361905 0.834473
0 0.192871 0.0304762 0.0322266 0.0609524 0.845215
0 0.854492 0.139048 0.0371094 0.072381 0.848633
0 0.396973 0.752381 0.0400391 0.0380952 0.861816
0 0.771973 0.739048 0.0380859 0.0380952 0.862305
0 0.981445 0.964762 0.0371094 0.0704762 0.864746
0 0.348633 0.852381 0.0410156 0.04 0.866699
0 0.154297 0.0847619 0.0507812 0.0780952 0.868164
0 0.782715 0.794286 0.0419922 0.0457143 0.870605
0 0.518555 0.924762 0.0371094 0.0819048 0.877441
0 0.921875 0.100952 0.046875 0.072381 0.878906
0 0.919434 0.880952 0.0419922 0.0666667 0.887695
0 0.842773 0.0352381 0.0390625 0.0704762 0.894531
0 0.890625 0.90381 0.0429688 0.0628571 0.896484
