0 0.970215 0.146667 0.0458984 0.0571429 0.28418
0 0.814941 0.907619 0.0400391 0.047619 0.285889
0 0.769043 0.90381 0.0400391 0.0514286 0.32373
0 0.966309 0.199048 0.0419922 0.0514286 0.371582
0 0.165039 0.0247619 0.0390625 0.0495238 0.423584
0 0.890625 0.185714 0.0429688 0.0704762 0.505371
0 0.727051 0.887619 0.0400391 0.0457143 0.532715
0 0.677246 0.874286 0.0419922 0.0380952 0.599121
0 0.384766 0.812381 0.0332031 0.032381 0.654297
0 0.549316 0.807619 0.0654297 0.0457143 0.681641
0 0.506348 0.74 0.0439453 0.0361905 0.695801
0 0.628906 0.879048 0.0429688 0.04 0.711914
0 0.446289 0.795238 0.0449219 0.0361905 0.741211
0 0.205078 0.884762 0.0449219 0.0628571 0.787598
0 0.189941 0.786667 0.0400391 0.0533333 0.796387
0 0.589844 0.74381 0.0351562 0.0361905 0.803711
0 0.70752 0.832381 0.0419922 0.0457143 0.8125
0 0.511719 0.939048 0.0390625 0.0838095 0.815918
0 0.57373 0.897143 0.0439453 0.0609524 0.822754
0 0.82373 0.761905 0.0341797 0.0380952 0.827637
0 0.734863 0.786667 0.0419922 0.0419048 0.837402
0 0.979492 0.967619 0.0390625 0.0647619 0.839355
0 0.515137 0.874286 0.0380859 0.0761905 0.840332
0 0.154297 0.0847619 0.0507812 0.0780952 0.845703
0 0.374512 0.747619 0.0400391 0.0361905 0.84668
0 0.672852 0.74 0.0371094 0.04 0.852051
0 0.835938 0.866667 0.0449219 0.0533333 0.852539
0 0.192871 0.0314286 0.0322266 0.0628571 0.864746
0 0.654785 0.789524 0.0380859 0.04 0.866211
0 0.29834 0.754286 0.0400391 0.0380952 0.874512
0 0.896973 0.858095 0.0400391 0.0590476 0.880371
0 0.811035 0.809524 0.0400391 0.0495238 0.887207
0 0.912109 0.802857 0.0390625 0.0590476 0.892578
0 0.978027 0.898095 0.0419922 0.0780952 0.912109
