0 0.0942383 0.106667 0.0283203 0.0419048 0.359131
0 0.677734 0.874286 0.0410156 0.0380952 0.382324
0 0.165039 0.0247619 0.0390625 0.0495238 0.497314
0 0.447754 0.808571 0.0322266 0.032381 0.567383
0 0.702148 0.805714 0.0664062 0.0495238 0.574219
0 0.628906 0.879048 0.0429688 0.04 0.580566
0 0.585449 0.74 0.0439453 0.0361905 0.632812
0 0.911621 0.16 0.0654297 0.0914286 0.669922
0 0.556152 0.796191 0.0419922 0.0380952 0.760254
0 0.828125 0.0761905 0.0351562 0.0761905 0.763184
0 0.955566 0.0733333 0.0419922 0.0628571 0.775391
0 0.531738 0.850476 0.0400391 0.0704762 0.775391
0 0.10498 0.135238 0.0361328 0.0571429 0.775391
0 0.574219 0.897143 0.0429688 0.0609524 0.776367
0 0.986816 0.971429 0.0263672 0.0571429 0.79541
0 0.899902 0.914286 0.0439453 0.0609524 0.805176
0 0.493164 0.745714 0.0410156 0.0438095 0.813477
0 0.945801 0.126667 0.0361328 0.0514286 0.814941
0 0.345703 0.753333 0.0410156 0.0361905 0.819336
0 0.693359 0.742857 0.0351562 0.0380952 0.819824
0 0.810059 0.801905 0.0439453 0.0495238 0.827148
0 0.952637 0.860952 0.0341797 0.0609524 0.84668
0 0.42041 0.751429 0.0400391 0.04 0.848633
0 0.829102 0.857143 0.0449219 0.0533333 0.850586
0 0.192383 0.0314286 0.03125 0.0628571 0.867676
0 0.379883 0.850476 0.0410156 0.04 0.867676
0 0.895996 0.0619048 0.0439453 0.0780952 0.869141
0 0.872559 0.825714 0.0400391 0.0552381 0.870605
0 0.519531 0.92 0.0390625 0.0838095 0.87793
0 0.939941 0.904762 0.0419922 0.0685714 0.881836
0 0.154297 0.0847619 0.0507812 0.0780952 0.883789
0 0.799805 0.740952 0.0371094 0.0419048 0.892578
