0 0.677734 0.873333 0.0410156 0.0361905 0.283691
1 0.712891 0.80381 0.0703125 0.0533333 0.325928
0 0.713867 0.806667 0.0703125 0.0514286 0.355957
0 0.591797 0.74 0.0429688 0.0361905 0.4021
0 0.165527 0.0247619 0.0400391 0.0495238 0.458252
0 0.628906 0.877143 0.0429688 0.04 0.582031
0 0.571289 0.798095 0.0429688 0.0342857 0.693848
0 0.98877 0.975238 0.0224609 0.0495238 0.718262
0 0.816895 0.0438095 0.0361328 0.0761905 0.726074
0 0.453613 0.808571 0.0341797 0.032381 0.76416
0 0.57373 0.898095 0.0419922 0.0628571 0.778809
0 0.931152 0.112381 0.0380859 0.0609524 0.780762
0 0.503418 0.745714 0.0400391 0.04 0.787598
0 0.896973 0.14 0.0654297 0.100952 0.791504
0 0.53418 0.848571 0.0410156 0.0704762 0.79541
0 0.961426 0.874286 0.0341797 0.0609524 0.813477
0 0.104004 0.134286 0.0380859 0.0590476 0.818359
0 0.709961 0.742857 0.0371094 0.0419048 0.837402
0 0.943359 0.0619048 0.046875 0.0666667 0.844238
0 0.36084 0.75619 0.0380859 0.0342857 0.849609
0 0.812988 0.74381 0.0361328 0.04 0.851562
0 0.394531 0.850476 0.0410156 0.04 0.85791
0 0.946777 0.914286 0.0419922 0.0685714 0.858398
0 0.885254 0.0428571 0.0439453 0.0780952 0.859375
0 0.431152 0.750476 0.0400391 0.0380952 0.861328
0 0.904785 0.917143 0.0458984 0.0666667 0.863281
0 0.192871 0.0314286 0.0322266 0.0628571 0.870117
0 0.822754 0.805714 0.0419922 0.0495238 0.875
0 0.153809 0.0847619 0.0498047 0.0780952 0.875977
0 0.520508 0.918095 0.0390625 0.0838095 0.877441
0 0.883301 0.834286 0.0439453 0.0609524 0.884277
0 0.836426 0.861905 0.0419922 0.0514286 0.887207
