1 0.686035 0.80381 0.0673828 0.0457143 0.341064
0 0.165039 0.0247619 0.0410156 0.0495238 0.384521
0 0.833984 0.02 0.03125 0.04 0.389893
0 0.677246 0.874286 0.0419922 0.0380952 0.393311
0 0.816406 0.905714 0.0410156 0.047619 0.462646
0 0.686035 0.804762 0.0673828 0.047619 0.503418
0 0.57959 0.739048 0.0419922 0.0380952 0.580566
0 0.62793 0.879048 0.0429688 0.04 0.600586
0 0.929199 0.178095 0.0654297 0.0819048 0.6875
0 0.443359 0.808571 0.0351562 0.032381 0.695312
0 0.942871 0.848571 0.0341797 0.0590476 0.713379
0 0.540527 0.797143 0.0419922 0.0361905 0.713379
0 0.961426 0.14 0.0361328 0.047619 0.719727
0 0.969727 0.0847619 0.046875 0.0590476 0.727539
0 0.984863 0.968571 0.0302734 0.0628571 0.744141
0 0.840332 0.106667 0.0361328 0.072381 0.754395
0 0.331543 0.75619 0.0380859 0.0342857 0.810059
0 0.908691 0.0819048 0.0439453 0.072381 0.819336
0 0.530273 0.852381 0.0410156 0.0666667 0.82959
0 0.677246 0.742857 0.0361328 0.0380952 0.830078
0 0.822754 0.858095 0.0419922 0.047619 0.835938
0 0.48291 0.746667 0.0419922 0.0419048 0.839355
0 0.192871 0.0314286 0.0322266 0.0628571 0.843262
0 0.794922 0.796191 0.046875 0.0495238 0.84668
0 0.573242 0.897143 0.0449219 0.0609524 0.852539
0 0.859863 0.819048 0.0439453 0.0533333 0.86377
0 0.408691 0.752381 0.0400391 0.0380952 0.868164
0 0.154297 0.0847619 0.0507812 0.0780952 0.868164
0 0.364746 0.852381 0.0419922 0.04 0.870117
0 0.930176 0.892381 0.0439453 0.0666667 0.880371
0 0.894531 0.909524 0.0449219 0.0666667 0.882324
0 0.519531 0.921905 0.0390625 0.0838095 0.884766
0 0.786133 0.738095 0.0371094 0.04 0.895508
