0 0.500977 0.964762 0.0371094 0.0704762 0.29541
0 0.769531 0.90381 0.0390625 0.047619 0.313721
0 0.677246 0.874286 0.0419922 0.0380952 0.32666
0 0.726562 0.890476 0.0390625 0.0438095 0.378906
0 0.796387 0.810476 0.0654297 0.0552381 0.513672
0 0.628906 0.879048 0.0429688 0.04 0.575195
0 0.984375 0.104762 0.03125 0.0533333 0.652832
0 0.162598 0.0257143 0.0380859 0.0514286 0.665039
0 0.097168 0.142857 0.0361328 0.0571429 0.671875
0 0.910156 0.16 0.0449219 0.0685714 0.702148
0 0.492676 0.806667 0.0322266 0.0285714 0.716309
0 0.985352 0.925714 0.0292969 0.0761905 0.770996
0 0.441406 0.749524 0.0371094 0.032381 0.773926
0 0.541016 0.886667 0.0429688 0.0704762 0.810059
0 0.925781 0.104762 0.0429688 0.0647619 0.818359
0 0.574219 0.89619 0.0429688 0.0628571 0.822266
0 0.669434 0.800952 0.0458984 0.04 0.826172
0 0.814941 0.754286 0.0380859 0.0457143 0.838867
0 0.46582 0.851429 0.0410156 0.0380952 0.847656
0 0.557129 0.74381 0.0400391 0.0361905 0.853516
0 0.873535 0.887619 0.0439453 0.0571429 0.868164
0 0.192871 0.0314286 0.0322266 0.0628571 0.869141
0 0.495117 0.749524 0.0410156 0.04 0.87207
0 0.934082 0.95619 0.0439453 0.0685714 0.874023
0 0.567383 0.82 0.0410156 0.0552381 0.877441
0 0.92627 0.88 0.0439453 0.072381 0.87793
0 0.150391 0.0885714 0.0488281 0.0742857 0.887207
0 0.968262 0.948571 0.0419922 0.08 0.88916
0 0.888184 0.774286 0.0380859 0.0514286 0.891113
0 0.876465 0.833333 0.0400391 0.0514286 0.893555
