0 0.81543 0.906667 0.0410156 0.0457143 0.278076
0 0.991699 0.979048 0.0166016 0.0419048 0.334229
0 0.499023 0.970476 0.03125 0.0590476 0.365723
0 0.165039 0.0247619 0.0410156 0.0495238 0.446777
0 0.478516 0.807619 0.0332031 0.0304762 0.556152
0 0.776367 0.813333 0.0625 0.0533333 0.583984
0 0.954102 0.199048 0.0449219 0.0552381 0.59375
0 0.62793 0.879048 0.0429688 0.04 0.663086
0 0.103516 0.13619 0.0351562 0.0552381 0.700195
0 0.964844 0.139048 0.0429688 0.0533333 0.705078
0 0.644531 0.799048 0.046875 0.0438095 0.747559
0 0.574219 0.897143 0.0429688 0.0609524 0.787598
0 0.421387 0.751429 0.0380859 0.032381 0.813477
0 0.984863 0.919048 0.0302734 0.0742857 0.840332
0 0.553711 0.830476 0.0410156 0.0609524 0.845215
0 0.787109 0.746667 0.0371094 0.0419048 0.851562
0 0.543457 0.74381 0.0400391 0.0361905 0.855469
0 0.531738 0.898095 0.0419922 0.0780952 0.859375
0 0.925781 0.945714 0.0429688 0.0704762 0.865234
0 0.44873 0.853333 0.0419922 0.0380952 0.867676
0 0.192871 0.0314286 0.0322266 0.0628571 0.872559
0 0.966309 0.944762 0.0400391 0.08 0.880371
0 0.864258 0.825714 0.0410156 0.0514286 0.880371
0 0.86377 0.879048 0.0419922 0.0552381 0.884277
0 0.152832 0.0866667 0.0498047 0.0780952 0.886719
0 0.481445 0.749524 0.0410156 0.04 0.888184
0 0.919434 0.869524 0.0419922 0.0704762 0.898926
0 0.869629 0.764762 0.0380859 0.047619 0.90918
