0 0.500488 0.967619 0.0341797 0.0647619 0.30835
0 0.628906 0.879048 0.0429688 0.04 0.48877
0 0.164062 0.0247619 0.0390625 0.0495238 0.499512
0 0.990234 0.107619 0.0195312 0.04 0.5
0 0.786621 0.812381 0.0654297 0.0590476 0.523926
0 0.657227 0.8 0.046875 0.0419048 0.683594
0 0.100098 0.139048 0.0380859 0.0571429 0.721191
0 0.431152 0.750476 0.0400391 0.0342857 0.726074
0 0.535645 0.892381 0.0419922 0.0742857 0.76416
0 0.484863 0.806667 0.0341797 0.032381 0.77002
0 0.985352 0.921905 0.0292969 0.0761905 0.814453
0 0.574219 0.899048 0.0429688 0.0609524 0.819824
0 0.45752 0.853333 0.0419922 0.0380952 0.838379
0 0.550781 0.74381 0.0390625 0.0361905 0.840332
0 0.191895 0.0314286 0.0322266 0.0628571 0.862793
0 0.560547 0.825714 0.0410156 0.0590476 0.86377
0 0.932129 0.181905 0.0458984 0.0628571 0.864258
0 0.48877 0.749524 0.0400391 0.04 0.871094
0 0.945312 0.12381 0.0429688 0.0571429 0.872559
0 0.801758 0.749524 0.0390625 0.0438095 0.873535
0 0.930664 0.951429 0.0449219 0.0704762 0.873535
0 0.924316 0.87619 0.0439453 0.072381 0.880371
0 0.151855 0.0876191 0.0498047 0.0761905 0.884766
0 0.968262 0.949524 0.0419922 0.0819048 0.887695
0 0.868652 0.882857 0.0400391 0.0552381 0.89502
0 0.878906 0.771429 0.0390625 0.0495238 0.895508
0 0.871094 0.828571 0.0390625 0.0533333 0.896484
