0 0.831543 0.0295238 0.0361328 0.0590476 0.335693
0 0.726562 0.801905 0.0429688 0.0495238 0.468506
0 0.824707 0.819048 0.0673828 0.0571429 0.574219
0 0.992188 0.112381 0.015625 0.0419048 0.614746
0 0.989746 0.938095 0.0205078 0.0704762 0.652344
0 0.526367 0.804762 0.0332031 0.0361905 0.657715
0 0.62793 0.878095 0.0429688 0.0380952 0.662109
0 0.152344 0.0333333 0.0351562 0.0666667 0.705078
0 0.46875 0.750476 0.0390625 0.0342857 0.798828
0 0.938477 0.0638095 0.0449219 0.0628571 0.815918
0 0.942383 0.130476 0.0449219 0.0590476 0.843262
0 0.50293 0.850476 0.0410156 0.04 0.845215
0 0.591309 0.741905 0.0400391 0.0361905 0.847656
0 0.894531 0.910476 0.0429688 0.0685714 0.857422
0 0.185059 0.0457143 0.0322266 0.0685714 0.859375
0 0.947754 0.969524 0.0419922 0.0609524 0.86084
0 0.513184 0.940952 0.0380859 0.0838095 0.872559
0 0.574219 0.898095 0.0429688 0.0590476 0.872559
0 0.861328 0.775238 0.0390625 0.0495238 0.873535
0 0.930176 0.88381 0.0419922 0.0685714 0.873535
0 0.524414 0.747619 0.0410156 0.04 0.874512
0 0.960938 0.248571 0.0429688 0.047619 0.878418
0 0.134766 0.10381 0.0488281 0.0704762 0.885742
0 0.568848 0.859048 0.0439453 0.0647619 0.886719
0 0.611328 0.799048 0.0410156 0.047619 0.887695
0 0.890625 0.841905 0.0410156 0.0571429 0.89502
0 0.968262 0.947619 0.0419922 0.0780952 0.902832
0 0.916016 0.799048 0.0390625 0.0590476 0.90332
