0 0.065918 0.164762 0.0361328 0.04 0.252197
0 0.993164 0.978095 0.0136719 0.0438095 0.256348
0 0.842285 0.0971429 0.0205078 0.0419048 0.30542
0 0.98584 0.922857 0.0283203 0.0704762 0.43335
0 0.735352 0.801905 0.0449219 0.0495238 0.458984
0 0.0532227 0.144762 0.0517578 0.0533333 0.491455
0 0.828125 0.819048 0.0664062 0.0609524 0.501953
0 0.991211 0.94 0.0175781 0.0666667 0.578613
0 0.530762 0.802857 0.0341797 0.0361905 0.606934
0 0.628906 0.878095 0.0429688 0.0380952 0.686035
0 0.471191 0.751429 0.0380859 0.032381 0.720703
0 0.98584 0.109524 0.0283203 0.0438095 0.746582
0 0.150879 0.0342857 0.0361328 0.0685714 0.780762
0 0.898438 0.913333 0.0429688 0.0666667 0.805176
0 0.928223 0.0542857 0.0458984 0.0666667 0.81543
0 0.599609 0.741905 0.0410156 0.0361905 0.819824
0 0.94873 0.969524 0.0419922 0.0609524 0.836914
0 0.510254 0.848571 0.0419922 0.04 0.849609
0 0.180664 0.0552381 0.0332031 0.0685714 0.858887
0 0.9375 0.232381 0.0429688 0.0533333 0.860352
0 0.577148 0.853333 0.0429688 0.0609524 0.86377
0 0.574219 0.899048 0.0429688 0.0571429 0.864746
0 0.925781 0.11619 0.046875 0.0647619 0.872559
0 0.129395 0.108571 0.0498047 0.072381 0.875
0 0.930176 0.88381 0.0419922 0.0685714 0.881836
0 0.621094 0.796191 0.0390625 0.0495238 0.888672
0 0.890625 0.841905 0.0410156 0.0571429 0.889648
0 0.530273 0.749524 0.0410156 0.04 0.891113
0 0.516113 0.932381 0.0380859 0.0819048 0.892578
0 0.968262 0.948571 0.0419922 0.0761905 0.893066
0 0.866211 0.779048 0.0390625 0.0495238 0.895996
0 0.918945 0.8 0.0390625 0.0609524 0.92041
