1 0.829102 0.819048 0.0703125 0.0609524 0.464111
0 0.829102 0.818095 0.0703125 0.0628571 0.514648
0 0.991211 0.940952 0.0175781 0.0685714 0.536133
0 0.0449219 0.169524 0.0390625 0.0419048 0.563477
0 0.0419922 0.155238 0.0390625 0.0438095 0.56543
0 0.677246 0.874286 0.0400391 0.0380952 0.634277
0 0.135742 0.0257143 0.0371094 0.0514286 0.645508
0 0.549316 0.80381 0.0322266 0.0342857 0.74707
0 0.754883 0.801905 0.046875 0.0419048 0.749023
0 0.903809 0.0295238 0.0439453 0.0590476 0.80127
0 0.962891 0.181905 0.046875 0.0514286 0.814941
0 0.479004 0.749524 0.0380859 0.032381 0.826172
0 0.949219 0.970476 0.0429688 0.0590476 0.833008
0 0.647949 0.790476 0.0380859 0.0419048 0.834473
0 0.611816 0.839048 0.0419922 0.0438095 0.834961
0 0.526855 0.846667 0.0419922 0.04 0.838379
0 0.628906 0.740952 0.0390625 0.0342857 0.842285
0 0.628418 0.879048 0.0419922 0.04 0.843262
0 0.148438 0.0409524 0.0390625 0.0666667 0.853516
0 0.167969 0.0790476 0.0351562 0.0666667 0.87207
0 0.95752 0.0847619 0.0439453 0.0590476 0.875488
0 0.931152 0.885714 0.0419922 0.0685714 0.875977
0 0.905762 0.925714 0.0419922 0.0685714 0.878418
0 0.885254 0.0647619 0.0458984 0.0761905 0.878418
0 0.873047 0.78381 0.0390625 0.0514286 0.884766
0 0.548828 0.748571 0.0390625 0.0380952 0.889648
0 0.890625 0.841905 0.0410156 0.0571429 0.889648
0 0.572754 0.897143 0.0439453 0.0609524 0.893555
0 0.967285 0.947619 0.0419922 0.0780952 0.894043
0 0.115234 0.117143 0.0488281 0.0666667 0.902344
0 0.522461 0.92 0.0390625 0.08 0.902832
0 0.877441 0.159048 0.0400391 0.0742857 0.906738
0 0.922852 0.804762 0.0390625 0.0628571 0.918457
