0 0.992188 0.978095 0.015625 0.0438095 0.282471
1 0.820801 0.817143 0.0673828 0.0533333 0.343994
0 0.677246 0.87619 0.0419922 0.0380952 0.450439
0 0.519043 0.790476 0.0361328 0.0342857 0.536621
0 0.519531 0.804762 0.0332031 0.032381 0.584473
0 0.628418 0.879048 0.0439453 0.04 0.586914
0 0.464355 0.750476 0.0380859 0.0304762 0.643066
0 0.989258 0.937143 0.0214844 0.0685714 0.65625
0 0.981934 0.261905 0.0361328 0.0438095 0.680176
0 0.821777 0.818095 0.0673828 0.0552381 0.695312
0 0.870117 0.0247619 0.0332031 0.0495238 0.699219
0 0.715332 0.800952 0.0439453 0.0438095 0.699219
0 0.154297 0.0314286 0.0351562 0.0628571 0.751465
0 0.853027 0.769524 0.0380859 0.0457143 0.805176
0 0.584961 0.741905 0.0410156 0.0361905 0.828613
0 0.959961 0.144762 0.046875 0.0571429 0.834473
0 0.49707 0.850476 0.0410156 0.04 0.840332
0 0.188477 0.0380952 0.0332031 0.0685714 0.850586
0 0.561035 0.864762 0.0419922 0.0647619 0.858398
0 0.519043 0.749524 0.0419922 0.04 0.865723
0 0.574219 0.899048 0.0429688 0.0609524 0.874512
0 0.138672 0.1 0.0488281 0.0742857 0.878906
0 0.890625 0.905714 0.0429688 0.0666667 0.883789
0 0.930176 0.88381 0.0419922 0.0685714 0.884277
0 0.946777 0.968571 0.0439453 0.0628571 0.887695
0 0.947754 0.0742857 0.0458984 0.0609524 0.888184
0 0.913086 0.796191 0.0390625 0.0609524 0.89502
0 0.889648 0.841905 0.0410156 0.0533333 0.895508
0 0.510254 0.948571 0.0380859 0.0838095 0.898438
0 0.967285 0.947619 0.0419922 0.0819048 0.900391
0 0.602539 0.801905 0.0410156 0.0495238 0.902832
0 0.84082 0.0447619 0.0410156 0.0857143 0.928223
