1 0.829102 0.819048 0.0683594 0.0609524 0.285156
0 0.82666 0.0609524 0.0185547 0.0380952 0.318848
0 0.984375 0.917143 0.03125 0.0780952 0.384033
0 0.0600586 0.166667 0.0361328 0.04 0.429932
0 0.0488281 0.145714 0.046875 0.0438095 0.453125
0 0.829102 0.818095 0.0683594 0.0628571 0.504395
0 0.989746 0.93619 0.0205078 0.0666667 0.58252
0 0.744629 0.801905 0.0458984 0.0495238 0.636719
0 0.628418 0.879048 0.0419922 0.04 0.639648
0 0.991211 0.198095 0.0175781 0.0380952 0.679688
0 0.473145 0.749524 0.0380859 0.032381 0.687012
0 0.538086 0.804762 0.0332031 0.032381 0.726074
0 0.149902 0.0361905 0.0380859 0.072381 0.808594
0 0.609863 0.741905 0.0400391 0.0361905 0.82373
0 0.949219 0.970476 0.0429688 0.0590476 0.827148
0 0.978516 0.101905 0.0390625 0.047619 0.851074
0 0.177246 0.0647619 0.0341797 0.0685714 0.851074
0 0.902344 0.919048 0.0410156 0.0666667 0.86084
0 0.92041 0.0438095 0.0439453 0.0685714 0.861816
0 0.515137 0.848571 0.0419922 0.04 0.865723
0 0.930176 0.885714 0.0419922 0.0685714 0.87793
0 0.630371 0.794286 0.0400391 0.0457143 0.878906
0 0.57373 0.898095 0.0439453 0.0590476 0.883789
0 0.586914 0.847619 0.0429688 0.0571429 0.885742
0 0.911133 0.0990476 0.046875 0.072381 0.887695
0 0.870117 0.78 0.0390625 0.0514286 0.890137
0 0.919922 0.801905 0.0390625 0.0609524 0.890625
0 0.125488 0.111429 0.0498047 0.0704762 0.890625
0 0.536621 0.748571 0.0400391 0.0380952 0.891113
0 0.968262 0.948571 0.0419922 0.0761905 0.891113
0 0.890625 0.841905 0.0410156 0.0571429 0.891113
0 0.519043 0.927619 0.0380859 0.08 0.89209
0 0.915527 0.211429 0.0439453 0.0609524 0.895996
