1 0.80957 0.812381 0.0683594 0.0552381 0.27417
0 0.810059 0.813333 0.0673828 0.0571429 0.3396
0 0.0888672 0.146667 0.0371094 0.0533333 0.371826
0 0.505859 0.800952 0.0351562 0.0361905 0.519043
0 0.677246 0.874286 0.0400391 0.0380952 0.556641
0 0.628418 0.877143 0.0439453 0.04 0.58252
0 0.987793 0.933333 0.0244141 0.0761905 0.675293
0 0.692871 0.798095 0.0439453 0.0419048 0.721191
0 0.45459 0.750476 0.0361328 0.0304762 0.738281
0 0.98584 0.162857 0.0283203 0.0438095 0.758789
0 0.158203 0.0295238 0.0371094 0.0590476 0.796387
0 0.574219 0.898095 0.0429688 0.0628571 0.816406
0 0.504883 0.959048 0.0371094 0.0819048 0.823242
0 0.482422 0.850476 0.0410156 0.04 0.836914
0 0.508301 0.747619 0.0400391 0.04 0.845703
0 0.570801 0.742857 0.0400391 0.0380952 0.847656
0 0.549805 0.872381 0.0429688 0.0685714 0.852539
0 0.837402 0.761905 0.0361328 0.0457143 0.85791
0 0.882812 0.895238 0.0429688 0.0609524 0.87207
0 0.584961 0.810476 0.0410156 0.0514286 0.873535
0 0.886719 0.839048 0.0410156 0.0552381 0.874512
0 0.192383 0.0314286 0.0332031 0.0628571 0.878418
0 0.893066 0.0590476 0.0419922 0.072381 0.883301
0 0.941895 0.964762 0.0439453 0.0704762 0.884766
0 0.969727 0.0914286 0.0449219 0.0571429 0.886719
0 0.930176 0.88381 0.0419922 0.0685714 0.895996
0 0.146484 0.0942857 0.0507812 0.0742857 0.898438
0 0.968262 0.946667 0.0419922 0.08 0.899414
0 0.871582 0.107619 0.0439453 0.0780952 0.899414
0 0.90332 0.785714 0.0390625 0.0552381 0.902832
