0 0.628418 0.88 0.0419922 0.0380952 0.275635
0 0.957031 0.970476 0.0390625 0.0590476 0.334229
0 0.574219 0.898095 0.0429688 0.0628571 0.334473
0 0.992188 0.237143 0.015625 0.0552381 0.380127
0 0.645508 0.800952 0.0351562 0.04 0.418457
0 0.00927734 0.180952 0.0185547 0.0380952 0.499756
0 0.790039 0.854286 0.0410156 0.047619 0.59375
0 0.0507812 0.106667 0.0527344 0.0495238 0.595215
0 0.946289 0.0647619 0.0214844 0.0304762 0.596191
0 0.547852 0.87619 0.0449219 0.0761905 0.655273
0 0.864258 0.0304762 0.0410156 0.0609524 0.692383
0 0.112793 0.0857143 0.0380859 0.0609524 0.739746
0 0.106934 0.928571 0.0439453 0.0704762 0.741211
0 0.721191 0.74 0.0419922 0.04 0.758789
0 0.0712891 0.186667 0.0410156 0.0533333 0.765625
0 0.906738 0.927619 0.0419922 0.072381 0.774902
0 0.60791 0.839048 0.0439453 0.0438095 0.782227
0 0.291992 0.762857 0.0390625 0.04 0.8125
0 0.943359 0.241905 0.0390625 0.0495238 0.830566
0 0.0629883 0.144762 0.0498047 0.0571429 0.836914
0 0.698242 0.785714 0.0390625 0.04 0.842285
0 0.882812 0.194286 0.0390625 0.0609524 0.848633
0 0.638672 0.746667 0.0390625 0.0419048 0.855469
0 0.885254 0.792381 0.0400391 0.0533333 0.868164
0 0.128906 0.032381 0.0429688 0.0647619 0.872559
0 0.910156 0.0342857 0.0429688 0.0685714 0.880371
0 0.134277 0.847619 0.0400391 0.0647619 0.88623
0 0.948242 0.127619 0.0371094 0.0495238 0.896973
0 0.960938 0.930476 0.0429688 0.0742857 0.899414
0 0.168945 0.067619 0.0371094 0.0704762 0.90332
0 0.898926 0.849524 0.0419922 0.0571429 0.913086
0 0.943359 0.832381 0.0390625 0.0647619 0.922363
0 0.840332 0.101905 0.0419922 0.0857143 0.930176
