0 0.993164 0.277143 0.0136719 0.0514286 0.309814
0 0.0185547 0.160952 0.0371094 0.04 0.329102
1 0.830566 0.819048 0.0693359 0.0609524 0.330078
0 0.727051 0.888571 0.0400391 0.0438095 0.366455
0 0.808594 0.0161905 0.0273438 0.032381 0.405029
0 0.766113 0.80381 0.0419922 0.0380952 0.49585
0 0.601562 0.798095 0.0351562 0.0342857 0.520508
0 0.677246 0.875238 0.0419922 0.0361905 0.617676
0 0.508301 0.747619 0.0380859 0.032381 0.67334
0 0.019043 0.177143 0.0361328 0.0342857 0.700195
0 0.69043 0.83619 0.0410156 0.0380952 0.711914
0 0.528809 0.908571 0.0419922 0.08 0.720703
0 0.949707 0.969524 0.0439453 0.0609524 0.768555
0 0.62793 0.879048 0.0429688 0.04 0.772949
0 0.141113 0.11619 0.0361328 0.072381 0.780762
0 0.574219 0.897143 0.0429688 0.0571429 0.787109
0 0.134766 0.06 0.0371094 0.0704762 0.789062
0 0.561035 0.84381 0.0419922 0.0419048 0.799805
0 0.090332 0.132381 0.0498047 0.0590476 0.812012
0 0.681641 0.788571 0.0390625 0.0380952 0.834961
0 0.677246 0.74381 0.0400391 0.0438095 0.840332
0 0.875 0.786667 0.0390625 0.0571429 0.849609
0 0.589355 0.748571 0.0400391 0.0380952 0.849609
0 0.976074 0.961905 0.0419922 0.0761905 0.855469
0 0.887695 0.115238 0.0449219 0.0742857 0.864746
0 0.933105 0.234286 0.0439453 0.0571429 0.873535
0 0.952637 0.14381 0.0439453 0.0552381 0.880859
0 0.910645 0.0342857 0.0419922 0.0685714 0.886719
0 0.932129 0.887619 0.0419922 0.0685714 0.890625
0 0.890625 0.841905 0.0410156 0.0571429 0.896973
0 0.96875 0.0942857 0.0429688 0.0552381 0.897949
0 0.907227 0.927619 0.0410156 0.0685714 0.899414
0 0.928711 0.813333 0.0371094 0.0609524 0.918457
