0 0.992188 0.269524 0.015625 0.0514286 0.416748
0 0.628418 0.879048 0.0419922 0.04 0.427979
0 0.574707 0.898095 0.0419922 0.0590476 0.466553
0 0.0102539 0.180952 0.0205078 0.0419048 0.567383
0 0.627441 0.799048 0.0341797 0.032381 0.569336
0 0.741211 0.841905 0.0410156 0.0457143 0.585938
0 0.537598 0.893333 0.0419922 0.0761905 0.601562
0 0.115234 0.150476 0.0371094 0.0571429 0.647461
0 0.584961 0.84 0.0410156 0.0419048 0.694824
0 0.540527 0.746667 0.0341797 0.0304762 0.702148
0 0.0791016 0.13619 0.0546875 0.0590476 0.727539
0 0.987305 0.153333 0.0253906 0.0361905 0.741211
0 0.950195 0.970476 0.046875 0.0590476 0.785156
0 0.942383 0.250476 0.0390625 0.047619 0.790039
0 0.121582 0.0752381 0.0361328 0.0628571 0.828613
0 0.690918 0.787619 0.0380859 0.04 0.839355
0 0.700684 0.74 0.0400391 0.04 0.842285
0 0.902344 0.0904762 0.0429688 0.0742857 0.855957
0 0.614746 0.746667 0.0400391 0.0380952 0.857422
0 0.90625 0.926667 0.0429688 0.0704762 0.859375
0 0.876953 0.788571 0.0390625 0.0533333 0.865234
0 0.851562 0.0561905 0.0429688 0.0780952 0.867676
0 0.185547 0.0352381 0.0351562 0.0704762 0.891113
0 0.932617 0.818095 0.0371094 0.0628571 0.896484
0 0.937988 0.0685714 0.0439453 0.0647619 0.897949
0 0.893066 0.84381 0.0400391 0.0571429 0.903809
0 0.939941 0.899048 0.0419922 0.0685714 0.907715
0 0.880371 0.177143 0.0419922 0.072381 0.910156
