0 0.152344 0.0219048 0.0371094 0.0438095 0.321777
0 0.816895 0.906667 0.0400391 0.0457143 0.406738
0 0.688965 0.834286 0.0400391 0.0419048 0.500977
0 0.84082 0.82 0.0683594 0.0704762 0.508301
0 0.626953 0.879048 0.0449219 0.04 0.539551
0 0.663086 0.800952 0.0351562 0.047619 0.546875
0 0.677246 0.875238 0.0400391 0.0361905 0.564941
0 0.803711 0.027619 0.03125 0.0552381 0.603516
0 0.0102539 0.184762 0.0205078 0.0419048 0.61084
0 0.991211 0.17619 0.0175781 0.04 0.657715
0 0.743652 0.738095 0.0419922 0.04 0.69873
0 0.773438 0.804762 0.0410156 0.0361905 0.720215
0 0.711426 0.781905 0.0380859 0.047619 0.740234
0 0.991211 0.925714 0.0175781 0.0685714 0.745605
0 0.574219 0.898095 0.0429688 0.0590476 0.752441
0 0.187988 0.0352381 0.0419922 0.0704762 0.754883
1 0.364258 0.88381 0.0800781 0.0914286 0.772949
0 0.566406 0.86 0.0449219 0.0704762 0.793945
0 0.459961 0.762857 0.0390625 0.0361905 0.798828
0 0.0546875 0.0790476 0.0449219 0.0514286 0.803223
0 0.0180664 0.215238 0.0341797 0.0495238 0.839355
0 0.0512695 0.145714 0.0517578 0.0514286 0.845703
0 0.931641 0.178095 0.0390625 0.0514286 0.849121
0 0.109863 0.0904762 0.0380859 0.0628571 0.85498
0 0.952148 0.0580952 0.0449219 0.0552381 0.856445
0 0.225098 0.796191 0.0380859 0.0495238 0.85791
0 0.864746 0.891429 0.0439453 0.0609524 0.859375
0 0.108887 0.146667 0.0380859 0.0609524 0.86084
0 0.931641 0.120952 0.0390625 0.0514286 0.875977
0 0.933594 0.835238 0.0390625 0.0628571 0.877441
0 0.834961 0.0980952 0.0390625 0.0819048 0.888184
0 0.318359 0.77619 0.0351562 0.0361905 0.891602
0 0.847656 0.0438095 0.0429688 0.0876191 0.894531
0 0.97168 0.941905 0.0410156 0.0742857 0.898926
