0 0.900391 0.0161905 0.0234375 0.032381 0.265381
0 0.81543 0.909524 0.0390625 0.0438095 0.292236
0 0.990234 0.98 0.0195312 0.04 0.308838
0 0.805664 0.0209524 0.0292969 0.0419048 0.391846
0 0.678223 0.87619 0.0400391 0.0380952 0.403564
0 0.0390625 0.10381 0.0351562 0.04 0.429932
1 0.324707 0.861905 0.0791016 0.0704762 0.529297
0 0.919434 0.944762 0.0419922 0.072381 0.530273
0 0.57373 0.898095 0.0419922 0.0628571 0.531738
0 0.0380859 0.20381 0.0351562 0.0419048 0.552246
0 0.157715 0.826667 0.0419922 0.0609524 0.562988
0 0.663574 0.744762 0.0400391 0.0380952 0.591797
0 0.556152 0.866667 0.0439453 0.072381 0.59375
0 0.606934 0.741905 0.0361328 0.032381 0.608887
0 0.658691 0.800952 0.0341797 0.04 0.612793
0 0.108398 0.0895238 0.0371094 0.0609524 0.682129
0 0.980469 0.0742857 0.0390625 0.0533333 0.682129
0 0.648926 0.839048 0.0419922 0.04 0.692383
0 0.16748 0.845714 0.0400391 0.0609524 0.736816
0 0.983398 0.215238 0.0332031 0.0457143 0.745605
0 0.0859375 0.0619048 0.0429688 0.0552381 0.756348
0 0.706543 0.782857 0.0380859 0.0419048 0.787109
0 0.838379 0.874286 0.0458984 0.0571429 0.806152
0 0.73877 0.738095 0.0400391 0.04 0.814941
0 0.0532227 0.144762 0.0498047 0.0495238 0.855469
0 0.896973 0.0685714 0.0380859 0.0609524 0.856445
0 0.397949 0.759048 0.0400391 0.04 0.868164
0 0.973633 0.149524 0.0410156 0.0438095 0.878906
0 0.90625 0.809524 0.0410156 0.0571429 0.882324
0 0.82666 0.0904762 0.0361328 0.0742857 0.886719
0 0.234863 0.78 0.0380859 0.0438095 0.892578
0 0.870117 0.165714 0.0410156 0.0685714 0.893066
0 0.137207 0.11619 0.0380859 0.0685714 0.894531
0 0.932129 0.882857 0.0400391 0.0628571 0.908203
0 0.911621 0.151429 0.0478516 0.0780952 0.916016
0 0.970703 0.87619 0.0390625 0.0685714 0.920898
