0 0.00830078 0.179048 0.0166016 0.0380952 0.284424
0 0.100098 0.100952 0.0380859 0.0647619 0.303711
0 0.0141602 0.0933333 0.0263672 0.0419048 0.311035
0 0.193848 0.0304762 0.0361328 0.0609524 0.330811
0 0.666016 0.800952 0.0351562 0.047619 0.410889
0 0.677246 0.874286 0.0419922 0.0380952 0.490479
0 0.994629 0.139048 0.0107422 0.0495238 0.514648
0 0.724609 0.777143 0.0390625 0.0457143 0.61084
0 0.628418 0.878095 0.0419922 0.0419048 0.631348
0 0.124023 0.135238 0.0449219 0.0761905 0.676758
0 0.115234 0.0457143 0.0429688 0.0609524 0.744141
0 0.811035 0.857143 0.0439453 0.0533333 0.76709
0 0.568359 0.78 0.0410156 0.04 0.776367
0 0.638184 0.834286 0.0400391 0.0380952 0.787109
0 0.837891 0.811429 0.046875 0.0571429 0.796387
0 0.748047 0.739048 0.0410156 0.0380952 0.798828
0 0.57373 0.898095 0.0439453 0.0590476 0.830566
0 0.916504 0.884762 0.0673828 0.0933333 0.831055
0 0.046875 0.189524 0.0371094 0.0438095 0.832031
0 0.0483398 0.146667 0.0478516 0.0495238 0.842285
0 0.932617 0.191429 0.046875 0.0552381 0.851562
0 0.520996 0.819048 0.0361328 0.0380952 0.85791
0 0.936035 0.0942857 0.0458984 0.0590476 0.873535
0 0.407227 0.761905 0.0371094 0.0380952 0.875977
0 0.868652 0.100952 0.0361328 0.072381 0.879395
0 0.949707 0.255238 0.0439453 0.0495238 0.885254
0 0.891113 0.0809524 0.0341797 0.0628571 0.893066
