0 0.663574 0.8 0.0341797 0.0380952 0.271729
0 0.143066 0.067619 0.0419922 0.0780952 0.34668
0 0.757812 0.844762 0.0429688 0.0438095 0.364502
0 0.157227 0.0876191 0.0449219 0.08 0.380859
0 0.986816 0.224762 0.0263672 0.0457143 0.417725
0 0.985352 0.918095 0.0292969 0.0685714 0.461426
0 0.00927734 0.179048 0.0185547 0.0380952 0.468262
1 0.410156 0.934286 0.0761719 0.127619 0.521973
0 0.720703 0.777143 0.0390625 0.0457143 0.530762
0 0.676758 0.87619 0.0410156 0.0380952 0.532227
0 0.62793 0.879048 0.0449219 0.04 0.643066
0 0.0498047 0.149524 0.046875 0.0514286 0.668457
0 0.899414 0.920952 0.0449219 0.0666667 0.703613
0 0.135742 0.032381 0.0449219 0.0647619 0.74707
0 0.0654297 0.18381 0.0371094 0.047619 0.763184
0 0.907715 0.0285714 0.0458984 0.0571429 0.800293
0 0.0195312 0.092381 0.0390625 0.047619 0.810547
0 0.527832 0.773333 0.0400391 0.0380952 0.818359
0 0.573242 0.898095 0.0429688 0.0590476 0.822754
0 0.327148 0.769524 0.0371094 0.0380952 0.838867
0 0.601562 0.838095 0.0429688 0.0533333 0.859375
0 0.445312 0.80381 0.0351562 0.0380952 0.861816
0 0.873047 0.0419048 0.0390625 0.0685714 0.867676
0 0.850586 0.0666667 0.0371094 0.0761905 0.87207
0 0.970215 0.115238 0.0458984 0.0552381 0.873535
0 0.931152 0.134286 0.0361328 0.0514286 0.878906
0 0.927734 0.179048 0.0390625 0.0533333 0.880371
