0 0.00830078 0.179048 0.0166016 0.0380952 0.289062
0 0.429688 0.971429 0.0410156 0.0533333 0.326416
0 0.0136719 0.0961905 0.0253906 0.04 0.387939
0 0.671875 0.80381 0.0351562 0.0342857 0.614746
0 0.893066 0.852381 0.0439453 0.0628571 0.652832
0 0.861816 0.0266667 0.0341797 0.0533333 0.687012
0 0.677246 0.87619 0.0400391 0.0380952 0.756348
0 0.960938 0.946667 0.0664062 0.106667 0.759277
0 0.046875 0.190476 0.0410156 0.0457143 0.763672
0 0.94873 0.245714 0.0361328 0.0419048 0.778809
0 0.157715 0.0314286 0.0400391 0.0628571 0.785645
0 0.732422 0.775238 0.0390625 0.0457143 0.802734
0 0.863281 0.887619 0.0429688 0.0571429 0.810059
0 0.0991211 0.100952 0.0400391 0.0609524 0.814941
0 0.906738 0.0695238 0.0439453 0.0666667 0.817871
0 0.0986328 0.16 0.0449219 0.0685714 0.819336
0 0.594238 0.784762 0.0380859 0.0380952 0.826172
0 0.481445 0.75619 0.0371094 0.0342857 0.826172
0 0.979004 0.131429 0.0400391 0.0571429 0.826172
0 0.680176 0.838095 0.0400391 0.0380952 0.828613
0 0.87793 0.127619 0.0488281 0.08 0.841309
0 0.564453 0.820952 0.0351562 0.0342857 0.84375
0 0.628906 0.878095 0.0429688 0.0419048 0.844727
0 0.57373 0.898095 0.0439453 0.0590476 0.865723
0 0.0473633 0.146667 0.0478516 0.0495238 0.865723
0 0.0883789 0.0647619 0.0439453 0.0609524 0.868164
0 0.773926 0.739048 0.0400391 0.0380952 0.876953
0 0.886719 0.199048 0.0449219 0.0704762 0.90625
