0 0.62793 0.879048 0.0449219 0.04 0.333984
0 0.718262 0.780952 0.0361328 0.0457143 0.337891
0 0.995605 0.228571 0.00878906 0.0457143 0.358887
0 0.00927734 0.177143 0.0185547 0.0419048 0.513184
0 0.806641 0.0257143 0.03125 0.0514286 0.614746
0 0.163086 0.0771429 0.0410156 0.0780952 0.676758
0 0.138184 0.0304762 0.0419922 0.0609524 0.731934
0 0.57373 0.898095 0.0419922 0.0552381 0.76416
0 0.0727539 0.179048 0.0380859 0.0533333 0.768555
0 0.050293 0.148571 0.0498047 0.0533333 0.785645
0 0.891113 0.914286 0.0439453 0.0647619 0.79541
0 0.595215 0.841905 0.0439453 0.0571429 0.800293
1 0.401855 0.925714 0.0771484 0.121905 0.800293
0 0.978027 0.120952 0.0419922 0.047619 0.838867
0 0.943848 0.191429 0.0380859 0.0514286 0.850098
0 0.942871 0.146667 0.0361328 0.0495238 0.857422
0 0.915527 0.0314286 0.0458984 0.0628571 0.862793
0 0.422363 0.798095 0.0361328 0.0380952 0.864258
0 0.517578 0.772381 0.0390625 0.0361905 0.864258
0 0.306641 0.773333 0.0371094 0.0380952 0.869629
0 0.864746 0.092381 0.0400391 0.0704762 0.875488
0 0.979004 0.9 0.0361328 0.0666667 0.878418
0 0.883789 0.06 0.0410156 0.0704762 0.884277
0 0.0239258 0.0914286 0.0439453 0.0457143 0.884277
