1 0.415527 0.938095 0.0732422 0.12381 0.267822
0 0.990723 0.929524 0.0185547 0.0609524 0.302002
0 0.569824 0.879048 0.0380859 0.0438095 0.330811
0 0.899902 0.0247619 0.0478516 0.0495238 0.396973
0 0.0180664 0.0914286 0.0341797 0.0457143 0.479248
0 0.00878906 0.179048 0.0175781 0.0380952 0.528809
0 0.744629 0.738095 0.0439453 0.04 0.566895
0 0.662598 0.8 0.0341797 0.0380952 0.57373
0 0.806641 0.806667 0.046875 0.04 0.616211
0 0.992188 0.274286 0.015625 0.0380952 0.657715
0 0.0585938 0.186667 0.0371094 0.0419048 0.716309
0 0.907227 0.930476 0.0449219 0.0704762 0.722656
0 0.62793 0.88 0.0429688 0.0380952 0.766113
0 0.146484 0.102857 0.0429688 0.0761905 0.784668
0 0.722168 0.778095 0.0380859 0.047619 0.786133
0 0.861328 0.0295238 0.0390625 0.0590476 0.79248
0 0.883301 0.853333 0.0673828 0.08 0.803223
0 0.960938 0.109524 0.0449219 0.0552381 0.813477
0 0.837402 0.0361905 0.0361328 0.072381 0.820312
0 0.539551 0.774286 0.0380859 0.0361905 0.824707
0 0.770996 0.847619 0.0419922 0.0495238 0.830566
0 0.34668 0.768571 0.0390625 0.0361905 0.832031
0 0.0493164 0.148571 0.0498047 0.0533333 0.834961
0 0.609863 0.837143 0.0419922 0.0438095 0.850586
0 0.132812 0.0333333 0.0449219 0.0666667 0.852539
0 0.979004 0.219048 0.0419922 0.0419048 0.853516
0 0.919434 0.122857 0.0361328 0.0552381 0.855957
0 0.573242 0.898095 0.0429688 0.0590476 0.858398
0 0.912109 0.162857 0.0390625 0.0590476 0.861816
0 0.467285 0.807619 0.0361328 0.0342857 0.881836
