0 0.621094 0.741905 0.0351562 0.032381 0.285889
0 0.00878906 0.18 0.0175781 0.04 0.405273
0 0.988281 0.111429 0.0234375 0.032381 0.420166
0 0.131836 0.12381 0.0449219 0.08 0.435547
0 0.722656 0.777143 0.0390625 0.0457143 0.51709
0 0.797363 0.856191 0.0439453 0.047619 0.519043
0 0.628906 0.879048 0.0410156 0.04 0.532715
0 0.121582 0.0409524 0.0439453 0.0628571 0.552246
0 0.677246 0.874286 0.0400391 0.0380952 0.568848
0 0.828125 0.811429 0.0449219 0.0457143 0.700195
0 0.746094 0.738095 0.0390625 0.04 0.707031
0 0.62793 0.834286 0.0410156 0.0380952 0.750488
0 0.943848 0.1 0.0458984 0.0590476 0.777832
0 0.0493164 0.189524 0.0380859 0.0438095 0.803223
0 0.57373 0.898095 0.0439453 0.0590476 0.808105
0 0.0488281 0.148571 0.0488281 0.0495238 0.810547
0 0.948242 0.204762 0.046875 0.0552381 0.821777
0 0.558594 0.779048 0.0390625 0.0380952 0.826172
0 0.905762 0.872381 0.0673828 0.0876191 0.846191
0 0.881836 0.12381 0.0371094 0.0685714 0.849609
0 0.899902 0.0952381 0.0361328 0.0609524 0.856934
0 0.387207 0.76381 0.0380859 0.0380952 0.861816
0 0.504883 0.81619 0.0371094 0.0361905 0.864746
0 0.967285 0.262857 0.0419922 0.0495238 0.899902
