0 0.164551 0.0247619 0.0400391 0.0495238 0.36792
0 0.00878906 0.18 0.0175781 0.04 0.445312
0 0.0136719 0.0942857 0.0253906 0.04 0.532227
0 0.987305 0.137143 0.0253906 0.0457143 0.688965
0 0.0996094 0.100952 0.0410156 0.0609524 0.718262
0 0.669434 0.8 0.0341797 0.0380952 0.733398
0 0.865723 0.828571 0.0458984 0.0571429 0.751953
0 0.628906 0.878095 0.0429688 0.0419048 0.762695
0 0.756836 0.738095 0.0390625 0.0361905 0.765137
0 0.58252 0.781905 0.0380859 0.04 0.779297
0 0.107422 0.151429 0.0429688 0.0704762 0.780762
0 0.0488281 0.190476 0.0410156 0.0457143 0.782715
0 0.920898 0.0819048 0.0449219 0.0647619 0.788086
0 0.102051 0.0552381 0.0439453 0.0609524 0.788574
0 0.726074 0.777143 0.0380859 0.0457143 0.788574
0 0.659668 0.83619 0.0400391 0.0380952 0.795898
0 0.838379 0.868571 0.0419922 0.0533333 0.814941
0 0.678223 0.87619 0.0400391 0.0380952 0.817871
0 0.983398 0.257143 0.0332031 0.0380952 0.834473
0 0.444824 0.76 0.0380859 0.0342857 0.84082
0 0.546875 0.820952 0.0351562 0.0342857 0.847168
0 0.0478516 0.146667 0.046875 0.0495238 0.852539
0 0.57373 0.898095 0.0439453 0.0590476 0.85498
0 0.875488 0.0514286 0.0361328 0.0647619 0.877441
0 0.843262 0.0428571 0.0341797 0.0742857 0.891602
0 0.90332 0.161905 0.046875 0.0685714 0.89209
0 0.939941 0.916191 0.0673828 0.106667 0.895508
0 0.916992 0.232381 0.0449219 0.0647619 0.896973
