0 0.896973 0.02 0.0380859 0.04 0.288818
0 0.00878906 0.179048 0.0175781 0.0380952 0.422363
0 0.676758 0.875238 0.0410156 0.04 0.466797
0 0.827637 0.0209524 0.0283203 0.0419048 0.496338
0 0.908203 0.935238 0.0625 0.0914286 0.526855
0 0.856445 0.02 0.0292969 0.04 0.573242
0 0.816895 0.808571 0.0458984 0.047619 0.579102
0 0.745605 0.738095 0.0400391 0.04 0.587891
0 0.0537109 0.189524 0.0410156 0.0438095 0.59082
0 0.628418 0.879048 0.0419922 0.04 0.600098
0 0.722656 0.778095 0.0390625 0.047619 0.606934
0 0.785156 0.850476 0.0429688 0.0514286 0.754395
0 0.893555 0.861905 0.0703125 0.0895238 0.769531
0 0.981934 0.269524 0.0361328 0.0438095 0.795898
0 0.0498047 0.148571 0.0507812 0.0533333 0.805664
0 0.618652 0.835238 0.0400391 0.0438095 0.816895
0 0.963867 0.211429 0.046875 0.0495238 0.827148
0 0.952148 0.105714 0.0449219 0.0552381 0.829102
0 0.127441 0.0342857 0.0439453 0.0647619 0.834961
0 0.367188 0.765714 0.0390625 0.0380952 0.841797
0 0.57373 0.897143 0.0439453 0.0609524 0.848633
0 0.549316 0.777143 0.0380859 0.0380952 0.851562
0 0.896484 0.14381 0.0390625 0.0628571 0.855469
0 0.908691 0.109524 0.0341797 0.0590476 0.857422
0 0.13916 0.113333 0.0439453 0.0742857 0.883789
0 0.486816 0.811429 0.0361328 0.0380952 0.895996
