0 0.70459 0.788571 0.0439453 0.0495238 0.320557
0 0.0136719 0.0961905 0.0273438 0.04 0.325195
0 0.913086 0.875238 0.0371094 0.0628571 0.403076
0 0.666992 0.74381 0.0410156 0.0438095 0.516602
0 0.70459 0.839048 0.0400391 0.04 0.584473
0 0.677246 0.800952 0.0361328 0.04 0.656738
0 0.677246 0.87619 0.0400391 0.0380952 0.698242
0 0.628418 0.878095 0.0419922 0.0419048 0.724609
0 0.0454102 0.190476 0.0419922 0.0457143 0.741211
0 0.888184 0.911429 0.0419922 0.0628571 0.748535
0 0.915039 0.22381 0.0371094 0.0514286 0.773926
0 0.513184 0.757143 0.0361328 0.0361905 0.779297
0 0.0991211 0.1 0.0380859 0.0590476 0.80127
0 0.0751953 0.0742857 0.0449219 0.0609524 0.813477
0 0.799316 0.74381 0.0400391 0.04 0.833008
0 0.960449 0.11619 0.0419922 0.0571429 0.840332
0 0.57373 0.898095 0.0439453 0.0590476 0.84375
0 0.572266 0.820952 0.0351562 0.0342857 0.853027
0 0.0927734 0.165714 0.0449219 0.0647619 0.856445
0 0.604492 0.785714 0.0390625 0.04 0.858398
0 0.0454102 0.147619 0.0478516 0.0514286 0.858398
0 0.89209 0.0514286 0.0439453 0.072381 0.868164
0 0.855469 0.0847619 0.0429688 0.0857143 0.881348
0 0.747559 0.771429 0.0400391 0.0495238 0.883789
0 0.152344 0.0361905 0.0410156 0.072381 0.883789
0 0.861816 0.160952 0.0439453 0.0780952 0.88916
