0 0.913574 0.941905 0.0419922 0.0742857 0.276123
0 0.939941 0.911429 0.0458984 0.0742857 0.318848
0 0.620605 0.740952 0.0361328 0.0342857 0.357422
0 0.628418 0.878095 0.0419922 0.0419048 0.501465
0 0.0981445 0.1 0.0380859 0.0590476 0.51709
0 0.677734 0.874286 0.0410156 0.0380952 0.603027
0 0.0625 0.0828571 0.0429688 0.0552381 0.695312
0 0.991211 0.218095 0.0175781 0.0438095 0.70752
0 0.0429688 0.192381 0.0390625 0.0457143 0.736816
0 0.887695 0.194286 0.0390625 0.0609524 0.787598
0 0.537598 0.754286 0.0361328 0.0342857 0.796387
0 0.0898438 0.168571 0.046875 0.0666667 0.80127
0 0.676758 0.744762 0.0410156 0.0419048 0.803223
0 0.839844 0.0447619 0.0410156 0.0895238 0.803711
0 0.616699 0.787619 0.0380859 0.0361905 0.822754
0 0.57373 0.898095 0.0439453 0.0590476 0.836426
0 0.0439453 0.148571 0.0488281 0.0495238 0.845215
0 0.77002 0.764762 0.0361328 0.0438095 0.852539
0 0.828613 0.753333 0.0419922 0.047619 0.860352
0 0.937012 0.0876191 0.0439453 0.0685714 0.864746
0 0.578125 0.820952 0.0351562 0.0342857 0.875
0 0.87793 0.0361905 0.0449219 0.072381 0.885742
0 0.839355 0.117143 0.0419922 0.0819048 0.906738
0 0.145996 0.0428571 0.0419922 0.0780952 0.918945
