0 0.700684 0.785714 0.0361328 0.032381 0.343018
0 0.097168 0.1 0.0361328 0.0590476 0.40332
0 0.677734 0.874286 0.0410156 0.0380952 0.444092
0 0.756348 0.795238 0.0400391 0.047619 0.488037
0 0.837402 0.0361905 0.0341797 0.072381 0.54248
0 0.0571289 0.0876191 0.0439453 0.0533333 0.58252
0 0.628418 0.877143 0.0419922 0.04 0.586426
0 0.70459 0.802857 0.0341797 0.032381 0.611328
0 0.620605 0.740952 0.0361328 0.0342857 0.668457
0 0.843262 0.759048 0.0419922 0.0552381 0.675293
0 0.684082 0.744762 0.0400391 0.0419048 0.79541
0 0.0424805 0.192381 0.0380859 0.0457143 0.796387
0 0.546875 0.753333 0.0351562 0.032381 0.828613
0 0.78125 0.762857 0.0371094 0.04 0.835449
0 0.622559 0.787619 0.0380859 0.0361905 0.841309
0 0.872559 0.0314286 0.0458984 0.0628571 0.847656
0 0.0893555 0.169524 0.0458984 0.0647619 0.850586
0 0.57373 0.89619 0.0439453 0.0590476 0.856934
0 0.873535 0.175238 0.0361328 0.0609524 0.859375
0 0.92334 0.0695238 0.0400391 0.0704762 0.867676
0 0.981934 0.214286 0.0361328 0.0438095 0.871094
0 0.0429688 0.147619 0.0488281 0.0514286 0.87207
0 0.582031 0.821905 0.0351562 0.032381 0.887207
0 0.143066 0.047619 0.0400391 0.0761905 0.900879
0 0.829102 0.0933333 0.0410156 0.0838095 0.908691
