0 0.0141602 0.0952381 0.0263672 0.0419048 0.259033
0 0.600586 0.78381 0.0410156 0.0361905 0.526855
0 0.628418 0.879048 0.0419922 0.04 0.614746
0 0.876465 0.898095 0.0419922 0.0628571 0.636719
0 0.677246 0.87619 0.0400391 0.0380952 0.659668
0 0.969238 0.957143 0.0576172 0.0857143 0.681152
0 0.897949 0.857143 0.0439453 0.0685714 0.687012
0 0.0991211 0.102857 0.0400391 0.0647619 0.709961
0 0.691895 0.837143 0.0400391 0.0361905 0.748535
0 0.0473633 0.191429 0.0439453 0.047619 0.769043
0 0.081543 0.0695238 0.0439453 0.0628571 0.771484
0 0.899902 0.0609524 0.0439453 0.072381 0.773438
0 0.0966797 0.164762 0.0449219 0.0666667 0.773926
0 0.573242 0.897143 0.0449219 0.0609524 0.823242
0 0.866699 0.108571 0.0439453 0.0838095 0.84082
0 0.738281 0.773333 0.0390625 0.0457143 0.841797
0 0.785645 0.740952 0.0400391 0.0380952 0.85791
0 0.932129 0.237143 0.0380859 0.047619 0.86084
0 0.497559 0.75619 0.0361328 0.0342857 0.862793
0 0.0463867 0.146667 0.0478516 0.0495238 0.864746
0 0.970215 0.125714 0.0419922 0.0533333 0.872559
0 0.570312 0.820952 0.0351562 0.0342857 0.879883
0 0.874023 0.181905 0.0449219 0.0780952 0.883301
0 0.155762 0.0333333 0.0400391 0.0666667 0.89502
