0 0.0688477 0.0904762 0.0361328 0.047619 0.252197
0 0.677734 0.874286 0.0429688 0.0380952 0.393311
0 0.797852 0.807619 0.0429688 0.0495238 0.605469
0 0.62793 0.878095 0.0449219 0.0419048 0.638672
0 0.623047 0.740952 0.0371094 0.0304762 0.665039
0 0.194824 0.0304762 0.0400391 0.0609524 0.67627
0 0.0825195 0.120952 0.0380859 0.0552381 0.683594
0 0.572754 0.751429 0.0361328 0.032381 0.741211
0 0.0888672 0.170476 0.0449219 0.0628571 0.757324
0 0.981445 0.101905 0.0371094 0.0590476 0.771484
0 0.808105 0.854286 0.0439453 0.0552381 0.771484
0 0.669434 0.790476 0.0400391 0.0457143 0.791992
0 0.0327148 0.0952381 0.0419922 0.0495238 0.822754
0 0.848633 0.768571 0.0390625 0.04 0.833984
0 0.746582 0.745714 0.0400391 0.04 0.84375
0 0.0263672 0.197143 0.0371094 0.04 0.848633
0 0.621582 0.820952 0.0361328 0.0342857 0.865234
0 0.57373 0.897143 0.0439453 0.0609524 0.868652
0 0.0244141 0.151429 0.0488281 0.047619 0.877441
0 0.913574 0.811429 0.0439453 0.0647619 0.879395
0 0.928223 0.225714 0.0458984 0.0628571 0.883789
0 0.896973 0.14381 0.0400391 0.0628571 0.892578
0 0.821289 0.0685714 0.0332031 0.072381 0.895508
0 0.128418 0.0657143 0.0419922 0.0704762 0.915527
