0 0.729492 0.78381 0.0390625 0.032381 0.253662
0 0.973145 0.960952 0.0419922 0.0780952 0.291992
0 0.628906 0.877143 0.0429688 0.0438095 0.296387
0 0.741211 0.807619 0.03125 0.0304762 0.310547
0 0.98291 0.259048 0.0341797 0.0495238 0.34375
0 0.0917969 0.111429 0.0351562 0.0514286 0.362793
0 0.622559 0.741905 0.0380859 0.032381 0.662109
0 0.866211 0.0228571 0.0332031 0.0457143 0.69043
0 0.901855 0.032381 0.0361328 0.0647619 0.707031
0 0.0483398 0.0895238 0.0419922 0.0495238 0.79541
0 0.0405273 0.193333 0.0380859 0.0438095 0.803711
0 0.0893555 0.170476 0.0458984 0.0628571 0.813477
0 0.638672 0.786667 0.0390625 0.0419048 0.82666
0 0.807617 0.761905 0.0371094 0.0380952 0.827148
0 0.560547 0.752381 0.0351562 0.0342857 0.827148
0 0.705078 0.742857 0.0390625 0.0380952 0.841309
0 0.0395508 0.148571 0.0498047 0.0495238 0.868164
0 0.57373 0.895238 0.0439453 0.0609524 0.869629
0 0.871094 0.77619 0.0429688 0.0552381 0.871094
0 0.946777 0.194286 0.0400391 0.0495238 0.881348
0 0.59375 0.821905 0.0351562 0.032381 0.884766
0 0.810547 0.04 0.0371094 0.08 0.886719
0 0.850098 0.137143 0.0380859 0.0685714 0.888184
0 0.136719 0.0561905 0.0410156 0.0704762 0.911621
