0 0.727051 0.889524 0.0400391 0.0457143 0.313721
0 0.632812 0.741905 0.0371094 0.032381 0.406982
0 0.802734 0.0219048 0.0273438 0.0438095 0.45459
0 0.0185547 0.1 0.0351562 0.0438095 0.47583
0 0.0600586 0.101905 0.0341797 0.04 0.546387
0 0.0146484 0.154286 0.0292969 0.0495238 0.587402
0 0.0771484 0.153333 0.0410156 0.0552381 0.595703
0 0.677246 0.875238 0.0400391 0.0361905 0.646484
0 0.57959 0.751429 0.0361328 0.032381 0.687012
0 0.628418 0.878095 0.0439453 0.0380952 0.729004
0 0.188477 0.0457143 0.0566406 0.0914286 0.756348
0 0.0693359 0.127619 0.0371094 0.0419048 0.76416
0 0.693359 0.789524 0.0390625 0.0438095 0.76709
0 0.0864258 0.173333 0.0458984 0.0609524 0.822754
0 0.835938 0.812381 0.0429688 0.0514286 0.828613
0 0.0131836 0.2 0.0263672 0.0419048 0.846191
0 0.777344 0.748571 0.0390625 0.0419048 0.848633
0 0.574219 0.897143 0.0429688 0.0609524 0.853516
0 0.645508 0.821905 0.0351562 0.032381 0.868164
0 0.837402 0.868571 0.0439453 0.0533333 0.875488
0 0.941406 0.842857 0.0429688 0.0704762 0.878418
0 0.957031 0.0790476 0.046875 0.0628571 0.891113
0 0.871582 0.779048 0.0419922 0.0495238 0.898438
0 0.894531 0.192381 0.046875 0.072381 0.902832
0 0.870117 0.102857 0.0390625 0.0685714 0.907715
0 0.121094 0.0733333 0.0429688 0.0666667 0.914062
