0 0.00878906 0.15619 0.0175781 0.0457143 0.32251
0 0.0532227 0.110476 0.0458984 0.0495238 0.399414
0 0.583496 0.750476 0.0341797 0.0342857 0.422363
0 0.677734 0.87619 0.0410156 0.0380952 0.428223
0 0.628906 0.879048 0.0429688 0.04 0.435303
0 0.00830078 0.202857 0.0166016 0.04 0.51709
0 0.0576172 0.132381 0.0390625 0.04 0.542969
0 0.703125 0.789524 0.0429688 0.0514286 0.557617
0 0.858887 0.824762 0.0341797 0.0457143 0.720215
0 0.183594 0.0495238 0.0585938 0.0990476 0.811035
0 0.0844727 0.174286 0.0458984 0.0628571 0.82959
0 0.791504 0.750476 0.0400391 0.0419048 0.840332
0 0.57373 0.897143 0.0439453 0.0609524 0.859375
0 0.860352 0.0828571 0.0390625 0.0742857 0.872559
0 0.657715 0.821905 0.0361328 0.0361905 0.875
0 0.852051 0.878095 0.0419922 0.0571429 0.881836
0 0.117676 0.0771429 0.0419922 0.0666667 0.885254
0 0.95459 0.861905 0.0439453 0.0704762 0.889648
0 0.942383 0.0685714 0.0488281 0.0647619 0.900391
0 0.881836 0.786667 0.0390625 0.0495238 0.900879
0 0.878418 0.172381 0.0439453 0.0742857 0.911133
