0 0.62793 0.879048 0.0449219 0.04 0.457764
0 0.905273 0.032381 0.046875 0.0647619 0.648926
0 0.677246 0.875238 0.0419922 0.0361905 0.658691
0 0.174316 0.0628571 0.0576172 0.106667 0.72998
0 0.983398 0.915238 0.0332031 0.0857143 0.761719
0 0.6875 0.738095 0.0371094 0.032381 0.770508
0 0.0239258 0.146667 0.0400391 0.0380952 0.773438
0 0.57373 0.897143 0.0439453 0.0609524 0.777832
0 0.741211 0.793333 0.0371094 0.04 0.786621
0 0.595215 0.749524 0.0361328 0.0361905 0.797852
0 0.895508 0.848571 0.0371094 0.0552381 0.820312
0 0.838867 0.0342857 0.0371094 0.0685714 0.825195
0 0.981445 0.269524 0.0371094 0.0514286 0.831055
0 0.985352 0.148571 0.0292969 0.0533333 0.85498
0 0.694824 0.821905 0.0380859 0.04 0.855957
0 0.896973 0.920952 0.0419922 0.0628571 0.867676
0 0.828125 0.758095 0.0410156 0.0457143 0.874023
0 0.0976562 0.0990476 0.0429688 0.0647619 0.900391
0 0.904785 0.799048 0.0400391 0.0552381 0.902832
0 0.835449 0.0933333 0.0419922 0.0838095 0.915039
