1 0.16748 0.0742857 0.0595703 0.110476 0.344482
0 0.726562 0.888571 0.0410156 0.0438095 0.404785
0 0.616211 0.749524 0.0371094 0.0361905 0.467529
0 0.102051 0.129524 0.0361328 0.0609524 0.468506
1 0.980957 0.221905 0.0361328 0.0628571 0.497314
0 0.853027 0.766667 0.0400391 0.0514286 0.503418
0 0.907715 0.860952 0.0341797 0.0533333 0.577148
0 0.77832 0.797143 0.0371094 0.04 0.590332
0 0.574219 0.897143 0.0429688 0.0571429 0.610352
0 0.16748 0.072381 0.0615234 0.114286 0.700195
0 0.737305 0.737143 0.0390625 0.0342857 0.775879
0 0.932129 0.241905 0.0439453 0.0609524 0.8125
0 0.729492 0.829524 0.0351562 0.0361905 0.86084
0 0.910156 0.801905 0.0429688 0.0571429 0.88623
0 0.0668945 0.12 0.0419922 0.0533333 0.889648
0 0.941406 0.120952 0.0566406 0.0742857 0.927734
