0 0.628418 0.877143 0.0439453 0.04 0.269775
1 0.176758 0.0580952 0.0585938 0.108571 0.394531
0 0.769531 0.904762 0.0410156 0.0495238 0.397461
0 0.671387 0.738095 0.0361328 0.0361905 0.410889
0 0.994629 0.152381 0.0107422 0.0457143 0.457275
0 0.0776367 0.178095 0.0439453 0.0590476 0.538574
0 0.887695 0.844762 0.0332031 0.0514286 0.550781
0 0.991211 0.274286 0.0175781 0.0419048 0.583984
0 0.677246 0.874286 0.0400391 0.0380952 0.638672
0 0.59082 0.750476 0.0351562 0.0342857 0.65625
0 0.727051 0.889524 0.0400391 0.0419048 0.693848
0 0.729004 0.792381 0.0380859 0.0419048 0.720215
0 0.176758 0.0590476 0.0585938 0.110476 0.763184
0 0.0361328 0.142857 0.0351562 0.0380952 0.773438
0 0.57373 0.897143 0.0439453 0.0609524 0.774902
0 0.817871 0.755238 0.0419922 0.0438095 0.810059
0 0.916504 0.0409524 0.0478516 0.0742857 0.839355
0 0.681641 0.821905 0.0351562 0.0361905 0.853027
0 0.882324 0.905714 0.0419922 0.0628571 0.864746
0 0.844727 0.0457143 0.0371094 0.0761905 0.869141
0 0.898438 0.795238 0.0410156 0.0552381 0.870605
0 0.977539 0.899048 0.0410156 0.0761905 0.896973
0 0.106445 0.0895238 0.0429688 0.0647619 0.910645
0 0.848145 0.122857 0.0439453 0.0819048 0.915527
