0 0.0644531 0.181905 0.0410156 0.047619 0.256592
0 0.677246 0.874286 0.0400391 0.0380952 0.261963
0 0.989258 0.930476 0.0214844 0.0819048 0.301514
0 0.912598 0.937143 0.0419922 0.0685714 0.303467
0 0.704102 0.73619 0.0371094 0.032381 0.441406
0 0.628906 0.878095 0.0429688 0.0419048 0.451416
0 0.0126953 0.141905 0.0253906 0.047619 0.497803
0 0.834473 0.027619 0.0341797 0.0552381 0.688965
0 0.600586 0.750476 0.0371094 0.0342857 0.761719
0 0.57373 0.898095 0.0439453 0.0590476 0.773438
0 0.837402 0.760952 0.0419922 0.0514286 0.77832
0 0.753906 0.794286 0.0371094 0.0419048 0.782715
0 0.172363 0.0638095 0.0576172 0.108571 0.789551
0 0.706055 0.826667 0.0371094 0.0380952 0.808594
0 0.898926 0.851429 0.0419922 0.0647619 0.828613
0 0.975098 0.142857 0.0498047 0.0647619 0.84375
0 0.822754 0.0619048 0.0400391 0.0857143 0.881348
0 0.966309 0.261905 0.0419922 0.0514286 0.891113
0 0.0874023 0.106667 0.0419922 0.0609524 0.894531
0 0.906738 0.8 0.0419922 0.0571429 0.918457
