0 0.0698242 0.16 0.0419922 0.0533333 0.410889
0 0.815918 0.908571 0.0380859 0.0419048 0.429688
0 0.628906 0.878095 0.0429688 0.0380952 0.432617
1 0.178711 0.0533333 0.0585938 0.106667 0.4375
0 0.0405273 0.11619 0.0419922 0.0457143 0.484131
0 0.677246 0.87619 0.0419922 0.0380952 0.562988
0 0.0556641 0.139048 0.0449219 0.0457143 0.581543
0 0.717285 0.794286 0.0380859 0.0380952 0.620605
0 0.874512 0.832381 0.0341797 0.0533333 0.657715
0 0.585938 0.749524 0.0351562 0.0361905 0.722656
0 0.805176 0.753333 0.0419922 0.0438095 0.807617
0 0.178711 0.0533333 0.0585938 0.106667 0.821289
0 0.928711 0.0552381 0.0488281 0.0685714 0.821777
0 0.574219 0.897143 0.0429688 0.0609524 0.82959
0 0.851562 0.0628571 0.0390625 0.0761905 0.860352
0 0.0810547 0.17619 0.0449219 0.0628571 0.862793
0 0.67041 0.821905 0.0361328 0.0361905 0.865234
0 0.111328 0.0838095 0.0410156 0.0647619 0.871094
0 0.866699 0.890476 0.0419922 0.0552381 0.875977
0 0.891602 0.789524 0.0410156 0.0552381 0.888672
0 0.862305 0.147619 0.0449219 0.0780952 0.900879
0 0.966309 0.879048 0.0439453 0.0742857 0.902832
