0 0.574219 0.898095 0.0429688 0.0590476 0.375244
0 0.6875 0.747619 0.0351562 0.0361905 0.395752
0 0.813965 0.748571 0.0361328 0.0380952 0.567383
1 0.927246 0.181905 0.114258 0.108571 0.721191
0 0.906738 0.86 0.0361328 0.0552381 0.733398
0 0.904785 0.0314286 0.0419922 0.0628571 0.77002
0 0.856445 0.0361905 0.0546875 0.072381 0.77002
0 0.829102 0.812381 0.0488281 0.0628571 0.782227
0 0.861816 0.770476 0.0419922 0.047619 0.80127
0 0.808594 0.850476 0.0390625 0.0514286 0.841309
0 0.910156 0.800952 0.0429688 0.0552381 0.860352
0 0.966309 0.108571 0.0400391 0.0571429 0.905762
0 0.828125 0.0904762 0.0390625 0.0819048 0.905762
