0 0.980469 0.255238 0.0390625 0.0457143 0.482666
0 0.574219 0.898095 0.0429688 0.0590476 0.536621
0 0.816406 0.748571 0.0390625 0.0419048 0.727539
0 0.861816 0.772381 0.0419922 0.047619 0.75
0 0.907715 0.860952 0.0341797 0.0533333 0.772949
0 0.718262 0.742857 0.0361328 0.0380952 0.77832
0 0.835938 0.814286 0.0527344 0.0628571 0.782227
1 0.890625 0.14381 0.107422 0.139048 0.82959
0 0.983398 0.113333 0.0332031 0.0514286 0.843262
0 0.911133 0.801905 0.0410156 0.0571429 0.870117
0 0.837891 0.862857 0.0390625 0.0495238 0.879883
0 0.912598 0.0485714 0.0400391 0.0704762 0.896484
