0 0.574219 0.897143 0.0429688 0.0609524 0.276123
0 0.8125 0.747619 0.0390625 0.04 0.707031
0 0.125977 0.127619 0.0625 0.0952381 0.750488
0 0.908691 0.860952 0.0322266 0.0533333 0.808594
0 0.828613 0.812381 0.0439453 0.0552381 0.823242
1 0.938965 0.193333 0.114258 0.108571 0.839355
0 0.86084 0.771429 0.0419922 0.0495238 0.847656
0 0.983398 0.125714 0.0332031 0.0571429 0.850098
0 0.79834 0.846667 0.0400391 0.0514286 0.862793
0 0.910645 0.801905 0.0419922 0.0571429 0.87207
0 0.921387 0.0495238 0.0419922 0.0685714 0.876953
0 0.839844 0.12 0.0410156 0.08 0.901367
0 0.865723 0.0419048 0.0537109 0.0838095 0.907715
