1 0.135742 0.115238 0.0625 0.100952 0.29541
0 0.769043 0.90381 0.0400391 0.047619 0.419922
0 0.993164 0.134286 0.0136719 0.0514286 0.52832
0 0.666992 0.745714 0.0371094 0.04 0.54248
0 0.574219 0.897143 0.0429688 0.0609524 0.59375
1 0.945312 0.202857 0.103516 0.108571 0.595215
0 0.823242 0.811429 0.0410156 0.0533333 0.708496
0 0.135742 0.119048 0.0605469 0.0971429 0.737793
0 0.804688 0.742857 0.0449219 0.0457143 0.738281
0 0.907715 0.860952 0.0341797 0.0533333 0.742676
0 0.0107422 0.139048 0.0214844 0.0342857 0.785156
0 0.787109 0.841905 0.0390625 0.0495238 0.839355
0 0.86084 0.769524 0.0458984 0.0533333 0.852539
0 0.910156 0.800952 0.0410156 0.0552381 0.868164
0 0.9375 0.0704762 0.0429688 0.0647619 0.874512
0 0.853027 0.145714 0.0419922 0.0780952 0.912598
0 0.875977 0.052381 0.0527344 0.0857143 0.912598
