0 0.77002 0.90381 0.0400391 0.047619 0.285889
0 0.850586 0.027619 0.046875 0.0552381 0.414307
0 0.696777 0.746667 0.0361328 0.0380952 0.603516
0 0.833496 0.814286 0.0478516 0.0628571 0.718262
0 0.861816 0.772381 0.0419922 0.047619 0.730469
0 0.816406 0.748571 0.0390625 0.0419048 0.74707
0 0.908691 0.862857 0.0322266 0.0533333 0.787598
1 0.914551 0.171429 0.112305 0.121905 0.834473
0 0.818359 0.855238 0.0390625 0.0495238 0.847656
0 0.910156 0.800952 0.0410156 0.0552381 0.87793
0 0.946777 0.092381 0.0400391 0.0590476 0.895996
0 0.817871 0.0609524 0.0380859 0.0838095 0.900391
