0 0.574219 0.898095 0.0429688 0.0590476 0.250488
0 0.0864258 0.138095 0.0380859 0.047619 0.28125
0 0.768555 0.90381 0.0410156 0.047619 0.589844
0 0.727051 0.890476 0.0400391 0.0438095 0.616211
0 0.158691 0.0866667 0.0615234 0.104762 0.72998
0 0.98584 0.122857 0.0283203 0.0590476 0.743652
0 0.799805 0.802857 0.0449219 0.0552381 0.757324
1 0.965332 0.215238 0.0654297 0.072381 0.760254
0 0.908691 0.860952 0.0322266 0.0533333 0.760254
0 0.770508 0.738095 0.0371094 0.0361905 0.806641
0 0.859863 0.770476 0.0419922 0.0514286 0.840332
0 0.898438 0.213333 0.0449219 0.0685714 0.851562
0 0.752441 0.832381 0.0380859 0.0419048 0.868652
0 0.0444336 0.132381 0.0419922 0.047619 0.891113
0 0.911133 0.0952381 0.0566406 0.08 0.894531
0 0.910156 0.800952 0.0410156 0.0552381 0.895508
