0 0.0561523 0.175238 0.0576172 0.0571429 0.268555
0 0.861816 0.772381 0.0419922 0.047619 0.298584
0 0.99707 0.219048 0.00585938 0.0571429 0.311523
0 0.574219 0.897143 0.0429688 0.0609524 0.405029
0 0.930176 0.131429 0.0263672 0.0419048 0.414795
0 0.816406 0.748571 0.0390625 0.0419048 0.568848
0 0.737305 0.744762 0.0371094 0.0342857 0.730469
0 0.850098 0.826667 0.0419922 0.0533333 0.748535
0 0.908691 0.861905 0.0341797 0.0552381 0.776855
0 0.911133 0.802857 0.0410156 0.0552381 0.793945
0 0.951172 0.238095 0.046875 0.0571429 0.856445
1 0.870117 0.115238 0.107422 0.165714 0.876953
0 0.855469 0.873333 0.0390625 0.0514286 0.880859
0 0.949707 0.0828571 0.0439453 0.0590476 0.89502
