0 0.993164 0.275238 0.0136719 0.0438095 0.46167
0 0.574219 0.897143 0.0429688 0.0609524 0.466309
0 0.861816 0.771429 0.0419922 0.0495238 0.526855
0 0.892578 0.208571 0.046875 0.0704762 0.800293
0 0.907715 0.861905 0.0361328 0.0590476 0.80127
0 0.884766 0.890476 0.0390625 0.0552381 0.816406
0 0.986816 0.142857 0.0263672 0.0533333 0.845215
0 0.910156 0.801905 0.0410156 0.0571429 0.845215
0 0.966797 0.206667 0.0390625 0.0438095 0.882324
0 0.890625 0.032381 0.0351562 0.0647619 0.884277
0 0.831543 0.0838095 0.0419922 0.0838095 0.90625
0 0.904785 0.155238 0.0498047 0.0742857 0.916504
