0 0.86084 0.771429 0.0419922 0.0495238 0.61084
0 0.90625 0.859048 0.0371094 0.0571429 0.669922
0 0.989258 0.198095 0.0214844 0.0419048 0.682129
0 0.885254 0.895238 0.0419922 0.0647619 0.833984
0 0.866211 0.171429 0.0449219 0.0761905 0.882812
0 0.910156 0.802857 0.0410156 0.0552381 0.887695
0 0.976074 0.26381 0.0439453 0.0438095 0.888184
0 0.81543 0.0419048 0.0390625 0.0838095 0.89502
0 0.953613 0.109524 0.0419922 0.0628571 0.895996
0 0.947754 0.19619 0.0400391 0.0533333 0.911621
0 0.88623 0.130476 0.0498047 0.0819048 0.916016
