0 0.856445 0.822857 0.0410156 0.0533333 0.258057
0 0.861816 0.771429 0.0419922 0.0495238 0.668457
0 0.907715 0.861905 0.0361328 0.0552381 0.711914
0 0.885254 0.892381 0.0400391 0.0552381 0.808594
0 0.910156 0.801905 0.0410156 0.0571429 0.826172
0 0.98291 0.118095 0.0341797 0.0495238 0.86084
0 0.897461 0.0352381 0.0410156 0.0704762 0.87793
0 0.835938 0.111429 0.0429688 0.0857143 0.884277
0 0.921875 0.17619 0.0429688 0.0590476 0.893555
0 0.928223 0.240952 0.0458984 0.0552381 0.90625
0 0.858398 0.08 0.0488281 0.0914286 0.927734
