0 0.891602 0.067619 0.0234375 0.047619 0.307129
0 0.861816 0.771429 0.0419922 0.0495238 0.476074
0 0.910156 0.862857 0.0390625 0.0571429 0.742676
0 0.885254 0.892381 0.0419922 0.0552381 0.856445
0 0.983398 0.217143 0.0332031 0.0457143 0.871094
0 0.910156 0.801905 0.0410156 0.0571429 0.876953
0 0.948242 0.0866667 0.0371094 0.0552381 0.878418
0 0.824219 0.08 0.0410156 0.0876191 0.888184
0 0.900391 0.217143 0.046875 0.0647619 0.902832
0 0.84082 0.0419048 0.046875 0.0838095 0.910645
0 0.903809 0.158095 0.0419922 0.0647619 0.913086
