0 0.86084 0.771429 0.0419922 0.0495238 0.321777
0 0.816895 0.0561905 0.0380859 0.0895238 0.627441
0 0.989746 0.127619 0.0205078 0.0495238 0.713379
0 0.907715 0.86 0.0361328 0.0552381 0.784668
0 0.130371 0.0495238 0.0439453 0.0685714 0.803711
0 0.910156 0.801905 0.0410156 0.0571429 0.82373
0 0.88623 0.894286 0.0439453 0.0628571 0.841309
0 0.916992 0.0485714 0.0371094 0.0628571 0.885254
0 0.960938 0.202857 0.0429688 0.0514286 0.896484
0 0.885742 0.130476 0.0410156 0.0742857 0.896973
0 0.876465 0.187619 0.0458984 0.0742857 0.899902
