0 0.807617 0.0257143 0.03125 0.0514286 0.360596
0 0.907715 0.86 0.0361328 0.0514286 0.631348
0 0.861816 0.771429 0.0419922 0.0495238 0.640137
0 0.993164 0.127619 0.0136719 0.0419048 0.671875
0 0.885254 0.892381 0.0400391 0.0552381 0.834961
0 0.910156 0.800952 0.0410156 0.0552381 0.869141
0 0.844238 0.131429 0.0439453 0.08 0.888672
0 0.929688 0.18381 0.0429688 0.0590476 0.889648
0 0.943848 0.250476 0.0439453 0.0514286 0.895508
0 0.915527 0.0609524 0.0419922 0.0761905 0.910645
0 0.868164 0.0990476 0.0488281 0.0876191 0.918457
