0 0.127441 0.914286 0.0361328 0.0609524 0.278076
0 0.00976562 0.125714 0.0195312 0.0457143 0.28125
0 0.0854492 0.0428571 0.0439453 0.0742857 0.571289
0 0.863281 0.827619 0.0410156 0.0552381 0.711914
0 0.861816 0.771429 0.0419922 0.0495238 0.748535
0 0.907715 0.860952 0.0361328 0.0533333 0.829102
0 0.885254 0.891429 0.0400391 0.0571429 0.853027
0 0.936035 0.0628571 0.0361328 0.0533333 0.874512
0 0.93457 0.194286 0.0371094 0.0495238 0.875977
0 0.171875 0.032381 0.0410156 0.0647619 0.876953
0 0.910156 0.801905 0.0429688 0.0571429 0.878418
0 0.877441 0.114286 0.0439453 0.0761905 0.880371
0 0.825195 0.0828571 0.0410156 0.0857143 0.905273
