0 0.994629 0.229524 0.0107422 0.047619 0.44873
0 0.113281 0.0638095 0.0449219 0.0666667 0.665527
0 0.907715 0.860952 0.0361328 0.0533333 0.761719
0 0.8125 0.0438095 0.0390625 0.0876191 0.787598
0 0.979004 0.115238 0.0400391 0.0590476 0.80127
0 0.910156 0.801905 0.0410156 0.0571429 0.843262
0 0.88623 0.895238 0.0419922 0.0647619 0.853516
0 0.902344 0.0295238 0.0371094 0.0590476 0.871094
0 0.947754 0.193333 0.0439453 0.0514286 0.884766
0 0.867188 0.172381 0.0429688 0.0742857 0.897949
0 0.876465 0.11619 0.0419922 0.0761905 0.899414
