0 0.574219 0.898095 0.0429688 0.0590476 0.328857
0 0.993164 0.198095 0.0136719 0.0533333 0.339355
0 0.861816 0.771429 0.0419922 0.0495238 0.556152
0 0.864258 0.827619 0.0410156 0.0552381 0.683594
0 0.907715 0.860952 0.0361328 0.0533333 0.779297
0 0.902344 0.0247619 0.0351562 0.0495238 0.783691
0 0.885254 0.890476 0.0400391 0.0552381 0.829102
0 0.910156 0.801905 0.0410156 0.0571429 0.835938
0 0.150879 0.0580952 0.0400391 0.0704762 0.836914
0 0.162109 0.87619 0.0371094 0.0571429 0.854492
0 0.910156 0.171429 0.0390625 0.0609524 0.856934
0 0.0922852 0.907619 0.0380859 0.0666667 0.862793
0 0.854492 0.067619 0.0410156 0.0819048 0.907227
0 0.814941 0.0504762 0.0380859 0.0857143 0.916992
