0 0.0864258 0.0552381 0.0400391 0.0609524 0.364502
0 0.80957 0.0390476 0.0390625 0.0780952 0.423584
0 0.86084 0.826667 0.0419922 0.0533333 0.433838
0 0.861816 0.771429 0.0419922 0.0495238 0.526367
0 0.988281 0.224762 0.0214844 0.0380952 0.775391
0 0.907715 0.860952 0.0361328 0.0533333 0.812988
0 0.885254 0.892381 0.0400391 0.0552381 0.860352
0 0.958496 0.0971429 0.0400391 0.0609524 0.860352
0 0.0966797 0.08 0.0449219 0.0647619 0.860352
0 0.935059 0.18381 0.0419922 0.0552381 0.872559
0 0.910156 0.800952 0.0410156 0.0552381 0.872559
0 0.858887 0.155238 0.0439453 0.0819048 0.916016
0 0.867188 0.0980952 0.0410156 0.0780952 0.924805
