0 0.143066 0.894286 0.0361328 0.0590476 0.513184
0 0.863281 0.828571 0.0410156 0.0533333 0.629395
0 0.861816 0.772381 0.0419922 0.0514286 0.647461
0 0.906738 0.86 0.0361328 0.0552381 0.727539
0 0.910156 0.801905 0.0429688 0.0571429 0.813477
0 0.922852 0.18381 0.0371094 0.0552381 0.822754
0 0.885254 0.891429 0.0400391 0.0571429 0.827637
0 0.918457 0.0419048 0.0361328 0.0571429 0.892578
0 0.864746 0.0914286 0.0419922 0.08 0.899414
0 0.818359 0.0666667 0.0390625 0.0876191 0.904297
0 0.161133 0.0428571 0.0410156 0.0704762 0.910645
