0 0.0332031 0.092381 0.0429688 0.047619 0.456787
0 0.861816 0.771429 0.0419922 0.0495238 0.497559
0 0.863281 0.826667 0.0410156 0.0533333 0.507324
0 0.0395508 0.110476 0.0439453 0.0495238 0.51123
0 0.100586 0.949524 0.0351562 0.0628571 0.709961
0 0.907227 0.0333333 0.0390625 0.0666667 0.76709
0 0.907715 0.860952 0.0361328 0.0533333 0.778809
0 0.885254 0.892381 0.0419922 0.0552381 0.840332
0 0.974121 0.1 0.0380859 0.047619 0.841309
0 0.910156 0.801905 0.0429688 0.0571429 0.86377
0 0.958008 0.210476 0.0371094 0.047619 0.864258
0 0.837402 0.112381 0.0400391 0.0838095 0.89209
0 0.842285 0.0371429 0.0380859 0.0742857 0.894531
0 0.898926 0.148571 0.0439453 0.0685714 0.895508
