0 0.574219 0.898095 0.0429688 0.0590476 0.289062
0 0.834473 0.0238095 0.0341797 0.047619 0.318604
0 0.112793 0.932381 0.0361328 0.0628571 0.519043
0 0.09375 0.0342857 0.0410156 0.0685714 0.571289
0 0.0209961 0.121905 0.0419922 0.0533333 0.63623
0 0.864258 0.826667 0.0410156 0.0533333 0.714844
0 0.861816 0.771429 0.0419922 0.0495238 0.729004
0 0.907715 0.860952 0.0341797 0.0533333 0.788086
0 0.885254 0.891429 0.0400391 0.0571429 0.84082
0 0.95459 0.0828571 0.0361328 0.0514286 0.858398
0 0.910156 0.801905 0.0410156 0.0571429 0.864746
0 0.945312 0.202857 0.0371094 0.047619 0.873047
0 0.887207 0.132381 0.0439453 0.0704762 0.908691
0 0.830078 0.0980952 0.0390625 0.0819048 0.90918
