0 0.574219 0.897143 0.0429688 0.0609524 0.293701
0 0.193359 0.0257143 0.0371094 0.0514286 0.343018
0 0.118652 0.0533333 0.0341797 0.0609524 0.388184
0 0.995117 0.127619 0.00976562 0.0457143 0.391357
0 0.991211 0.192381 0.0175781 0.0533333 0.546875
0 0.86084 0.771429 0.0400391 0.0495238 0.634766
0 0.867188 0.828571 0.0429688 0.0571429 0.695312
0 0.206543 0.780952 0.0380859 0.0533333 0.761719
0 0.906738 0.86 0.0361328 0.0552381 0.79541
0 0.910156 0.801905 0.0410156 0.0571429 0.843262
0 0.283203 0.815238 0.0351562 0.0419048 0.867188
0 0.886719 0.894286 0.0429688 0.0628571 0.870117
0 0.927246 0.072381 0.0439453 0.0647619 0.87793
0 0.850098 0.0704762 0.0341797 0.0685714 0.879395
0 0.930664 0.14381 0.0449219 0.0666667 0.899902
0 0.0966797 0.113333 0.0410156 0.0590476 0.905273
