0 0.574219 0.897143 0.0429688 0.0609524 0.29541
0 0.0610352 0.115238 0.0419922 0.0438095 0.35376
0 0.861816 0.771429 0.0419922 0.0495238 0.665039
0 0.867188 0.828571 0.0429688 0.0571429 0.702148
0 0.907715 0.860952 0.0341797 0.0533333 0.765625
0 0.146973 0.0809524 0.0439453 0.0742857 0.783691
0 0.287598 0.755238 0.0361328 0.04 0.833496
0 0.0668945 0.131429 0.0400391 0.0457143 0.838867
0 0.133301 0.032381 0.0419922 0.0647619 0.842285
0 0.911621 0.801905 0.0400391 0.0571429 0.856445
0 0.362305 0.808571 0.0371094 0.0361905 0.862793
0 0.890625 0.89619 0.0390625 0.0590476 0.864746
0 0.893066 0.0971429 0.0458984 0.08 0.881348
0 0.954102 0.0904762 0.0371094 0.0514286 0.88623
0 0.955078 0.159048 0.046875 0.0628571 0.889648
