0 0.0234375 0.148571 0.0410156 0.0380952 0.303711
0 0.119629 0.96381 0.0458984 0.072381 0.325684
0 0.0942383 0.134286 0.0556641 0.0780952 0.399658
0 0.57373 0.897143 0.0419922 0.0609524 0.535645
0 0.102051 0.0638095 0.0439453 0.0704762 0.61084
0 0.869629 0.828571 0.0419922 0.0609524 0.663086
0 0.861816 0.771429 0.0400391 0.0495238 0.708496
0 0.921387 0.873333 0.0341797 0.0552381 0.74707
0 0.901367 0.0266667 0.0371094 0.0533333 0.822754
0 0.371094 0.751429 0.0371094 0.0361905 0.830566
0 0.441895 0.807619 0.0361328 0.0380952 0.869141
0 0.859863 0.0390476 0.0419922 0.0780952 0.878418
0 0.908203 0.916191 0.0390625 0.0609524 0.879395
0 0.924805 0.812381 0.0410156 0.0590476 0.881836
0 0.911133 0.109524 0.046875 0.0780952 0.888184
0 0.977539 0.130476 0.0410156 0.0590476 0.894531
