0 0.0488281 0.120952 0.0488281 0.0514286 0.318848
0 0.574219 0.898095 0.0429688 0.0590476 0.489746
0 0.861816 0.771429 0.0419922 0.0495238 0.584473
0 0.151855 0.914286 0.0400391 0.0647619 0.666504
0 0.867188 0.829524 0.0429688 0.0552381 0.67334
0 0.0527344 0.139048 0.0488281 0.0533333 0.711914
0 0.123047 0.0428571 0.0449219 0.0780952 0.765625
0 0.909668 0.861905 0.0341797 0.0552381 0.788574
0 0.315918 0.750476 0.0361328 0.0380952 0.803711
0 0.131836 0.102857 0.0449219 0.072381 0.822754
0 0.914062 0.80381 0.0410156 0.0571429 0.825195
0 0.894531 0.9 0.0371094 0.0552381 0.842773
0 0.389648 0.808571 0.0351562 0.0361905 0.852539
0 0.935059 0.0695238 0.0380859 0.0552381 0.886719
0 0.938477 0.144762 0.0488281 0.0685714 0.89209
0 0.881348 0.0771429 0.0439453 0.0780952 0.924805
