0 0.130371 0.0428571 0.0322266 0.0590476 0.666504
0 0.861816 0.771429 0.0419922 0.0495238 0.758301
0 0.866211 0.829524 0.0410156 0.0552381 0.782227
0 0.180664 0.8 0.0371094 0.0533333 0.803711
0 0.906738 0.86 0.0361328 0.0552381 0.808594
0 0.254883 0.822857 0.0390625 0.0457143 0.859863
0 0.88623 0.893333 0.0419922 0.0647619 0.86377
0 0.106934 0.106667 0.0400391 0.0609524 0.875977
0 0.945801 0.159048 0.0439453 0.0628571 0.882812
0 0.86084 0.0942857 0.0361328 0.0666667 0.883789
0 0.910156 0.800952 0.0410156 0.0552381 0.887695
0 0.945801 0.0942857 0.0439453 0.0628571 0.90332
