0 0.178711 0.04 0.0371094 0.0685714 0.37915
0 0.86084 0.771429 0.0400391 0.0495238 0.647461
0 0.0869141 0.12 0.0410156 0.0533333 0.660156
0 0.866699 0.830476 0.0419922 0.0571429 0.771484
0 0.907715 0.860952 0.0361328 0.0533333 0.819336
0 0.98291 0.182857 0.0341797 0.0571429 0.839355
0 0.308594 0.814286 0.0390625 0.0361905 0.845703
0 0.98584 0.121905 0.0283203 0.0533333 0.851562
0 0.232422 0.769524 0.0351562 0.0457143 0.856934
0 0.910156 0.800952 0.0429688 0.0552381 0.865723
0 0.909668 0.047619 0.0439453 0.072381 0.875488
0 0.887695 0.893333 0.0410156 0.0571429 0.886719
0 0.840332 0.0438095 0.0341797 0.072381 0.899902
0 0.917969 0.128571 0.0429688 0.0704762 0.902832
