0 0.993652 0.105714 0.0126953 0.0361905 0.258057
0 0.509277 0.96381 0.0419922 0.072381 0.354736
0 0.29541 0.818095 0.0400391 0.04 0.456787
0 0.946777 0.970476 0.0400391 0.0590476 0.45874
0 0.0527344 0.0933333 0.0449219 0.0495238 0.575195
0 0.628418 0.879048 0.0419922 0.04 0.631348
0 0.886719 0.842857 0.0410156 0.0628571 0.632812
0 0.473145 0.75619 0.0380859 0.0380952 0.755859
0 0.972656 0.947619 0.0332031 0.0590476 0.760254
0 0.574219 0.897143 0.0429688 0.0571429 0.797363
0 0.209473 0.88381 0.0439453 0.0609524 0.86084
0 0.547363 0.801905 0.0361328 0.0342857 0.870117
0 0.867188 0.77619 0.0429688 0.0552381 0.882324
0 0.107422 0.88381 0.0390625 0.0647619 0.901367
0 0.867188 0.0371429 0.0429688 0.0742857 0.901367
0 0.917969 0.0628571 0.0410156 0.072381 0.906738
0 0.958496 0.854286 0.0400391 0.0704762 0.90918
