0 0.628418 0.879048 0.0419922 0.04 0.296387
0 0.0551758 0.0666667 0.0419922 0.0495238 0.395508
0 0.574219 0.89619 0.0429688 0.0590476 0.533203
0 0.270508 0.825714 0.0410156 0.04 0.761719
0 0.958496 0.924762 0.0322266 0.0590476 0.763184
0 0.520508 0.802857 0.0371094 0.0361905 0.780762
0 0.448242 0.754286 0.0371094 0.0342857 0.793457
0 0.863281 0.773333 0.0429688 0.0533333 0.831543
0 0.065918 0.0885714 0.0439453 0.0552381 0.835938
0 0.878906 0.840952 0.0429688 0.0590476 0.845703
0 0.186523 0.900952 0.0449219 0.0647619 0.847656
0 0.949219 0.840952 0.0429688 0.0666667 0.879395
0 0.947266 0.968571 0.0390625 0.0628571 0.879395
0 0.0898438 0.908571 0.0410156 0.072381 0.891113
0 0.931641 0.0819048 0.0390625 0.0647619 0.912598
0 0.876465 0.052381 0.0458984 0.0857143 0.914551
