0 0.245117 0.835238 0.0429688 0.047619 0.253662
0 0.421387 0.751429 0.0322266 0.032381 0.334229
0 0.0732422 0.930476 0.0390625 0.0666667 0.491699
0 0.874023 0.832381 0.0410156 0.0571429 0.601562
0 0.942871 0.904762 0.0341797 0.0609524 0.729004
0 0.574219 0.897143 0.0429688 0.0609524 0.734375
0 0.862793 0.772381 0.0419922 0.0514286 0.755371
0 0.162598 0.92 0.0419922 0.0647619 0.756836
0 0.494629 0.805714 0.0361328 0.0342857 0.844238
0 0.932617 0.949524 0.0390625 0.0666667 0.869141
0 0.94043 0.830476 0.0410156 0.0647619 0.90332
0 0.886719 0.0714286 0.0449219 0.0857143 0.916016
0 0.945312 0.0990476 0.0410156 0.0647619 0.916992
