0 0.0107422 0.131429 0.0214844 0.0304762 0.352051
0 0.870605 0.829524 0.0419922 0.0590476 0.62207
0 0.0146484 0.150476 0.0253906 0.0304762 0.666504
0 0.0527344 0.959048 0.046875 0.0780952 0.688965
0 0.850586 0.0285714 0.0390625 0.0571429 0.705078
0 0.86084 0.770476 0.0400391 0.0514286 0.721191
0 0.57373 0.897143 0.0439453 0.0609524 0.743164
0 0.931152 0.889524 0.0341797 0.0571429 0.757324
0 0.396484 0.751429 0.0351562 0.0361905 0.80127
0 0.220215 0.853333 0.0419922 0.0571429 0.826172
0 0.46875 0.806667 0.0351562 0.0361905 0.869141
0 0.919434 0.930476 0.0380859 0.0628571 0.881348
0 0.141113 0.940952 0.0439453 0.0685714 0.892578
0 0.960938 0.11619 0.0410156 0.0609524 0.894531
0 0.933594 0.821905 0.0410156 0.0590476 0.895996
0 0.897461 0.0904762 0.0449219 0.0819048 0.90625
