0 0.722656 0.794286 0.0371094 0.0457143 0.298828
0 0.628906 0.878095 0.0429688 0.0380952 0.356934
0 0.223145 0.820952 0.0380859 0.0457143 0.405518
0 0.865723 0.772381 0.0400391 0.047619 0.58252
0 0.0488281 0.955238 0.0585938 0.0895238 0.591797
0 0.785645 0.74381 0.0361328 0.0361905 0.678711
0 0.992188 0.149524 0.015625 0.047619 0.708496
0 0.57959 0.809524 0.0380859 0.0342857 0.75
0 0.530273 0.937143 0.0429688 0.0761905 0.813477
0 0.573242 0.897143 0.0429688 0.0609524 0.817871
0 0.141602 0.027619 0.0390625 0.0552381 0.820312
0 0.856445 0.842857 0.0371094 0.0514286 0.875
0 0.493652 0.820952 0.0400391 0.0419048 0.876953
0 0.155273 0.824762 0.0410156 0.0685714 0.880371
0 0.297363 0.833333 0.0439453 0.047619 0.890625
0 0.904785 0.0371429 0.0439453 0.0742857 0.890625
0 0.369141 0.750476 0.0371094 0.0342857 0.895508
0 0.129883 0.108571 0.0429688 0.072381 0.902832
