0 0.915527 0.811429 0.0380859 0.0571429 0.308838
0 0.740234 0.767619 0.0390625 0.0495238 0.357422
0 0.628906 0.878095 0.0429688 0.0380952 0.364258
0 0.0102539 0.140952 0.0205078 0.0609524 0.397461
0 0.0883789 0.0752381 0.0380859 0.0590476 0.468506
0 0.0395508 0.969524 0.0380859 0.0609524 0.483643
0 0.105957 0.875238 0.0361328 0.0628571 0.579102
0 0.637695 0.810476 0.0410156 0.0361905 0.627441
0 0.050293 0.141905 0.0478516 0.0514286 0.631348
0 0.816406 0.745714 0.0351562 0.0361905 0.692383
0 0.574219 0.89619 0.0429688 0.0590476 0.830566
0 0.558594 0.818095 0.0390625 0.04 0.849609
0 0.287598 0.811429 0.0400391 0.0419048 0.856934
0 0.964355 0.124762 0.0673828 0.0857143 0.85791
0 0.435547 0.748571 0.0371094 0.0342857 0.859375
0 0.530273 0.937143 0.0429688 0.0761905 0.872559
0 0.928223 0.910476 0.0380859 0.0609524 0.876465
0 0.178711 0.0438095 0.0351562 0.0647619 0.884766
0 0.0610352 0.167619 0.0439453 0.0571429 0.889648
0 0.374512 0.82 0.0439453 0.0438095 0.899414
0 0.223145 0.774286 0.0380859 0.0514286 0.908691
