0 0.123047 0.852381 0.0351562 0.0590476 0.268799
0 0.0644531 0.0838095 0.0449219 0.0609524 0.431885
0 0.628906 0.878095 0.0429688 0.0380952 0.432861
0 0.933594 0.826667 0.0390625 0.0609524 0.648926
0 0.752441 0.771429 0.0439453 0.0571429 0.688965
0 0.65625 0.808571 0.0390625 0.0361905 0.724609
0 0.947754 0.108571 0.0673828 0.0914286 0.77832
0 0.824219 0.746667 0.0371094 0.0419048 0.814941
0 0.0478516 0.954286 0.0585938 0.0914286 0.830078
0 0.309082 0.808571 0.0419922 0.04 0.830078
0 0.574219 0.897143 0.0429688 0.0609524 0.834473
0 0.0371094 0.177143 0.0410156 0.0495238 0.85498
0 0.248047 0.762857 0.0390625 0.047619 0.86084
0 0.578613 0.81619 0.0400391 0.04 0.862793
0 0.949219 0.940952 0.0371094 0.0609524 0.865723
0 0.399414 0.819048 0.0429688 0.0419048 0.876953
0 0.530273 0.937143 0.0429688 0.0761905 0.879395
0 0.456055 0.748571 0.0371094 0.0342857 0.888672
0 0.160645 0.0704762 0.0361328 0.0609524 0.901855
