0 0.0361328 0.110476 0.0410156 0.0533333 0.293945
0 0.0727539 0.924762 0.0361328 0.0628571 0.320557
0 0.600586 0.810476 0.0390625 0.0361905 0.532715
0 0.244629 0.813333 0.0380859 0.0419048 0.581543
0 0.706543 0.76 0.0517578 0.0571429 0.588379
0 0.79541 0.742857 0.0361328 0.0380952 0.67334
0 0.321289 0.826667 0.046875 0.0457143 0.697754
0 0.124023 0.0409524 0.0390625 0.0704762 0.707031
0 0.98291 0.144762 0.0341797 0.0685714 0.756348
0 0.881348 0.784762 0.0361328 0.0495238 0.789062
0 0.529785 0.937143 0.0439453 0.0761905 0.797363
0 0.574219 0.897143 0.0429688 0.0609524 0.819824
0 0.514648 0.82 0.0410156 0.04 0.825684
0 0.881348 0.86381 0.0380859 0.0552381 0.855469
0 0.176758 0.806667 0.0390625 0.0628571 0.872559
0 0.391602 0.750476 0.0371094 0.0342857 0.880859
0 0.108398 0.131429 0.0449219 0.0685714 0.896484
