0 0.0380859 0.952381 0.0351562 0.0685714 0.285645
0 0.154785 0.0266667 0.0361328 0.0533333 0.348389
0 0.991211 0.145714 0.0175781 0.0590476 0.369385
0 0.818848 0.750476 0.0380859 0.0380952 0.408936
0 0.768555 0.742857 0.0371094 0.0380952 0.605469
0 0.529297 0.937143 0.0429688 0.0761905 0.730469
0 0.124512 0.90381 0.0380859 0.0628571 0.735352
0 0.0546875 0.965714 0.0371094 0.0685714 0.738281
0 0.57373 0.897143 0.0419922 0.0609524 0.777832
0 0.728516 0.80381 0.0371094 0.0457143 0.816895
0 0.468262 0.808571 0.0400391 0.0361905 0.834961
0 0.250977 0.765714 0.0410156 0.0457143 0.840332
0 0.962891 0.944762 0.0390625 0.0685714 0.844238
0 0.376953 0.831429 0.0410156 0.04 0.862793
0 0.186523 0.880952 0.046875 0.0666667 0.887207
0 0.949219 0.851429 0.0429688 0.072381 0.899902
