0 0.426758 0.780952 0.0371094 0.0304762 0.268555
0 0.11084 0.0380952 0.0380859 0.0685714 0.282471
0 0.123535 0.0609524 0.0380859 0.0647619 0.478271
0 0.832031 0.757143 0.0351562 0.04 0.544434
0 0.516113 0.810476 0.0380859 0.0361905 0.748535
0 0.772461 0.744762 0.0351562 0.0342857 0.786621
0 0.57373 0.898095 0.0419922 0.0590476 0.821777
0 0.530273 0.937143 0.0429688 0.0761905 0.82959
0 0.976562 0.895238 0.0429688 0.0761905 0.839355
0 0.778809 0.811429 0.0380859 0.0457143 0.839355
0 0.957031 0.104762 0.0449219 0.0647619 0.84082
0 0.227539 0.858095 0.0449219 0.0552381 0.882812
0 0.29834 0.754286 0.0380859 0.0380952 0.884277
0 0.424316 0.827619 0.0400391 0.04 0.885742
0 0.0932617 0.904762 0.0380859 0.072381 0.887695
0 0.185547 0.0333333 0.0410156 0.0666667 0.896973
