0 0.132812 0.0504762 0.0371094 0.0742857 0.302002
0 0.677734 0.875238 0.0410156 0.0361905 0.36499
0 0.078125 0.914286 0.03125 0.0571429 0.405273
0 0.688477 0.81619 0.0410156 0.04 0.489746
0 0.961914 0.114286 0.0449219 0.0609524 0.517578
0 0.144531 0.0685714 0.0429688 0.0838095 0.538086
0 0.0722656 0.0609524 0.0390625 0.0571429 0.61084
0 0.751953 0.811429 0.0390625 0.0457143 0.703613
0 0.574219 0.89619 0.0429688 0.0590476 0.748535
1 0.245605 0.860952 0.108398 0.106667 0.749023
0 0.243652 0.766667 0.0361328 0.0438095 0.763184
0 0.150391 0.818095 0.0390625 0.0666667 0.773926
0 0.837891 0.801905 0.0546875 0.0685714 0.788574
0 0.0258789 0.152381 0.0341797 0.0342857 0.804199
0 0.88916 0.786667 0.0380859 0.0571429 0.806152
0 0.0849609 0.0828571 0.0429688 0.0590476 0.831543
0 0.529785 0.93619 0.0439453 0.0742857 0.840332
0 0.445312 0.806667 0.0410156 0.04 0.845215
0 0.574219 0.745714 0.0371094 0.0361905 0.861328
0 0.538574 0.814286 0.0439453 0.04 0.871094
0 0.40625 0.749524 0.0351562 0.0361905 0.888184
