0 0.180176 0.800952 0.0361328 0.0552381 0.713379
1 0.202637 0.881905 0.102539 0.121905 0.723145
0 0.471191 0.813333 0.0419922 0.0419048 0.815918
0 0.57373 0.898095 0.0419922 0.0590476 0.82373
0 0.637695 0.815238 0.0410156 0.0380952 0.839355
0 0.530273 0.937143 0.0429688 0.0761905 0.844238
0 0.097168 0.128571 0.0361328 0.0514286 0.858887
0 0.378906 0.807619 0.0390625 0.0380952 0.86377
0 0.516602 0.748571 0.0371094 0.0342857 0.868164
0 0.0996094 0.878095 0.0371094 0.0685714 0.882812
0 0.327148 0.750476 0.0351562 0.0342857 0.887695
0 0.134277 0.0352381 0.0439453 0.0704762 0.891113
0 0.905273 0.0542857 0.0625 0.108571 0.898926
