0 0.761719 0.807619 0.0507812 0.0533333 0.336182
1 0.260254 0.860952 0.102539 0.0990476 0.439453
0 0.856934 0.819048 0.0380859 0.0533333 0.493896
0 0.0922852 0.892381 0.0322266 0.0590476 0.54248
0 0.00976562 0.151429 0.0195312 0.04 0.631348
0 0.0678711 0.0942857 0.0419922 0.0552381 0.705078
0 0.948242 0.0990476 0.0449219 0.0685714 0.757324
0 0.266602 0.76 0.0351562 0.0380952 0.788086
0 0.978027 0.191429 0.0439453 0.0552381 0.792969
0 0.57373 0.898095 0.0419922 0.0590476 0.793457
0 0.529785 0.937143 0.0439453 0.0761905 0.822754
0 0.169922 0.801905 0.0390625 0.0609524 0.82373
0 0.905273 0.80381 0.0390625 0.0647619 0.838379
0 0.560059 0.815238 0.0419922 0.0380952 0.844238
0 0.128418 0.0885714 0.0458984 0.0742857 0.849609
0 0.594727 0.745714 0.0371094 0.0361905 0.855957
0 0.466797 0.807619 0.0390625 0.0380952 0.871094
0 0.432617 0.750476 0.0351562 0.0342857 0.884277
