0 0.108887 0.0885714 0.0361328 0.0514286 0.307129
0 0.677246 0.875238 0.0419922 0.0361905 0.354248
0 0.0224609 0.109524 0.0371094 0.04 0.443359
0 0.148438 0.0247619 0.0429688 0.0495238 0.473877
1 0.188477 0.891429 0.105469 0.137143 0.608398
0 0.691406 0.809524 0.0390625 0.0419048 0.631348
0 0.784668 0.782857 0.0380859 0.0495238 0.713379
0 0.159668 0.820952 0.0380859 0.0647619 0.77002
0 0.354004 0.804762 0.0419922 0.04 0.80127
0 0.57373 0.898095 0.0419922 0.0590476 0.831055
0 0.0844727 0.902857 0.0380859 0.072381 0.847656
0 0.618164 0.815238 0.0410156 0.0380952 0.852539
0 0.448242 0.815238 0.0429688 0.0419048 0.854492
0 0.530273 0.937143 0.0429688 0.0761905 0.865723
0 0.300293 0.753333 0.0361328 0.0361905 0.869629
0 0.496582 0.748571 0.0380859 0.0342857 0.871582
0 0.119629 0.112381 0.0361328 0.0533333 0.891602
0 0.918457 0.0742857 0.0654297 0.106667 0.902344
