0 0.830566 0.747619 0.0361328 0.04 0.357422
0 0.0439453 0.1 0.0351562 0.04 0.412842
0 0.67334 0.809524 0.0400391 0.0380952 0.718262
0 0.0175781 0.187619 0.0351562 0.0552381 0.726074
0 0.423828 0.817143 0.0429688 0.0419048 0.774414
0 0.0698242 0.926667 0.0380859 0.0742857 0.821777
0 0.599121 0.815238 0.0419922 0.0380952 0.84375
0 0.57373 0.898095 0.0419922 0.0590476 0.846191
0 0.14209 0.833333 0.0341797 0.0590476 0.855957
0 0.970215 0.969524 0.0361328 0.0609524 0.86084
0 0.477051 0.748571 0.0361328 0.0342857 0.868164
0 0.273926 0.75619 0.0380859 0.0419048 0.870605
0 0.529785 0.937143 0.0439453 0.0761905 0.87207
0 0.141113 0.0942857 0.0361328 0.0590476 0.888672
0 0.933594 0.092381 0.0664062 0.100952 0.909668
