0 0.976074 0.125714 0.0439453 0.0571429 0.346191
0 0.0644531 0.937143 0.0332031 0.0609524 0.373535
0 0.677246 0.875238 0.0419922 0.04 0.416504
0 0.0932617 0.0419048 0.0380859 0.0609524 0.431396
0 0.223145 0.77619 0.0341797 0.047619 0.544434
0 0.424316 0.805714 0.0380859 0.0380952 0.560059
1 0.230957 0.868571 0.106445 0.114286 0.663574
0 0.0473633 0.144762 0.0380859 0.0380952 0.672363
0 0.831055 0.796191 0.0371094 0.0533333 0.740234
0 0.875 0.773333 0.0390625 0.0571429 0.744141
0 0.57373 0.898095 0.0419922 0.0590476 0.758301
0 0.161133 0.0390476 0.0429688 0.0780952 0.777832
0 0.103516 0.0666667 0.0429688 0.0685714 0.8125
0 0.674316 0.81619 0.0400391 0.04 0.821777
0 0.736816 0.810476 0.0400391 0.0438095 0.825195
0 0.530273 0.937143 0.0429688 0.0761905 0.839355
0 0.51709 0.815238 0.0419922 0.0380952 0.840332
0 0.555664 0.747619 0.0371094 0.0361905 0.879883
0 0.132812 0.835238 0.0390625 0.0666667 0.898438
0 0.380859 0.749524 0.0351562 0.0361905 0.902832
