0 0.0805664 0.10381 0.0400391 0.0552381 0.464355
0 0.980469 0.0847619 0.0390625 0.0590476 0.520508
0 0.122559 0.955238 0.0693359 0.0895238 0.61084
0 0.981934 0.150476 0.0361328 0.0419048 0.659668
0 0.941406 0.851429 0.0371094 0.0685714 0.739746
0 0.0908203 0.12381 0.0449219 0.0609524 0.742676
0 0.601074 0.817143 0.0439453 0.0419048 0.743652
0 0.92627 0.072381 0.0439453 0.0761905 0.772461
0 0.0478516 0.955238 0.0585938 0.0895238 0.788086
0 0.311523 0.753333 0.0351562 0.0361905 0.80127
0 0.788086 0.810476 0.0527344 0.0552381 0.810547
0 0.508789 0.805714 0.0410156 0.0380952 0.826172
0 0.57373 0.89619 0.0419922 0.0590476 0.82666
0 0.529785 0.93619 0.0439453 0.0742857 0.829102
0 0.0268555 0.111429 0.0419922 0.0438095 0.844727
0 0.637207 0.744762 0.0380859 0.0380952 0.848633
0 0.91748 0.138095 0.0439453 0.0666667 0.854492
0 0.482422 0.751429 0.0351562 0.0361905 0.88623
0 0.210938 0.775238 0.0390625 0.0533333 0.900391
