0 0.490234 0.972381 0.0234375 0.047619 0.26416
0 0.100586 0.975238 0.0410156 0.0495238 0.348389
0 0.0473633 0.958095 0.0556641 0.0838095 0.43335
0 0.719238 0.797143 0.0380859 0.0438095 0.526855
0 0.530273 0.938095 0.0429688 0.0742857 0.680176
0 0.574219 0.898095 0.0429688 0.0590476 0.686035
0 0.5625 0.748571 0.0351562 0.0342857 0.838867
0 0.907715 0.93619 0.0419922 0.0742857 0.839355
1 0.509766 0.838095 0.107422 0.0647619 0.84082
0 0.362305 0.75619 0.0332031 0.0380952 0.860352
0 0.0366211 0.189524 0.0419922 0.0514286 0.867188
0 0.738281 0.746667 0.0351562 0.0380952 0.870605
0 0.26123 0.757143 0.0400391 0.0438095 0.870605
0 0.15332 0.0885714 0.0507812 0.0857143 0.873535
0 0.0898438 0.104762 0.0449219 0.0647619 0.877441
0 0.946777 0.931429 0.0439453 0.0685714 0.881348
0 0.45166 0.751429 0.0361328 0.0361905 0.881836
0 0.865234 0.779048 0.0390625 0.0457143 0.885742
0 0.135742 0.832381 0.0449219 0.072381 0.886719
0 0.240723 0.812381 0.0419922 0.0514286 0.914062
