0 0.850586 0.0257143 0.0390625 0.0514286 0.351807
0 0.727051 0.889524 0.0400391 0.0419048 0.380615
0 0.190918 0.0361905 0.0498047 0.072381 0.587891
1 0.44873 0.840952 0.106445 0.0628571 0.767578
0 0.849121 0.871429 0.0439453 0.0590476 0.776855
0 0.753906 0.830476 0.0429688 0.0495238 0.790039
0 0.529785 0.937143 0.0439453 0.0761905 0.814941
0 0.297363 0.758095 0.0322266 0.0380952 0.82373
0 0.492188 0.745714 0.0351562 0.032381 0.825195
0 0.664062 0.800952 0.0410156 0.0438095 0.831543
0 0.57373 0.898095 0.0419922 0.0590476 0.837891
0 0.16748 0.855238 0.0419922 0.0685714 0.850586
0 0.802246 0.754286 0.0380859 0.0380952 0.859863
0 0.905273 0.878095 0.0371094 0.0571429 0.86377
0 0.669434 0.745714 0.0361328 0.0361905 0.867188
0 0.385254 0.751429 0.0361328 0.0361905 0.877441
0 0.125488 0.067619 0.0439453 0.0742857 0.884277
0 0.0830078 0.166667 0.0429688 0.0590476 0.89502
0 0.197266 0.787619 0.0410156 0.0590476 0.900391
0 0.0854492 0.899048 0.0439453 0.0761905 0.916992
