0 0.0556641 0.181905 0.0507812 0.0628571 0.355469
0 0.677246 0.874286 0.0419922 0.0380952 0.365234
0 0.530273 0.937143 0.0429688 0.0761905 0.693848
0 0.69873 0.797143 0.0419922 0.0438095 0.730469
0 0.101074 0.0961905 0.0458984 0.0704762 0.74707
0 0.84375 0.768571 0.0371094 0.0438095 0.755859
0 0.539551 0.748571 0.0341797 0.0342857 0.775391
0 0.165039 0.0695238 0.0488281 0.0895238 0.784668
0 0.118652 0.853333 0.0419922 0.0761905 0.803711
0 0.57373 0.898095 0.0419922 0.0590476 0.814453
1 0.490234 0.838095 0.107422 0.0647619 0.829102
0 0.793457 0.841905 0.0439453 0.0533333 0.833984
0 0.340332 0.757143 0.0322266 0.04 0.851074
0 0.888184 0.909524 0.0419922 0.0666667 0.861816
0 0.215332 0.822857 0.0419922 0.0571429 0.871094
0 0.715332 0.744762 0.0361328 0.0380952 0.872559
0 0.933105 0.910476 0.0419922 0.0685714 0.874512
0 0.239258 0.766667 0.0410156 0.0514286 0.880859
0 0.429688 0.752381 0.0351562 0.0342857 0.881836
