0 0.163086 0.027619 0.0449219 0.0552381 0.295654
0 0.627441 0.878095 0.0439453 0.0380952 0.350098
0 0.677246 0.87619 0.0400391 0.0380952 0.52832
1 0.385254 0.84381 0.104492 0.0571429 0.682617
0 0.863281 0.84 0.0390625 0.0495238 0.708496
0 0.606445 0.8 0.0390625 0.0380952 0.781738
0 0.973633 0.967619 0.0371094 0.0647619 0.783691
0 0.796387 0.834286 0.0458984 0.0533333 0.808594
0 0.422363 0.746667 0.0341797 0.0304762 0.816406
0 0.697266 0.822857 0.0429688 0.0457143 0.82373
0 0.230469 0.775238 0.03125 0.0419048 0.826172
0 0.57373 0.898095 0.0419922 0.0590476 0.835449
0 0.129395 0.126667 0.0419922 0.0704762 0.866699
0 0.898438 0.0885714 0.0390625 0.0628571 0.871094
0 0.741699 0.747619 0.0380859 0.04 0.876465
0 0.529785 0.937143 0.0439453 0.072381 0.877441
0 0.599121 0.748571 0.0361328 0.0342857 0.881348
0 0.320801 0.750476 0.0361328 0.0380952 0.883301
0 0.13916 0.839048 0.0419922 0.0628571 0.889648
0 0.101074 0.934286 0.0419922 0.0742857 0.898438
