0 0.850098 0.824762 0.0458984 0.0571429 0.282715
0 0.154297 0.920952 0.0371094 0.0590476 0.297119
0 0.678223 0.875238 0.0400391 0.0361905 0.380371
1 0.620605 0.838095 0.104492 0.0647619 0.42041
0 0.535156 0.872381 0.0351562 0.0571429 0.484375
0 0.078125 0.109524 0.0390625 0.0590476 0.692383
0 0.505371 0.754286 0.0302734 0.0342857 0.739746
0 0.57373 0.897143 0.0419922 0.0609524 0.775879
0 0.731934 0.749524 0.0322266 0.04 0.785156
0 0.0605469 0.174286 0.0507812 0.0628571 0.786133
0 0.530273 0.937143 0.0429688 0.0761905 0.838379
0 0.604492 0.747619 0.0371094 0.0361905 0.856934
0 0.151855 0.0352381 0.0458984 0.0704762 0.858887
0 0.415039 0.748571 0.0371094 0.0342857 0.862793
0 0.275391 0.746667 0.0410156 0.0457143 0.862793
0 0.436035 0.806667 0.0400391 0.04 0.896484
0 0.900391 0.806667 0.0390625 0.0590476 0.912598
