0 0.95459 0.944762 0.0244141 0.0495238 0.252197
1 0.941406 0.0638095 0.117188 0.127619 0.268066
0 0.0864258 0.16 0.0517578 0.0685714 0.312988
0 0.125977 0.901905 0.0332031 0.0590476 0.395752
0 0.894531 0.842857 0.0332031 0.0552381 0.416504
0 0.629395 0.879048 0.0419922 0.04 0.458252
0 0.677734 0.874286 0.0410156 0.0380952 0.645996
0 0.233398 0.757143 0.0429688 0.0552381 0.752441
0 0.518555 0.898095 0.0371094 0.0742857 0.763184
0 0.574219 0.897143 0.0429688 0.0571429 0.774414
0 0.682129 0.746667 0.0341797 0.0380952 0.789062
0 0.136719 0.938095 0.0390625 0.0628571 0.797852
0 0.812988 0.806667 0.0419922 0.0514286 0.799316
1 0.59375 0.837143 0.109375 0.0628571 0.82373
0 0.37207 0.749524 0.0390625 0.0361905 0.854492
0 0.90625 0.929524 0.0449219 0.072381 0.85791
0 0.463379 0.754286 0.0322266 0.0380952 0.859375
0 0.530762 0.937143 0.0419922 0.072381 0.87207
0 0.559082 0.749524 0.0361328 0.0361905 0.873047
0 0.853027 0.774286 0.0380859 0.0514286 0.888672
0 0.383301 0.806667 0.0400391 0.04 0.904785
0 0.981445 0.89619 0.0371094 0.0666667 0.905273
