0 0.678223 0.875238 0.0400391 0.0361905 0.27832
1 0.653809 0.844762 0.108398 0.0742857 0.337891
0 0.0546875 0.12381 0.046875 0.0495238 0.341309
0 0.0454102 0.18381 0.0634766 0.0666667 0.467529
0 0.0986328 0.886667 0.0332031 0.0628571 0.503418
0 0.628906 0.878095 0.0429688 0.0380952 0.521484
0 0.0424805 0.0990476 0.0361328 0.0419048 0.532715
0 0.77002 0.750476 0.0498047 0.0533333 0.540527
0 0.17334 0.90381 0.0361328 0.0552381 0.675781
1 0.270996 0.864762 0.110352 0.0914286 0.819336
0 0.549805 0.749524 0.03125 0.0361905 0.826172
0 0.574219 0.897143 0.0429688 0.0609524 0.850586
0 0.552734 0.859048 0.0371094 0.0571429 0.855469
0 0.887207 0.848571 0.0419922 0.0628571 0.85791
0 0.650391 0.748571 0.0351562 0.0380952 0.867188
0 0.45752 0.747619 0.0380859 0.0361905 0.868652
0 0.319336 0.745714 0.0410156 0.04 0.871094
0 0.530273 0.937143 0.0429688 0.0761905 0.890625
0 0.130371 0.0580952 0.0458984 0.0819048 0.89502
0 0.48584 0.804762 0.0400391 0.04 0.89502
0 0.943359 0.853333 0.0390625 0.0647619 0.899414
