0 0.0756836 0.971429 0.0361328 0.0571429 0.371826
0 0.0537109 0.0980952 0.0527344 0.0552381 0.528809
0 0.853516 0.87619 0.046875 0.0609524 0.606934
0 0.975098 0.965714 0.0478516 0.0685714 0.634766
0 0.498535 0.942857 0.0341797 0.072381 0.669922
0 0.574219 0.897143 0.0429688 0.0571429 0.742188
0 0.17334 0.796191 0.0439453 0.0685714 0.748535
0 0.142578 0.0419048 0.0410156 0.0761905 0.75293
0 0.530762 0.938095 0.0419922 0.0742857 0.77002
0 0.755371 0.796191 0.0400391 0.0419048 0.774414
0 0.609375 0.747619 0.0351562 0.0361905 0.779297
0 0.117676 0.960952 0.0361328 0.0628571 0.790039
0 0.0649414 0.120952 0.0458984 0.0552381 0.811035
1 0.544922 0.837143 0.105469 0.0590476 0.813477
0 0.402832 0.755238 0.0322266 0.0361905 0.816895
1 0.210449 0.892381 0.112305 0.12 0.822266
0 0.307129 0.751429 0.0380859 0.0361905 0.876953
0 0.493652 0.750476 0.0361328 0.0380952 0.884766
0 0.782715 0.750476 0.0361328 0.0380952 0.890137
0 0.296387 0.802857 0.0400391 0.04 0.896973
0 0.907715 0.809524 0.0400391 0.0609524 0.898438
0 0.126953 0.120952 0.0527344 0.0819048 0.901367
