0 0.983398 0.911429 0.0332031 0.0666667 0.358887
0 0.0688477 0.0942857 0.0458984 0.0552381 0.435547
0 0.109863 0.968571 0.0380859 0.0628571 0.460693
0 0.585938 0.748571 0.0351562 0.0342857 0.546387
0 0.833008 0.86 0.046875 0.0628571 0.590332
0 0.530273 0.937143 0.0429688 0.0761905 0.634766
0 0.493164 0.964762 0.0273438 0.0704762 0.678711
0 0.574219 0.898095 0.0410156 0.0590476 0.70166
0 0.0771484 0.112381 0.046875 0.0609524 0.791992
0 0.154297 0.032381 0.0410156 0.0647619 0.79248
1 0.527344 0.835238 0.107422 0.0628571 0.801758
0 0.737305 0.798095 0.0390625 0.0419048 0.801758
0 0.0229492 0.195238 0.0419922 0.0514286 0.812988
1 0.203613 0.898095 0.110352 0.12381 0.850098
0 0.383301 0.75619 0.0322266 0.0380952 0.853516
0 0.154297 0.813333 0.0449219 0.072381 0.861816
0 0.962402 0.951429 0.0419922 0.0704762 0.864746
0 0.760742 0.746667 0.0351562 0.0380952 0.868652
0 0.472656 0.751429 0.0371094 0.0361905 0.870605
0 0.885254 0.791429 0.0419922 0.0552381 0.871582
0 0.26709 0.805714 0.0400391 0.0419048 0.874512
0 0.284668 0.752381 0.0400391 0.0419048 0.893066
0 0.140137 0.105714 0.0517578 0.0857143 0.900879
