0 0.677734 0.875238 0.0410156 0.0361905 0.30542
1 0.305664 0.860952 0.109375 0.0761905 0.409668
0 0.62207 0.745714 0.03125 0.032381 0.482178
0 0.62793 0.878095 0.0449219 0.0380952 0.580566
0 0.0966797 0.0990476 0.046875 0.072381 0.604004
0 0.992676 0.944762 0.0146484 0.0685714 0.701172
0 0.139648 0.89619 0.0371094 0.0590476 0.827148
0 0.841309 0.78 0.0400391 0.0552381 0.833496
0 0.581543 0.841905 0.0361328 0.0457143 0.847168
0 0.150391 0.824762 0.0351562 0.0647619 0.849609
0 0.387207 0.746667 0.0400391 0.0380952 0.864746
0 0.57373 0.89619 0.0439453 0.0590476 0.866699
0 0.942871 0.913333 0.0380859 0.0666667 0.868164
0 0.520508 0.745714 0.0371094 0.032381 0.873047
0 0.207031 0.882857 0.0351562 0.047619 0.874512
0 0.720215 0.748571 0.0361328 0.0380952 0.885742
0 0.54541 0.800952 0.0400391 0.04 0.89209
0 0.529785 0.937143 0.0439453 0.0761905 0.896973
