0 0.0263672 0.137143 0.0390625 0.0457143 0.382812
1 0.29248 0.861905 0.106445 0.0857143 0.49585
0 0.628906 0.878095 0.0429688 0.0380952 0.581055
0 0.108398 0.0866667 0.0449219 0.0742857 0.612793
0 0.0234375 0.191429 0.046875 0.0552381 0.633301
0 0.597656 0.746667 0.03125 0.0342857 0.707031
0 0.820312 0.765714 0.0371094 0.0533333 0.758789
0 0.121094 0.920952 0.0332031 0.0590476 0.803711
0 0.924316 0.887619 0.0419922 0.0685714 0.843262
0 0.498047 0.745714 0.0390625 0.032381 0.845215
0 0.696777 0.748571 0.0361328 0.0380952 0.854492
0 0.196289 0.891429 0.0371094 0.0571429 0.855469
0 0.364746 0.746667 0.0400391 0.0380952 0.855469
0 0.571777 0.845714 0.0361328 0.0457143 0.859863
0 0.132324 0.84 0.0341797 0.0571429 0.876953
0 0.57373 0.897143 0.0439453 0.0571429 0.880371
0 0.529297 0.801905 0.0390625 0.0380952 0.881348
0 0.98291 0.913333 0.0341797 0.0704762 0.895996
0 0.530273 0.937143 0.0429688 0.0761905 0.895996
