0 0.358398 0.760952 0.0273438 0.032381 0.259521
0 0.0532227 0.0971429 0.0517578 0.0609524 0.274902
0 0.109375 0.0409524 0.0507812 0.0819048 0.278076
0 0.692383 0.744762 0.03125 0.0380952 0.303711
0 0.0463867 0.0771429 0.0517578 0.0514286 0.509277
0 0.200684 0.841905 0.0361328 0.0533333 0.524902
0 0.296875 0.8 0.0332031 0.0380952 0.533691
0 0.677246 0.874286 0.0419922 0.0380952 0.650879
1 0.349609 0.852381 0.105469 0.0666667 0.768555
0 0.614746 0.837143 0.0361328 0.0361905 0.786621
0 0.628906 0.88 0.0429688 0.0380952 0.79541
0 0.244629 0.866667 0.0341797 0.0457143 0.80127
0 0.209473 0.777143 0.0341797 0.0457143 0.819824
0 0.0644531 0.122857 0.046875 0.0628571 0.826172
0 0.10498 0.881905 0.0439453 0.0761905 0.851562
0 0.900391 0.827619 0.0390625 0.0590476 0.856445
0 0.574219 0.898095 0.0429688 0.0590476 0.859375
0 0.787109 0.754286 0.0351562 0.0380952 0.878418
0 0.584961 0.742857 0.0390625 0.0342857 0.880859
0 0.455078 0.745714 0.0390625 0.04 0.881836
0 0.529785 0.937143 0.0439453 0.0761905 0.892578
0 0.583496 0.799048 0.0400391 0.04 0.903809
