0 0.25293 0.757143 0.0351562 0.04 0.3396
0 0.677734 0.87619 0.0410156 0.0380952 0.45166
0 0.243164 0.821905 0.0351562 0.04 0.488037
0 0.638184 0.837143 0.0341797 0.0361905 0.640137
0 0.09375 0.960952 0.0449219 0.0780952 0.748535
0 0.739746 0.74381 0.0322266 0.04 0.795898
1 0.377441 0.851429 0.108398 0.0647619 0.812012
0 0.574219 0.898095 0.0429688 0.0590476 0.823242
0 0.933594 0.864762 0.0429688 0.0685714 0.831055
0 0.270996 0.86381 0.0341797 0.0361905 0.84668
0 0.498047 0.742857 0.0410156 0.0380952 0.85498
0 0.0439453 0.132381 0.0449219 0.0590476 0.869629
0 0.530273 0.937143 0.0429688 0.0761905 0.872559
0 0.831055 0.767619 0.0371094 0.0457143 0.874023
0 0.60791 0.795238 0.0400391 0.04 0.880371
0 0.631836 0.74381 0.0390625 0.04 0.880859
