1 0.362793 0.851429 0.106445 0.0647619 0.631348
0 0.628418 0.88 0.0419922 0.0380952 0.672852
0 0.220703 0.830476 0.0332031 0.0457143 0.680176
0 0.625977 0.837143 0.0351562 0.0361905 0.69873
0 0.71582 0.74381 0.03125 0.04 0.705078
0 0.0532227 0.128571 0.0478516 0.0590476 0.739746
0 0.677246 0.874286 0.0419922 0.0380952 0.755859
0 0.230957 0.769524 0.0341797 0.0457143 0.76709
0 0.476562 0.744762 0.0410156 0.0419048 0.783203
0 0.257324 0.864762 0.0341797 0.0380952 0.786133
0 0.126465 0.854286 0.0439453 0.0780952 0.82373
0 0.574219 0.898095 0.0429688 0.0590476 0.851074
0 0.917969 0.845714 0.0371094 0.0609524 0.871582
0 0.60791 0.74381 0.0380859 0.0361905 0.880859
0 0.529785 0.93619 0.0439453 0.0742857 0.891113
0 0.808105 0.759048 0.0380859 0.0438095 0.898438
0 0.595215 0.797143 0.0400391 0.04 0.901855
