0 0.447266 0.754286 0.0273438 0.0304762 0.343018
1 0.766602 0.844762 0.111328 0.0895238 0.454834
0 0.677734 0.87619 0.0410156 0.0380952 0.63916
0 0.661621 0.83619 0.0361328 0.0380952 0.682129
0 0.786621 0.749524 0.0322266 0.04 0.684082
0 0.116699 0.867619 0.0380859 0.0590476 0.69043
0 0.972168 0.916191 0.0361328 0.072381 0.733398
0 0.354004 0.797143 0.0361328 0.0361905 0.783691
0 0.637207 0.792381 0.0400391 0.0380952 0.800781
0 0.538574 0.74381 0.0400391 0.04 0.821777
0 0.28125 0.813333 0.0351562 0.0342857 0.836426
0 0.57373 0.898095 0.0419922 0.0590476 0.840332
1 0.409668 0.846667 0.106445 0.0628571 0.841309
0 0.681641 0.741905 0.0390625 0.04 0.852051
0 0.298828 0.864762 0.0332031 0.0342857 0.857422
0 0.196777 0.799048 0.0439453 0.0590476 0.858398
0 0.0239258 0.141905 0.0458984 0.0552381 0.858398
0 0.297363 0.750476 0.0341797 0.0380952 0.869141
0 0.530273 0.937143 0.0429688 0.0761905 0.875488
0 0.148438 0.0314286 0.0410156 0.0628571 0.876953
0 0.874023 0.793333 0.0390625 0.0552381 0.884277
0 0.124023 0.916191 0.046875 0.0761905 0.88916
