0 0.125977 0.0333333 0.046875 0.0666667 0.482178
0 0.668945 0.744762 0.03125 0.0380952 0.532715
0 0.629395 0.878095 0.0419922 0.0380952 0.590332
0 0.977051 0.96381 0.0419922 0.072381 0.631348
0 0.177246 0.855238 0.0361328 0.0571429 0.648926
0 0.188477 0.788571 0.0351562 0.0533333 0.714844
0 0.574219 0.897143 0.0429688 0.0571429 0.743652
0 0.0854492 0.910476 0.0439453 0.0761905 0.753906
0 0.074707 0.115238 0.0458984 0.0628571 0.77832
0 0.433594 0.745714 0.0390625 0.0361905 0.800781
1 0.333008 0.852381 0.107422 0.0704762 0.81543
0 0.231934 0.872381 0.0361328 0.0457143 0.818359
0 0.880371 0.808571 0.0400391 0.0590476 0.820312
0 0.60498 0.837143 0.0361328 0.0361905 0.855957
0 0.530762 0.937143 0.0439453 0.0761905 0.872559
0 0.562988 0.744762 0.0380859 0.0342857 0.875977
0 0.764648 0.750476 0.0371094 0.0380952 0.888184
0 0.572266 0.799048 0.0390625 0.04 0.896484
