0 0.720215 0.835238 0.0341797 0.0361905 0.476318
0 0.529785 0.937143 0.0439453 0.0761905 0.582031
0 0.230469 0.780952 0.0351562 0.0419048 0.603516
0 0.427246 0.793333 0.0322266 0.032381 0.648926
0 0.894043 0.804762 0.0341797 0.0552381 0.663086
0 0.630859 0.744762 0.0410156 0.0419048 0.666504
0 0.574219 0.897143 0.0429688 0.0609524 0.694824
1 0.489746 0.842857 0.108398 0.0628571 0.77002
0 0.408691 0.744762 0.0322266 0.0304762 0.797852
0 0.361816 0.810476 0.0361328 0.0361905 0.851562
0 0.320801 0.767619 0.0400391 0.0419048 0.862793
0 0.212891 0.839048 0.0449219 0.0590476 0.875977
0 0.75 0.786667 0.0390625 0.0419048 0.879883
0 0.37793 0.892381 0.0351562 0.047619 0.881836
0 0.802734 0.747619 0.0390625 0.0438095 0.882324
0 0.122559 0.93619 0.0419922 0.0742857 0.88916
0 0.125977 0.0571429 0.0410156 0.072381 0.894531
0 0.967773 0.908571 0.0390625 0.0685714 0.910645
0 0.115723 0.868571 0.0380859 0.0685714 0.912598
