0 0.757812 0.832381 0.0371094 0.0419048 0.371826
0 0.169434 0.877143 0.0419922 0.0666667 0.419922
0 0.179199 0.801905 0.0400391 0.0685714 0.515137
0 0.466797 0.794286 0.0332031 0.0342857 0.586426
0 0.950684 0.872381 0.0341797 0.0609524 0.642578
0 0.57373 0.898095 0.0419922 0.0552381 0.679688
0 0.101562 0.941905 0.0429688 0.0780952 0.749023
0 0.29541 0.765714 0.0361328 0.0380952 0.754883
0 0.477051 0.741905 0.0341797 0.0285714 0.805176
0 0.398926 0.809524 0.0361328 0.0342857 0.813477
1 0.538574 0.84 0.106445 0.0647619 0.818359
0 0.271973 0.81619 0.0439453 0.047619 0.833008
0 0.0473633 0.955238 0.0556641 0.0895238 0.864258
0 0.530273 0.937143 0.0429688 0.0761905 0.881836
0 0.393066 0.76 0.0400391 0.0419048 0.890137
0 0.413574 0.940952 0.0361328 0.0685714 0.892578
0 0.871094 0.781905 0.0429688 0.0552381 0.90332
0 0.121094 0.0609524 0.0410156 0.072381 0.908691
0 0.828613 0.807619 0.0419922 0.0533333 0.90918
