0 0.209961 0.793333 0.0351562 0.047619 0.558105
0 0.415527 0.792381 0.0322266 0.0304762 0.661621
0 0.70752 0.83619 0.0380859 0.0419048 0.715332
1 0.474121 0.844762 0.106445 0.0628571 0.735352
0 0.106445 0.96 0.0488281 0.08 0.744141
0 0.612305 0.74381 0.0410156 0.0361905 0.768555
0 0.530273 0.938095 0.0429688 0.0742857 0.780273
0 0.348145 0.809524 0.0361328 0.0342857 0.781738
0 0.574219 0.897143 0.0429688 0.0609524 0.795898
0 0.875977 0.789524 0.0371094 0.0514286 0.803711
0 0.0957031 0.899048 0.0390625 0.072381 0.816406
0 0.385254 0.74381 0.0341797 0.032381 0.816895
0 0.296387 0.769524 0.0400391 0.0419048 0.850586
0 0.194824 0.849524 0.0458984 0.0647619 0.861328
0 0.778809 0.74381 0.0380859 0.04 0.866211
0 0.725586 0.78381 0.0410156 0.04 0.873047
0 0.360352 0.881905 0.0390625 0.0457143 0.903809
0 0.12793 0.0542857 0.0410156 0.0704762 0.904785
0 0.950684 0.881905 0.0400391 0.0685714 0.90625
