0 0.484863 0.974286 0.0224609 0.0438095 0.288818
1 0.639648 0.831429 0.115234 0.0819048 0.418701
0 0.989258 0.94 0.0214844 0.0704762 0.470947
0 0.0576172 0.954286 0.0449219 0.08 0.520996
0 0.655273 0.74 0.0332031 0.0361905 0.544434
0 0.558594 0.795238 0.03125 0.032381 0.724609
0 0.882812 0.854286 0.0371094 0.0514286 0.731934
0 0.492676 0.808571 0.0341797 0.032381 0.782227
0 0.57373 0.898095 0.0419922 0.0552381 0.787109
0 0.858398 0.769524 0.0410156 0.0533333 0.787598
0 0.577637 0.750476 0.0400391 0.0380952 0.791016
0 0.530273 0.937143 0.0429688 0.0761905 0.791504
0 0.300781 0.817143 0.0410156 0.0419048 0.827637
0 0.237305 0.81619 0.0371094 0.0514286 0.848633
0 0.368164 0.749524 0.0371094 0.0361905 0.852539
0 0.153809 0.889524 0.0400391 0.0647619 0.860352
0 0.402344 0.808571 0.0429688 0.04 0.869629
0 0.12207 0.0619048 0.0429688 0.0742857 0.884277
0 0.213379 0.775238 0.0419922 0.0571429 0.89502
