0 0.994141 0.952381 0.0117188 0.0647619 0.272949
0 0.486328 0.969524 0.0253906 0.0609524 0.274658
1 0.648438 0.835238 0.113281 0.0819048 0.289307
0 0.513672 0.754286 0.0351562 0.0304762 0.399658
0 0.676758 0.737143 0.0351562 0.0342857 0.702637
0 0.503906 0.809524 0.0351562 0.0342857 0.790039
0 0.568848 0.795238 0.0322266 0.0361905 0.792969
0 0.530273 0.937143 0.0429688 0.0761905 0.80127
0 0.314941 0.818095 0.0498047 0.04 0.812988
0 0.57373 0.898095 0.0419922 0.0590476 0.814453
0 0.599609 0.750476 0.0390625 0.0380952 0.840332
0 0.896973 0.866667 0.0380859 0.0533333 0.844238
0 0.39209 0.748571 0.0361328 0.0342857 0.856934
0 0.12207 0.06 0.0429688 0.0742857 0.875977
0 0.878906 0.782857 0.0429688 0.0571429 0.877441
0 0.414062 0.807619 0.0429688 0.0419048 0.87793
0 0.0722656 0.929524 0.0410156 0.072381 0.884766
0 0.236816 0.764762 0.0419922 0.0552381 0.886719
0 0.17041 0.875238 0.0400391 0.0628571 0.888184
0 0.255859 0.811429 0.0390625 0.0457143 0.892578
