0 0.628418 0.879048 0.0400391 0.04 0.27832
0 0.677734 0.873333 0.0429688 0.04 0.306152
1 0.666016 0.819048 0.109375 0.0685714 0.307129
0 0.727539 0.889524 0.0390625 0.0419048 0.322266
0 0.585938 0.794286 0.03125 0.0342857 0.592285
0 0.556152 0.751429 0.0361328 0.032381 0.647461
0 0.48877 0.957143 0.0322266 0.0857143 0.686035
0 0.525879 0.808571 0.0341797 0.032381 0.75293
0 0.344727 0.814286 0.0429688 0.0438095 0.82373
0 0.437988 0.745714 0.0341797 0.032381 0.831543
0 0.720703 0.738095 0.0351562 0.032381 0.848633
0 0.57373 0.898095 0.0419922 0.0590476 0.853516
0 0.436523 0.805714 0.0429688 0.0419048 0.866699
0 0.202637 0.852381 0.0400391 0.0552381 0.868164
0 0.530273 0.937143 0.0429688 0.0761905 0.869141
0 0.645508 0.747619 0.0410156 0.04 0.870117
0 0.926758 0.897143 0.0371094 0.0609524 0.873535
0 0.290527 0.804762 0.0380859 0.04 0.883789
0 0.102051 0.886667 0.0400391 0.0704762 0.884277
0 0.121582 0.0619048 0.0439453 0.0742857 0.884277
0 0.914062 0.818095 0.046875 0.0704762 0.894531
0 0.285645 0.751429 0.0400391 0.0438095 0.902832
