0 0.847656 0.835238 0.0390625 0.0514286 0.252197
0 0.628906 0.879048 0.0429688 0.04 0.446289
0 0.677734 0.874286 0.0410156 0.0380952 0.489258
0 0.611328 0.74 0.0351562 0.032381 0.563477
0 0.538574 0.797143 0.0302734 0.032381 0.608887
1 0.615234 0.832381 0.109375 0.0647619 0.702148
0 0.817383 0.753333 0.0410156 0.0438095 0.727539
0 0.441406 0.755238 0.0371094 0.032381 0.763672
0 0.573242 0.897143 0.0429688 0.0571429 0.804688
0 0.469727 0.809524 0.0351562 0.0342857 0.808594
0 0.27002 0.821905 0.0419922 0.04 0.834473
0 0.321777 0.754286 0.0380859 0.0380952 0.851074
0 0.53418 0.750476 0.0410156 0.0380952 0.855469
0 0.202637 0.835238 0.0419922 0.0590476 0.862305
0 0.529785 0.937143 0.0439453 0.0761905 0.87793
0 0.376465 0.809524 0.0419922 0.0419048 0.87793
0 0.169434 0.805714 0.0419922 0.0647619 0.879395
0 0.975586 0.901905 0.0410156 0.0742857 0.894531
0 0.96875 0.949524 0.0429688 0.0742857 0.900879
0 0.119629 0.929524 0.0400391 0.0685714 0.902832
0 0.121582 0.0619048 0.0419922 0.0742857 0.90625
