0 0.428223 0.974286 0.0302734 0.0514286 0.310303
0 0.629395 0.878095 0.0419922 0.0380952 0.319824
0 0.518066 0.794286 0.0322266 0.0342857 0.357422
0 0.816406 0.830476 0.0371094 0.0419048 0.466553
0 0.446777 0.809524 0.0361328 0.0342857 0.665039
0 0.0859375 0.970476 0.0410156 0.0590476 0.703613
1 0.59375 0.83619 0.111328 0.0647619 0.733887
0 0.566895 0.741905 0.0341797 0.032381 0.736816
0 0.574219 0.898095 0.0429688 0.0552381 0.759766
0 0.391602 0.76 0.0351562 0.0342857 0.76416
0 0.773438 0.74381 0.0390625 0.0361905 0.768555
0 0.274902 0.758095 0.0361328 0.0380952 0.811035
0 0.344727 0.811429 0.0429688 0.0419048 0.857422
0 0.488281 0.754286 0.0410156 0.0380952 0.859375
0 0.23584 0.834286 0.0439453 0.0533333 0.86084
0 0.530273 0.937143 0.0429688 0.0761905 0.887695
0 0.168945 0.861905 0.0410156 0.0666667 0.89502
0 0.928223 0.890476 0.0419922 0.0704762 0.899902
0 0.128418 0.84381 0.0419922 0.072381 0.902832
0 0.121094 0.0609524 0.0410156 0.072381 0.905273
0 0.945801 0.855238 0.0419922 0.0685714 0.918945
