0 0.577148 0.794286 0.03125 0.0342857 0.638184
0 0.534668 0.752381 0.0361328 0.0342857 0.648926
0 0.808105 0.760952 0.0361328 0.047619 0.661621
0 0.515137 0.808571 0.0341797 0.032381 0.705078
0 0.170898 0.84 0.0429688 0.0609524 0.732422
0 0.57373 0.897143 0.0419922 0.0571429 0.785645
0 0.530273 0.937143 0.0429688 0.0761905 0.79541
0 0.699219 0.738095 0.0351562 0.032381 0.816406
0 0.623047 0.747619 0.0410156 0.04 0.833496
0 0.185547 0.865714 0.0429688 0.0628571 0.838379
0 0.332031 0.81619 0.0410156 0.04 0.839844
0 0.42627 0.805714 0.0439453 0.0419048 0.851562
0 0.416016 0.745714 0.0351562 0.0361905 0.854004
0 0.260742 0.754286 0.0410156 0.0457143 0.882324
0 0.911621 0.880952 0.0380859 0.0590476 0.896484
0 0.898438 0.799048 0.0429688 0.0628571 0.897949
0 0.272949 0.807619 0.0400391 0.0457143 0.898926
0 0.121094 0.0619048 0.0410156 0.0742857 0.901367
0 0.0869141 0.909524 0.0410156 0.0742857 0.908691
