0 0.727051 0.888571 0.0400391 0.0438095 0.273193
0 0.046875 0.968571 0.0390625 0.0628571 0.303711
0 0.864746 0.84381 0.0380859 0.0495238 0.426025
0 0.677734 0.875238 0.0410156 0.0361905 0.521973
0 0.628906 0.88 0.0429688 0.0380952 0.534668
1 0.625 0.830476 0.105469 0.0609524 0.632812
0 0.838379 0.759048 0.0419922 0.0514286 0.726074
0 0.54834 0.795238 0.0322266 0.0361905 0.736816
0 0.467773 0.753333 0.0371094 0.032381 0.776855
0 0.633301 0.739048 0.0341797 0.0342857 0.779785
0 0.98291 0.969524 0.0341797 0.0609524 0.793945
0 0.480957 0.808571 0.0341797 0.032381 0.796387
0 0.285156 0.819048 0.0429688 0.0419048 0.800781
0 0.983398 0.92381 0.0332031 0.08 0.820312
0 0.57373 0.898095 0.0419922 0.0552381 0.830078
0 0.344727 0.750476 0.0390625 0.0380952 0.859863
0 0.390137 0.809524 0.0419922 0.0419048 0.862305
0 0.529785 0.937143 0.0439453 0.0761905 0.867676
0 0.219727 0.825714 0.0390625 0.0552381 0.878418
0 0.556641 0.750476 0.0410156 0.0380952 0.883301
0 0.122559 0.0609524 0.0439453 0.0761905 0.889648
0 0.136719 0.908571 0.0390625 0.0647619 0.904297
0 0.190918 0.787619 0.0419922 0.0628571 0.909668
