0 0.280273 0.83619 0.03125 0.0342857 0.292236
0 0.106934 0.0304762 0.0419922 0.0609524 0.476318
0 0.990234 0.273333 0.0195312 0.0552381 0.577148
0 0.614258 0.805714 0.0351562 0.0342857 0.631348
0 0.919434 0.829524 0.0380859 0.0590476 0.685547
0 0.57373 0.898095 0.0419922 0.0590476 0.828613
0 0.160156 0.821905 0.0371094 0.0590476 0.830078
0 0.477539 0.804762 0.0410156 0.0361905 0.831055
0 0.253906 0.748571 0.0371094 0.0419048 0.833496
0 0.899902 0.86 0.0419922 0.0742857 0.838867
0 0.232422 0.868571 0.0390625 0.0380952 0.839844
0 0.350098 0.82 0.0361328 0.0361905 0.855469
0 0.284668 0.790476 0.0380859 0.0342857 0.859863
0 0.550293 0.798095 0.0439453 0.0419048 0.860352
0 0.510742 0.897143 0.0390625 0.0876191 0.86084
0 0.412109 0.801905 0.0371094 0.0380952 0.87207
0 0.530273 0.937143 0.0429688 0.0761905 0.878418
0 0.542969 0.741905 0.0390625 0.0361905 0.901367
0 0.121582 0.0619048 0.0419922 0.0742857 0.90332
