0 0.601562 0.742857 0.0351562 0.0304762 0.27002
0 0.110352 0.027619 0.0410156 0.0552381 0.313721
0 0.0874023 0.911429 0.0380859 0.0704762 0.420166
0 0.226074 0.851429 0.0302734 0.0419048 0.45874
0 0.990723 0.955238 0.0185547 0.0742857 0.503906
0 0.947754 0.869524 0.0322266 0.0590476 0.509277
0 0.178223 0.793333 0.0380859 0.0552381 0.573242
0 0.587891 0.806667 0.0351562 0.032381 0.697266
0 0.500977 0.914286 0.0371094 0.0914286 0.756836
0 0.82666 0.769524 0.0419922 0.0571429 0.765625
0 0.171875 0.892381 0.0429688 0.0628571 0.807617
0 0.436523 0.804762 0.0429688 0.04 0.827637
0 0.574219 0.897143 0.0429688 0.0609524 0.833496
0 0.529785 0.937143 0.0419922 0.0761905 0.848633
0 0.877441 0.793333 0.0361328 0.0514286 0.849609
0 0.520996 0.799048 0.0439453 0.04 0.856934
0 0.30957 0.82381 0.046875 0.04 0.864746
0 0.237793 0.790476 0.0380859 0.0419048 0.870117
0 0.381836 0.801905 0.0371094 0.0380952 0.87207
0 0.468262 0.746667 0.0380859 0.0380952 0.873535
0 0.12207 0.0619048 0.0429688 0.0742857 0.899902
