0 0.628418 0.878095 0.0439453 0.0380952 0.326904
1 0.719238 0.819048 0.108398 0.0685714 0.405273
0 0.188477 0.869524 0.0410156 0.0590476 0.447021
0 0.632812 0.794286 0.03125 0.0342857 0.577148
0 0.677246 0.875238 0.0400391 0.04 0.634766
0 0.575195 0.807619 0.0332031 0.0304762 0.718262
0 0.57373 0.897143 0.0419922 0.0609524 0.721191
0 0.564941 0.74381 0.0361328 0.032381 0.763184
0 0.983398 0.931429 0.0332031 0.08 0.782715
0 0.845215 0.768571 0.0400391 0.0514286 0.799316
0 0.782715 0.748571 0.0400391 0.0419048 0.807129
0 0.144531 0.825714 0.0351562 0.0666667 0.8125
0 0.530273 0.937143 0.0429688 0.0761905 0.818848
0 0.499023 0.92 0.0371094 0.0914286 0.821289
0 0.41748 0.808571 0.0419922 0.0438095 0.833984
0 0.502441 0.802857 0.0419922 0.04 0.858887
0 0.291992 0.824762 0.0351562 0.0380952 0.865234
0 0.361328 0.80381 0.0390625 0.0380952 0.884766
0 0.425781 0.746667 0.0390625 0.0380952 0.888184
0 0.141113 0.918095 0.0439453 0.0647619 0.896484
0 0.121582 0.06 0.0439453 0.0742857 0.897461
0 0.205078 0.799048 0.0390625 0.047619 0.916016
