0 0.141113 0.913333 0.0322266 0.0514286 0.289062
0 0.0922852 0.968571 0.0458984 0.0628571 0.614258
0 0.554199 0.808571 0.0322266 0.032381 0.714844
0 0.786133 0.742857 0.0351562 0.0380952 0.742676
0 0.57373 0.898095 0.0419922 0.0590476 0.750977
0 0.963867 0.949524 0.0371094 0.0666667 0.755859
0 0.495117 0.933333 0.0332031 0.0914286 0.760254
0 0.881348 0.797143 0.0380859 0.047619 0.784668
0 0.714844 0.74381 0.0390625 0.04 0.797852
0 0.530273 0.937143 0.0429688 0.0761905 0.804688
0 0.503418 0.744762 0.0380859 0.0342857 0.815918
0 0.384277 0.812381 0.0419922 0.04 0.847168
0 0.471191 0.80381 0.0439453 0.0419048 0.866699
0 0.358398 0.746667 0.0390625 0.0380952 0.867188
0 0.330078 0.802857 0.0371094 0.04 0.870117
0 0.25 0.832381 0.0390625 0.0457143 0.873047
0 0.0996094 0.886667 0.0351562 0.0666667 0.889648
0 0.12207 0.0609524 0.0449219 0.0761905 0.889648
0 0.150879 0.832381 0.0400391 0.0647619 0.895996
0 0.958496 0.88 0.0439453 0.0761905 0.918457
