0 0.775391 0.90381 0.0410156 0.0514286 0.493896
0 0.988281 0.94 0.0234375 0.0552381 0.555664
0 0.725098 0.74 0.0341797 0.0361905 0.605469
0 0.713379 0.794286 0.0322266 0.0380952 0.662109
0 0.726562 0.888571 0.0410156 0.047619 0.680176
0 0.849121 0.912381 0.0419922 0.0419048 0.736816
0 0.979492 0.0961905 0.0410156 0.0666667 0.776367
0 0.657715 0.806667 0.0341797 0.0361905 0.779785
0 0.495117 0.952381 0.0351562 0.0876191 0.800293
0 0.981934 0.26381 0.0361328 0.0514286 0.814453
0 0.982422 0.200952 0.0351562 0.0590476 0.822266
0 0.54248 0.797143 0.0400391 0.0361905 0.830566
0 0.597168 0.795238 0.0439453 0.04 0.852539
0 0.480957 0.746667 0.0341797 0.0304762 0.852539
0 0.342285 0.750476 0.0341797 0.0380952 0.852539
0 0.422363 0.818095 0.0341797 0.0361905 0.858887
0 0.608887 0.74 0.0400391 0.0361905 0.867188
0 0.530273 0.937143 0.0410156 0.0761905 0.868164
0 0.352051 0.797143 0.0380859 0.0361905 0.871582
0 0.530762 0.86381 0.0419922 0.0742857 0.87207
0 0.57373 0.898095 0.0439453 0.0590476 0.874512
0 0.416504 0.864762 0.0400391 0.0419048 0.875
0 0.943359 0.12381 0.0390625 0.0533333 0.87793
0 0.955566 0.880952 0.0341797 0.0628571 0.887695
0 0.485352 0.801905 0.0371094 0.0380952 0.889648
0 0.121582 0.0619048 0.0419922 0.0742857 0.892578
0 0.832031 0.0914286 0.0351562 0.072381 0.916016
