0 0.688965 0.795238 0.0322266 0.032381 0.259521
0 0.484375 0.981905 0.0273438 0.032381 0.271484
0 0.677734 0.875238 0.0410156 0.0361905 0.31543
0 0.987305 0.94 0.0253906 0.0590476 0.493408
0 0.628906 0.879048 0.0429688 0.04 0.522461
0 0.977539 0.974286 0.0371094 0.0514286 0.563477
0 0.992188 0.158095 0.015625 0.0380952 0.573242
0 0.251953 0.761905 0.0410156 0.0419048 0.665039
0 0.643066 0.807619 0.0341797 0.0342857 0.751953
0 0.525879 0.868571 0.0419922 0.0761905 0.824707
0 0.516602 0.798095 0.0410156 0.0380952 0.825684
0 0.959961 0.0752381 0.0449219 0.0590476 0.830078
0 0.328125 0.873333 0.0390625 0.0361905 0.833984
0 0.583008 0.797143 0.0429688 0.04 0.848633
0 0.946777 0.866667 0.0341797 0.0609524 0.851562
0 0.57373 0.898095 0.0419922 0.0590476 0.854492
0 0.591797 0.740952 0.0390625 0.0380952 0.85498
0 0.37793 0.746667 0.0351562 0.0342857 0.856934
0 0.322266 0.794286 0.0371094 0.0342857 0.863281
0 0.456055 0.802857 0.0371094 0.0361905 0.873535
0 0.388184 0.819048 0.0361328 0.0380952 0.881348
0 0.904297 0.210476 0.0390625 0.0590476 0.881836
0 0.530273 0.937143 0.0429688 0.0761905 0.882812
0 0.121094 0.0619048 0.0429688 0.0742857 0.906738
