0 0.71582 0.738095 0.0351562 0.04 0.298828
0 0.628906 0.879048 0.0429688 0.04 0.327148
0 0.727539 0.889524 0.0410156 0.0457143 0.482178
0 0.989258 0.941905 0.0214844 0.047619 0.56543
0 0.846191 0.910476 0.0419922 0.0457143 0.614746
0 0.706055 0.795238 0.0332031 0.0361905 0.624512
0 0.986816 0.0980952 0.0244141 0.0552381 0.637207
0 0.990723 0.265714 0.0185547 0.04 0.709473
0 0.98877 0.20381 0.0224609 0.0457143 0.728027
0 0.654297 0.805714 0.0351562 0.0380952 0.765625
0 0.908691 0.0295238 0.0439453 0.0590476 0.791016
0 0.536621 0.798095 0.0419922 0.0380952 0.80127
0 0.492676 0.960952 0.0322266 0.0780952 0.817383
0 0.959473 0.135238 0.0400391 0.0495238 0.824219
0 0.318359 0.750476 0.0371094 0.0380952 0.847168
0 0.345215 0.796191 0.0361328 0.0342857 0.851074
0 0.396973 0.869524 0.0400391 0.04 0.86084
0 0.595703 0.796191 0.0429688 0.0419048 0.861816
0 0.57373 0.897143 0.0419922 0.0609524 0.86377
0 0.458496 0.746667 0.0341797 0.0304762 0.864746
0 0.414551 0.818095 0.0361328 0.0361905 0.867188
0 0.60498 0.740952 0.0380859 0.0380952 0.875977
0 0.530762 0.937143 0.0419922 0.0761905 0.881836
0 0.529297 0.864762 0.0429688 0.0761905 0.882812
0 0.479492 0.80381 0.0371094 0.0380952 0.883789
0 0.121582 0.0619048 0.0419922 0.0742857 0.897461
0 0.95459 0.878095 0.0361328 0.0647619 0.90625
0 0.84668 0.125714 0.0371094 0.072381 0.926758
