0 0.104004 0.0333333 0.0439453 0.0666667 0.265381
0 0.693359 0.794286 0.0332031 0.0342857 0.303711
0 0.677734 0.87619 0.0410156 0.0380952 0.354248
0 0.337402 0.833333 0.0302734 0.0361905 0.395752
0 0.988281 0.939048 0.0234375 0.0533333 0.543945
0 0.645508 0.806667 0.0332031 0.032381 0.665527
0 0.521484 0.797143 0.0429688 0.04 0.805664
0 0.985352 0.153333 0.0292969 0.0438095 0.80957
0 0.588867 0.795238 0.0429688 0.04 0.830566
0 0.40625 0.745714 0.0332031 0.032381 0.841309
0 0.396973 0.819048 0.0341797 0.0342857 0.853027
0 0.351562 0.873333 0.0390625 0.0361905 0.854492
0 0.274902 0.755238 0.0341797 0.04 0.855957
0 0.59668 0.74 0.0390625 0.0361905 0.857422
0 0.573242 0.898095 0.0429688 0.0628571 0.861816
0 0.330078 0.794286 0.0371094 0.0342857 0.862305
0 0.527832 0.867619 0.0419922 0.0780952 0.862793
0 0.950684 0.871429 0.0341797 0.0628571 0.874512
0 0.530273 0.937143 0.0429688 0.0761905 0.875488
0 0.942871 0.0619048 0.0458984 0.0590476 0.87793
0 0.465332 0.801905 0.0361328 0.0380952 0.88623
0 0.883789 0.185714 0.0371094 0.0628571 0.897461
0 0.121582 0.0619048 0.0439453 0.0742857 0.898438
