0 0.991211 0.106667 0.0175781 0.0571429 0.322266
0 0.105469 0.032381 0.0429688 0.0647619 0.416504
0 0.298828 0.835238 0.03125 0.0361905 0.478271
0 0.628906 0.805714 0.0351562 0.0342857 0.702148
0 0.981934 0.920952 0.0341797 0.0704762 0.714844
0 0.966797 0.257143 0.0390625 0.0457143 0.761719
0 0.300781 0.792381 0.0371094 0.0342857 0.793945
0 0.197754 0.791429 0.0361328 0.0514286 0.808105
0 0.494141 0.8 0.0429688 0.0380952 0.815918
0 0.29834 0.747619 0.0361328 0.0361905 0.829102
0 0.57373 0.897143 0.0419922 0.0609524 0.833008
0 0.516602 0.884762 0.0410156 0.0857143 0.843262
0 0.5625 0.797143 0.0429688 0.04 0.856445
0 0.266113 0.867619 0.0380859 0.0361905 0.857422
0 0.365723 0.82 0.0341797 0.0361905 0.868164
0 0.427246 0.801905 0.0380859 0.0380952 0.879395
0 0.930176 0.844762 0.0361328 0.0590476 0.891113
0 0.569336 0.740952 0.0390625 0.0380952 0.895508
0 0.530273 0.937143 0.0429688 0.0761905 0.895996
0 0.935059 0.911429 0.0419922 0.0742857 0.897949
0 0.121094 0.0619048 0.0429688 0.0742857 0.898438
