1 0.168457 0.0771429 0.0966797 0.154286 0.251221
0 0.987305 0.939048 0.0253906 0.0571429 0.567383
0 0.853027 0.913333 0.0400391 0.0438095 0.632812
0 0.733398 0.73619 0.0371094 0.04 0.709961
0 0.498047 0.945714 0.0371094 0.0895238 0.730957
0 0.662109 0.805714 0.0371094 0.0380952 0.743164
0 0.972656 0.0895238 0.0527344 0.072381 0.788086
0 0.529785 0.862857 0.0439453 0.072381 0.819824
0 0.547363 0.796191 0.0400391 0.0380952 0.839844
0 0.500977 0.746667 0.0351562 0.0304762 0.840332
0 0.57373 0.898095 0.0419922 0.0628571 0.841309
0 0.364258 0.751429 0.0371094 0.0361905 0.852539
0 0.612793 0.74 0.0400391 0.04 0.853516
0 0.530273 0.937143 0.0410156 0.0761905 0.857422
0 0.974121 0.193333 0.0458984 0.0552381 0.861816
0 0.433594 0.862857 0.0410156 0.0419048 0.868164
0 0.92627 0.107619 0.0419922 0.0590476 0.868164
0 0.429199 0.819048 0.0361328 0.0380952 0.870605
0 0.356934 0.797143 0.0380859 0.0361905 0.876465
0 0.600098 0.795238 0.0439453 0.04 0.881348
0 0.968262 0.254286 0.0439453 0.047619 0.882324
0 0.121582 0.0619048 0.0419922 0.0742857 0.887207
0 0.956543 0.881905 0.0341797 0.0647619 0.888184
0 0.490723 0.801905 0.0361328 0.0380952 0.900879
0 0.818848 0.0542857 0.0341797 0.0742857 0.920898
