0 0.787109 0.906667 0.0410156 0.0495238 0.285889
0 0.627441 0.879048 0.0439453 0.04 0.331299
0 0.727051 0.890476 0.0400391 0.0438095 0.40332
0 0.895996 0.932381 0.0419922 0.0514286 0.476074
0 0.677246 0.87619 0.0419922 0.0380952 0.539551
0 0.988281 0.94 0.0234375 0.0514286 0.588379
0 0.950684 0.137143 0.0380859 0.0495238 0.798828
0 0.5 0.93619 0.0351562 0.0857143 0.809082
0 0.564453 0.796191 0.0410156 0.0380952 0.809082
0 0.496582 0.750476 0.0380859 0.0380952 0.84668
0 0.535156 0.859048 0.0429688 0.072381 0.855469
0 0.45166 0.817143 0.0361328 0.0380952 0.859863
0 0.594238 0.745714 0.0341797 0.032381 0.859863
0 0.663086 0.738095 0.0390625 0.04 0.86084
0 0.622559 0.796191 0.0419922 0.0380952 0.863281
0 0.57373 0.897143 0.0439453 0.0609524 0.870117
0 0.507812 0.802857 0.0371094 0.04 0.871094
0 0.490723 0.849524 0.0400391 0.0457143 0.874512
0 0.95752 0.881905 0.0341797 0.0647619 0.875977
0 0.374023 0.797143 0.0371094 0.0361905 0.876953
0 0.530762 0.937143 0.0419922 0.0761905 0.876953
0 0.896973 0.113333 0.0439453 0.0704762 0.883789
0 0.121582 0.0619048 0.0419922 0.0742857 0.892578
0 0.937012 0.23619 0.0439453 0.0571429 0.893555
0 0.867676 0.158095 0.0419922 0.072381 0.897949
