0 0.678223 0.874286 0.0419922 0.0380952 0.394531
0 0.988281 0.940952 0.0234375 0.0571429 0.520996
0 0.628418 0.879048 0.0439453 0.04 0.544434
0 0.679199 0.808571 0.0341797 0.0361905 0.556152
0 0.73877 0.796191 0.0322266 0.0380952 0.571777
0 0.872559 0.917143 0.0400391 0.047619 0.638184
0 0.983398 0.155238 0.03125 0.0438095 0.682617
0 0.43457 0.749524 0.0371094 0.0361905 0.821777
1 0.945312 0.0647619 0.0878906 0.102857 0.827148
0 0.555176 0.795238 0.0400391 0.0361905 0.830566
0 0.876953 0.04 0.0390625 0.0685714 0.838379
0 0.500488 0.934286 0.0361328 0.0857143 0.86084
0 0.443359 0.81619 0.0351562 0.0361905 0.865234
0 0.98584 0.261905 0.0283203 0.04 0.865723
0 0.609375 0.795238 0.0429688 0.04 0.866699
0 0.370117 0.797143 0.0371094 0.0361905 0.867676
0 0.55127 0.745714 0.0341797 0.032381 0.869629
0 0.91748 0.215238 0.0439453 0.0609524 0.871094
0 0.532715 0.860952 0.0419922 0.072381 0.87207
0 0.471191 0.854286 0.0400391 0.04 0.874512
0 0.503906 0.800952 0.0371094 0.0361905 0.879395
0 0.632812 0.739048 0.0390625 0.0380952 0.879883
0 0.57373 0.898095 0.0439453 0.0590476 0.880371
0 0.934082 0.16 0.0439453 0.0609524 0.882812
0 0.530762 0.937143 0.0419922 0.0761905 0.891113
0 0.957031 0.881905 0.0351562 0.0647619 0.893555
0 0.121582 0.0619048 0.0419922 0.0742857 0.894043
