0 0.821289 0.834286 0.0410156 0.0647619 0.397705
0 0.689941 0.80381 0.0341797 0.0342857 0.408691
0 0.752441 0.796191 0.0322266 0.0380952 0.476562
0 0.989258 0.940952 0.0214844 0.0495238 0.54248
0 0.628418 0.879048 0.0439453 0.04 0.59082
0 0.786133 0.906667 0.0410156 0.0457143 0.61084
0 0.727051 0.888571 0.0400391 0.0438095 0.652832
0 0.677246 0.874286 0.0419922 0.0380952 0.718262
0 0.963379 0.14381 0.0380859 0.0438095 0.789551
0 0.651855 0.737143 0.0380859 0.0380952 0.793945
0 0.887695 0.924762 0.0410156 0.0514286 0.828613
0 0.449219 0.818095 0.0351562 0.0361905 0.829102
0 0.560547 0.796191 0.0410156 0.0419048 0.830566
0 0.500488 0.93619 0.0361328 0.0857143 0.846191
0 0.580078 0.745714 0.0332031 0.032381 0.851074
0 0.477539 0.751429 0.0371094 0.0361905 0.856445
0 0.957031 0.882857 0.0351562 0.0628571 0.859375
0 0.373047 0.797143 0.0371094 0.0361905 0.865234
0 0.506836 0.801905 0.0371094 0.0380952 0.869141
0 0.618164 0.795238 0.0429688 0.04 0.875
0 0.908691 0.128571 0.0439453 0.0704762 0.87793
0 0.487305 0.849524 0.0410156 0.0457143 0.878418
0 0.57373 0.899048 0.0439453 0.0609524 0.879395
0 0.530762 0.937143 0.0419922 0.0761905 0.88916
0 0.12207 0.0619048 0.0429688 0.0742857 0.890137
0 0.534668 0.86 0.0419922 0.0704762 0.890625
0 0.955566 0.246667 0.0419922 0.0514286 0.896484
0 0.883301 0.179048 0.0419922 0.0685714 0.899414
