0 0.627441 0.879048 0.0439453 0.04 0.289795
0 0.489258 0.920952 0.0429688 0.0819048 0.376465
0 0.728516 0.888571 0.0410156 0.047619 0.42041
0 0.988281 0.940952 0.0234375 0.0533333 0.577148
0 0.789062 0.806667 0.0527344 0.0742857 0.624023
0 0.803711 0.910476 0.0410156 0.0457143 0.640137
0 0.989746 0.0933333 0.0205078 0.0380952 0.651855
0 0.736328 0.805714 0.046875 0.0571429 0.663574
0 0.5 0.937143 0.0371094 0.0876191 0.70752
0 0.964355 0.221905 0.0439453 0.0438095 0.788086
0 0.595215 0.795238 0.0400391 0.0361905 0.818359
0 0.460938 0.815238 0.0351562 0.0380952 0.829102
0 0.958008 0.884762 0.0332031 0.0590476 0.839355
0 0.50293 0.846667 0.0410156 0.0438095 0.839844
0 0.729492 0.733333 0.0390625 0.0419048 0.850098
0 0.884766 0.0609524 0.0390625 0.0685714 0.854492
0 0.57373 0.899048 0.0419922 0.0609524 0.857422
0 0.667969 0.742857 0.0351562 0.0380952 0.85791
0 0.591797 0.747619 0.0351562 0.0361905 0.862305
0 0.51123 0.801905 0.0380859 0.0380952 0.862793
0 0.657715 0.796191 0.0439453 0.0419048 0.868164
0 0.383301 0.797143 0.0361328 0.0361905 0.868164
0 0.944336 0.138095 0.0371094 0.0514286 0.871582
0 0.550781 0.842857 0.0449219 0.0666667 0.873535
0 0.858887 0.750476 0.0439453 0.0495238 0.87793
0 0.530273 0.937143 0.0429688 0.0761905 0.881836
0 0.101074 0.0857143 0.0419922 0.072381 0.885254
0 0.840332 0.112381 0.0419922 0.08 0.922363
