0 0.628906 0.878095 0.0429688 0.0419048 0.300293
0 0.882812 0.762857 0.0410156 0.047619 0.451172
0 0.429199 0.824762 0.0302734 0.0342857 0.513184
0 0.987793 0.94 0.0244141 0.0552381 0.557617
0 0.979004 0.969524 0.0380859 0.0609524 0.588379
0 0.722656 0.798095 0.0410156 0.0419048 0.675293
0 0.695312 0.745714 0.0351562 0.0361905 0.705566
0 0.956055 0.26 0.0332031 0.04 0.712402
0 0.920898 0.115238 0.0371094 0.0590476 0.727539
0 0.742188 0.894286 0.0429688 0.047619 0.759766
0 0.981934 0.160952 0.0341797 0.047619 0.76416
0 0.964844 0.204762 0.0449219 0.047619 0.775391
0 0.938965 0.032381 0.0400391 0.0647619 0.782227
0 0.162598 0.861905 0.0498047 0.0819048 0.79541
0 0.652344 0.794286 0.0429688 0.0419048 0.818848
0 0.52832 0.841905 0.0410156 0.0419048 0.820312
0 0.740723 0.740952 0.0361328 0.0380952 0.841309
0 0.501465 0.931429 0.0380859 0.0914286 0.844238
0 0.386719 0.799048 0.0351562 0.0361905 0.849609
0 0.57373 0.898095 0.0419922 0.0590476 0.855469
0 0.899902 0.172381 0.0458984 0.0742857 0.859375
0 0.95752 0.88381 0.0341797 0.0609524 0.864746
0 0.479492 0.815238 0.0371094 0.0380952 0.866211
0 0.79834 0.733333 0.0400391 0.0419048 0.866211
0 0.54541 0.798095 0.0361328 0.0380952 0.868164
0 0.0297852 0.13619 0.0419922 0.047619 0.871582
0 0.530762 0.938095 0.0419922 0.0780952 0.874512
0 0.586914 0.821905 0.0449219 0.0552381 0.900879
0 0.830566 0.0790476 0.0419922 0.0819048 0.911621
