0 0.751953 0.815238 0.03125 0.0380952 0.258057
0 0.911133 0.893333 0.0371094 0.0533333 0.308838
1 0.15918 0.08 0.0976562 0.16 0.32251
0 0.72998 0.890476 0.0419922 0.047619 0.3479
0 0.992188 0.167619 0.015625 0.0419048 0.468506
0 0.989258 0.939048 0.0214844 0.0533333 0.485596
0 0.801758 0.818095 0.0332031 0.0552381 0.61084
0 0.806152 0.910476 0.0400391 0.0457143 0.671875
0 0.86377 0.753333 0.0439453 0.0514286 0.67334
0 0.499512 0.93619 0.0380859 0.0895238 0.741211
0 0.984375 0.0876191 0.03125 0.0457143 0.753906
0 0.945801 0.213333 0.0439453 0.0495238 0.818359
0 0.461426 0.81619 0.0361328 0.0361905 0.819824
0 0.958984 0.884762 0.03125 0.0590476 0.828613
0 0.874023 0.0466667 0.0371094 0.0666667 0.842285
0 0.601562 0.793333 0.0429688 0.0361905 0.845215
0 0.0922852 0.0952381 0.0419922 0.0685714 0.848633
0 0.679688 0.742857 0.0351562 0.0380952 0.852051
0 0.605469 0.747619 0.0371094 0.0361905 0.86084
0 0.741211 0.733333 0.0390625 0.0380952 0.86084
0 0.514648 0.800952 0.0371094 0.04 0.861816
0 0.931152 0.125714 0.0380859 0.0571429 0.865723
0 0.504883 0.845714 0.0410156 0.0457143 0.867188
0 0.665527 0.797143 0.0439453 0.0438095 0.869629
0 0.57373 0.898095 0.0419922 0.0590476 0.87207
0 0.384277 0.798095 0.0361328 0.0342857 0.872559
0 0.530273 0.938095 0.0429688 0.0780952 0.882812
0 0.554199 0.840952 0.0439453 0.0666667 0.88916
0 0.828125 0.0866667 0.0410156 0.0819048 0.913574
