0 0.0727539 0.969524 0.0576172 0.0609524 0.277588
0 0.418945 0.822857 0.0273438 0.0304762 0.279541
0 0.730957 0.890476 0.0419922 0.047619 0.322021
0 0.757812 0.815238 0.0332031 0.0380952 0.413086
1 0.15625 0.0819048 0.0976562 0.16 0.509277
0 0.925781 0.902857 0.0351562 0.0533333 0.522949
0 0.677246 0.874286 0.0419922 0.0380952 0.529785
0 0.628418 0.879048 0.0439453 0.04 0.561035
0 0.986816 0.251429 0.0263672 0.0457143 0.598145
0 0.985352 0.165714 0.0292969 0.0495238 0.743652
0 0.871094 0.75619 0.0410156 0.0495238 0.768555
0 0.620117 0.745714 0.0351562 0.0361905 0.78125
0 0.864258 0.0314286 0.0371094 0.0628571 0.813477
0 0.461426 0.817143 0.0361328 0.0380952 0.820312
0 0.60791 0.793333 0.0419922 0.0361905 0.833984
0 0.691895 0.742857 0.0341797 0.0380952 0.842773
0 0.979004 0.0819048 0.0400391 0.0495238 0.845215
0 0.958496 0.884762 0.0322266 0.0590476 0.84668
0 0.5 0.934286 0.0351562 0.0895238 0.847656
0 0.927246 0.201905 0.0458984 0.0571429 0.850586
0 0.384277 0.798095 0.0361328 0.0342857 0.856445
0 0.673828 0.796191 0.0429688 0.0419048 0.859375
0 0.517578 0.800952 0.0371094 0.04 0.865723
0 0.753418 0.732381 0.0380859 0.0361905 0.866211
0 0.918945 0.111429 0.0371094 0.0590476 0.869629
0 0.507812 0.844762 0.0410156 0.0438095 0.876953
0 0.0834961 0.102857 0.0419922 0.0647619 0.879395
0 0.573242 0.898095 0.0429688 0.0590476 0.881836
0 0.530273 0.938095 0.0429688 0.0780952 0.887695
0 0.559082 0.837143 0.0439453 0.0628571 0.905273
0 0.817871 0.06 0.0400391 0.0857143 0.908203
