1 0.148438 0.0904762 0.0996094 0.169524 0.297119
0 0.734375 0.891429 0.0429688 0.0495238 0.387451
0 0.677246 0.874286 0.0419922 0.0380952 0.433594
0 0.803711 0.0247619 0.0292969 0.0495238 0.487549
0 0.628906 0.879048 0.0429688 0.04 0.510742
0 0.96582 0.235238 0.0449219 0.0514286 0.564941
0 0.132324 0.0314286 0.0380859 0.0628571 0.62207
0 0.648438 0.745714 0.0332031 0.04 0.675781
0 0.961426 0.149524 0.0361328 0.0438095 0.685547
0 0.986816 0.935238 0.0263672 0.0609524 0.738281
0 0.879883 0.76 0.0410156 0.0495238 0.75293
0 0.109863 0.929524 0.0498047 0.0838095 0.753906
0 0.95166 0.93619 0.0380859 0.0628571 0.806152
0 0.890625 0.170476 0.0429688 0.0666667 0.822266
0 0.62207 0.793333 0.0410156 0.0361905 0.82373
0 0.713867 0.741905 0.0351562 0.0361905 0.831543
0 0.384277 0.798095 0.0361328 0.0342857 0.847656
0 0.500977 0.933333 0.0371094 0.0876191 0.851562
0 0.523438 0.800952 0.0390625 0.04 0.852539
0 0.46582 0.815238 0.0371094 0.0380952 0.861328
0 0.690918 0.797143 0.0419922 0.0438095 0.868164
0 0.773926 0.731429 0.0400391 0.0380952 0.874023
0 0.573242 0.898095 0.0429688 0.0590476 0.875977
0 0.963379 0.0628571 0.0400391 0.0571429 0.878418
0 0.512207 0.842857 0.0419922 0.0438095 0.883789
0 0.89502 0.0780952 0.0361328 0.0647619 0.883789
0 0.958496 0.88381 0.0341797 0.0609524 0.885742
0 0.568848 0.830476 0.0439453 0.0609524 0.888184
0 0.0654297 0.118095 0.0410156 0.0571429 0.88916
0 0.530762 0.938095 0.0419922 0.0780952 0.893555
