0 0.0498047 0.0942857 0.0488281 0.0552381 0.28125
0 0.802246 0.81619 0.0517578 0.0704762 0.302246
0 0.991211 0.215238 0.0175781 0.0419048 0.319824
0 0.677246 0.874286 0.0419922 0.0380952 0.350342
0 0.773438 0.813333 0.0351562 0.0457143 0.513184
0 0.661621 0.744762 0.0361328 0.0380952 0.51709
0 0.0112305 0.110476 0.0224609 0.0533333 0.538574
0 0.881348 0.762857 0.0400391 0.0514286 0.586426
0 0.137695 0.0380952 0.0683594 0.0761905 0.589355
0 0.95166 0.141905 0.0361328 0.0438095 0.597656
1 0.144043 0.0971429 0.0986328 0.16381 0.644531
0 0.734863 0.891429 0.0419922 0.0495238 0.662109
0 0.628906 0.879048 0.0410156 0.04 0.662598
0 0.125977 0.908571 0.0488281 0.0838095 0.678711
0 0.986816 0.937143 0.0263672 0.0571429 0.693848
0 0.949219 0.222857 0.0429688 0.0571429 0.766602
0 0.961426 0.948571 0.0361328 0.0609524 0.810059
0 0.69873 0.796191 0.0419922 0.0419048 0.813477
0 0.723633 0.741905 0.0371094 0.04 0.827637
0 0.631348 0.792381 0.0419922 0.0380952 0.835449
0 0.782715 0.732381 0.0380859 0.0361905 0.838379
0 0.500977 0.933333 0.0371094 0.0876191 0.838867
0 0.0556641 0.124762 0.0429688 0.0552381 0.848633
0 0.516113 0.841905 0.0400391 0.0419048 0.851562
0 0.955078 0.0533333 0.0390625 0.0609524 0.853516
0 0.529297 0.8 0.0371094 0.0380952 0.860352
0 0.384277 0.798095 0.0361328 0.0342857 0.860352
0 0.469238 0.815238 0.0361328 0.0380952 0.865234
0 0.95752 0.88381 0.0341797 0.0609524 0.868164
0 0.885254 0.0590476 0.0361328 0.0647619 0.873535
0 0.57373 0.898095 0.0419922 0.0590476 0.875977
0 0.530762 0.937143 0.0419922 0.0761905 0.891113
0 0.873535 0.150476 0.0458984 0.072381 0.894531
0 0.572754 0.827619 0.0439453 0.0590476 0.896973
