0 0.0922852 0.955238 0.0537109 0.0895238 0.260986
0 0.731934 0.891429 0.0419922 0.0457143 0.337646
0 0.987305 0.93619 0.0253906 0.0628571 0.344482
0 0.419922 0.822857 0.0273438 0.0304762 0.390137
1 0.152832 0.0838095 0.0966797 0.167619 0.404785
0 0.855469 0.0219048 0.0332031 0.0438095 0.429932
0 0.140625 0.027619 0.0390625 0.0552381 0.603516
0 0.677246 0.874286 0.0419922 0.0380952 0.630859
0 0.979492 0.244762 0.0410156 0.0514286 0.671875
0 0.876465 0.76 0.0400391 0.0495238 0.680664
0 0.628906 0.879048 0.0429688 0.04 0.71582
0 0.975098 0.155238 0.0380859 0.0438095 0.729004
0 0.939453 0.919048 0.0390625 0.0666667 0.75
0 0.634277 0.747619 0.0380859 0.04 0.762207
0 0.614258 0.793333 0.0429688 0.0361905 0.808594
0 0.908691 0.186667 0.0458984 0.0609524 0.833984
0 0.463867 0.815238 0.0371094 0.0380952 0.834961
0 0.384766 0.798095 0.0351562 0.0342857 0.836914
0 0.971191 0.0733333 0.0419922 0.0590476 0.836914
0 0.703125 0.741905 0.0351562 0.0361905 0.842773
0 0.764648 0.732381 0.0390625 0.04 0.842773
0 0.510254 0.844762 0.0400391 0.0438095 0.852539
0 0.95752 0.88381 0.0341797 0.0609524 0.853516
0 0.500977 0.934286 0.0371094 0.0895238 0.859375
0 0.90625 0.0952381 0.0371094 0.0609524 0.86084
0 0.52002 0.800952 0.0380859 0.04 0.864258
0 0.0742188 0.112381 0.0429688 0.0647619 0.864746
0 0.682617 0.797143 0.0429688 0.0438095 0.872559
0 0.573242 0.898095 0.0429688 0.0590476 0.874512
0 0.563477 0.835238 0.0449219 0.0628571 0.881348
0 0.808105 0.0380952 0.0380859 0.0761905 0.892578
0 0.530762 0.938095 0.0419922 0.0780952 0.895996
