1 0.314453 0.813333 0.105469 0.0685714 0.264648
0 0.628906 0.878095 0.0429688 0.0419048 0.324219
0 0.781738 0.810476 0.0361328 0.04 0.341309
0 0.676758 0.874286 0.0429688 0.0380952 0.384521
0 0.838867 0.839048 0.0332031 0.047619 0.449219
0 0.987305 0.94 0.0253906 0.0590476 0.485107
0 0.181641 0.844762 0.0488281 0.0780952 0.501465
0 0.825684 0.915238 0.0400391 0.0438095 0.532715
0 0.994629 0.219048 0.0107422 0.0457143 0.548828
0 0.981445 0.974286 0.0292969 0.0514286 0.557617
0 0.881836 0.762857 0.0410156 0.047619 0.601562
0 0.810059 0.0352381 0.0380859 0.0704762 0.687988
0 0.919434 0.235238 0.0341797 0.0514286 0.705078
0 0.700195 0.744762 0.0371094 0.0380952 0.73584
0 0.437012 0.820952 0.0283203 0.0342857 0.751953
0 0.933594 0.0285714 0.0410156 0.0571429 0.755859
0 0.746582 0.895238 0.0439453 0.0533333 0.771484
0 0.902344 0.0895238 0.0351562 0.0609524 0.785645
0 0.955566 0.142857 0.0361328 0.0457143 0.793945
0 0.732422 0.800952 0.0429688 0.0438095 0.817871
0 0.958496 0.884762 0.0322266 0.0590476 0.82959
0 0.9375 0.186667 0.046875 0.0609524 0.830078
0 0.665039 0.794286 0.0410156 0.0419048 0.835449
0 0.746094 0.740952 0.0351562 0.0380952 0.839844
0 0.57373 0.898095 0.0439453 0.0590476 0.846191
0 0.500977 0.931429 0.0390625 0.0914286 0.849609
0 0.536621 0.839048 0.0400391 0.04 0.855469
0 0.598633 0.819048 0.0449219 0.0533333 0.857422
0 0.804688 0.735238 0.0390625 0.0380952 0.858398
0 0.0170898 0.142857 0.0341797 0.0533333 0.859375
0 0.868164 0.115238 0.0410156 0.0819048 0.867676
0 0.489746 0.813333 0.0361328 0.0380952 0.868164
0 0.393555 0.8 0.0371094 0.0380952 0.87793
0 0.553223 0.797143 0.0361328 0.04 0.878418
0 0.530273 0.938095 0.0429688 0.0780952 0.880371
