0 0.257812 0.965714 0.0605469 0.0571429 0.250244
0 0.981934 0.975238 0.0302734 0.0495238 0.306885
1 0.341309 0.812381 0.106445 0.0628571 0.351318
0 0.826172 0.915238 0.0390625 0.0438095 0.524902
0 0.98877 0.94381 0.0224609 0.0514286 0.536621
0 0.628906 0.878095 0.0429688 0.0419048 0.54248
0 0.882324 0.762857 0.0419922 0.047619 0.556641
0 0.691895 0.796191 0.0380859 0.0380952 0.605957
0 0.677246 0.874286 0.0419922 0.0380952 0.646973
0 0.477051 0.817143 0.0283203 0.0342857 0.650879
0 0.925781 0.90381 0.0332031 0.0514286 0.713867
0 0.703613 0.744762 0.0361328 0.0380952 0.728027
0 0.990723 0.224762 0.0185547 0.0419048 0.731934
0 0.928711 0.0238095 0.0410156 0.047619 0.749512
0 0.83252 0.838095 0.0341797 0.0457143 0.773438
0 0.523926 0.815238 0.0361328 0.0380952 0.79248
0 0.870605 0.0285714 0.0341797 0.0571429 0.813477
0 0.304688 0.757143 0.0449219 0.047619 0.817871
0 0.891113 0.208571 0.0439453 0.0666667 0.82373
0 0.57373 0.89619 0.0419922 0.0590476 0.831543
0 0.761719 0.740952 0.0351562 0.0380952 0.833496
0 0.118652 0.0333333 0.0439453 0.0666667 0.836914
0 0.581543 0.83619 0.0400391 0.0380952 0.840332
0 0.959473 0.884762 0.0322266 0.0590476 0.841797
0 0.428223 0.801905 0.0380859 0.0380952 0.84668
0 0.753906 0.802857 0.0429688 0.047619 0.855469
0 0.505371 0.922857 0.0380859 0.0895238 0.855957
0 0.950195 0.165714 0.0410156 0.0419048 0.865723
0 0.633789 0.804762 0.0429688 0.047619 0.875488
0 0.898438 0.144762 0.0429688 0.0647619 0.878418
0 0.530273 0.937143 0.0429688 0.0761905 0.881348
0 0.578125 0.794286 0.0371094 0.0380952 0.882324
0 0.175293 0.04 0.0439453 0.0761905 0.886719
0 0.811523 0.737143 0.0410156 0.0419048 0.894043
0 0.84375 0.0466667 0.0410156 0.0895238 0.90625
0 0.148926 0.895238 0.0400391 0.0685714 0.912109
