0 0.86084 0.853333 0.0341797 0.0533333 0.343018
0 0.786133 0.814286 0.0410156 0.0438095 0.357422
0 0.993652 0.128571 0.0126953 0.0552381 0.43335
0 0.676758 0.875238 0.0410156 0.0361905 0.490479
0 0.987305 0.94381 0.0253906 0.0552381 0.536133
0 0.628418 0.878095 0.0439453 0.0419048 0.55957
0 0.825684 0.916191 0.0419922 0.0457143 0.567383
0 0.445312 0.82 0.0273438 0.032381 0.683594
0 0.736816 0.8 0.0439453 0.0457143 0.748535
0 0.881836 0.76381 0.0410156 0.0495238 0.75
0 0.930664 0.0257143 0.0390625 0.0514286 0.784668
0 0.986816 0.277143 0.0263672 0.04 0.788086
0 0.674316 0.795238 0.0400391 0.04 0.809082
0 0.751465 0.740952 0.0361328 0.0380952 0.818848
0 0.751465 0.898095 0.0419922 0.047619 0.819336
0 0.958496 0.884762 0.0322266 0.0590476 0.838379
0 0.882324 0.193333 0.0341797 0.0552381 0.841309
0 0.882812 0.0561905 0.0351562 0.0666667 0.842773
0 0.931152 0.121905 0.0361328 0.0533333 0.847656
0 0.808594 0.73619 0.0410156 0.04 0.852539
0 0.57373 0.898095 0.0419922 0.0590476 0.853516
0 0.501953 0.930476 0.0390625 0.0895238 0.860352
0 0.980469 0.211429 0.0390625 0.0419048 0.86377
0 0.560059 0.796191 0.0361328 0.0380952 0.866211
0 0.499512 0.813333 0.0361328 0.0342857 0.867676
0 0.546387 0.838095 0.0400391 0.0380952 0.869141
0 0.401855 0.800952 0.0361328 0.0361905 0.872559
0 0.609375 0.814286 0.0429688 0.0514286 0.874512
0 0.53125 0.937143 0.0429688 0.0761905 0.878418
0 0.841797 0.0438095 0.0390625 0.0876191 0.891113
0 0.911133 0.161905 0.046875 0.0685714 0.899414
