1 0.33252 0.812381 0.104492 0.0666667 0.293945
0 0.82666 0.917143 0.0400391 0.0438095 0.298828
0 0.185547 0.0342857 0.0449219 0.0685714 0.411621
1 0.0893555 0.154286 0.102539 0.133333 0.420654
0 0.811035 0.828571 0.0322266 0.0380952 0.427979
0 0.987793 0.944762 0.0244141 0.0533333 0.464111
0 0.97168 0.113333 0.0566406 0.0628571 0.489014
0 0.467773 0.818095 0.0292969 0.0361905 0.590332
0 0.628418 0.877143 0.0439453 0.04 0.606445
0 0.684082 0.793333 0.0380859 0.04 0.606934
0 0.761719 0.900952 0.0429688 0.0457143 0.64209
0 0.677246 0.875238 0.0419922 0.04 0.696777
0 0.263184 0.772381 0.0498047 0.0628571 0.741211
0 0.74707 0.802857 0.0429688 0.0438095 0.756836
0 0.705078 0.74381 0.0351562 0.04 0.782715
0 0.881836 0.761905 0.0410156 0.0495238 0.78418
0 0.929199 0.0247619 0.0419922 0.0495238 0.797852
0 0.974121 0.175238 0.0400391 0.0380952 0.82959
0 0.758301 0.741905 0.0361328 0.0361905 0.830078
0 0.958496 0.884762 0.0322266 0.0590476 0.830566
0 0.571289 0.835238 0.0410156 0.0361905 0.841309
0 0.574219 0.897143 0.0429688 0.0571429 0.842285
0 0.417969 0.802857 0.0371094 0.0361905 0.84668
0 0.515625 0.814286 0.0351562 0.0361905 0.851562
0 0.924805 0.244762 0.0449219 0.0590476 0.851562
0 0.115723 0.937143 0.0380859 0.0685714 0.86084
0 0.572266 0.795238 0.0371094 0.0361905 0.868652
0 0.504395 0.925714 0.0380859 0.0876191 0.87793
0 0.627441 0.806667 0.0419922 0.0438095 0.879395
0 0.888184 0.0590476 0.0361328 0.0685714 0.882812
0 0.811523 0.737143 0.0390625 0.0419048 0.88623
0 0.530273 0.938095 0.0429688 0.0780952 0.890625
0 0.818359 0.0638095 0.03125 0.0666667 0.894043
0 0.924316 0.174286 0.0419922 0.0552381 0.896973
0 0.862793 0.0885714 0.0439453 0.0857143 0.899414
