0 0.47998 0.975238 0.0205078 0.0419048 0.290771
0 0.981934 0.969524 0.0341797 0.0609524 0.295654
0 0.628906 0.878095 0.0429688 0.0380952 0.306885
0 0.0214844 0.129524 0.0371094 0.0457143 0.45459
0 0.676758 0.875238 0.0410156 0.0361905 0.506348
0 0.70752 0.839048 0.0419922 0.0438095 0.549316
0 0.880859 0.762857 0.0390625 0.047619 0.584473
0 0.74707 0.8 0.0410156 0.0457143 0.588379
0 0.930664 0.0247619 0.0371094 0.0495238 0.697266
0 0.179199 0.0266667 0.0419922 0.0533333 0.716309
0 0.993164 0.171429 0.0136719 0.0495238 0.718262
0 0.57373 0.897143 0.0419922 0.0571429 0.780762
0 0.712891 0.744762 0.0351562 0.0419048 0.822266
0 0.45166 0.80381 0.0361328 0.0342857 0.830566
0 0.763672 0.740952 0.0351562 0.0380952 0.835449
0 0.67041 0.800952 0.0439453 0.0438095 0.851562
0 0.844727 0.84381 0.046875 0.0571429 0.858398
0 0.60791 0.793333 0.0361328 0.0361905 0.860352
0 0.207031 0.834286 0.0390625 0.0533333 0.865723
0 0.0966797 0.0885714 0.0449219 0.0628571 0.868652
0 0.500977 0.750476 0.0449219 0.0419048 0.872559
0 0.51123 0.909524 0.0400391 0.0895238 0.875977
0 0.530273 0.938095 0.0429688 0.0780952 0.884277
0 0.811035 0.737143 0.0400391 0.0419048 0.889648
0 0.557129 0.82381 0.0361328 0.04 0.890137
0 0.852539 0.052381 0.0390625 0.0742857 0.896484
0 0.958008 0.0895238 0.046875 0.0609524 0.897461
0 0.27002 0.820952 0.0380859 0.0419048 0.898438
0 0.949707 0.189524 0.0419922 0.0552381 0.899902
0 0.88916 0.130476 0.0419922 0.0742857 0.905762
0 0.914551 0.1 0.0419922 0.0704762 0.90625
