0 0.918945 0.929524 0.0371094 0.0685714 0.323975
0 0.0327148 0.0838095 0.0439453 0.0495238 0.4021
0 0.677246 0.874286 0.0400391 0.0380952 0.465332
0 0.134277 0.0695238 0.0439453 0.0552381 0.486084
0 0.496582 0.81619 0.0283203 0.0361905 0.48999
0 0.990723 0.114286 0.0185547 0.0533333 0.514648
1 0.362305 0.809524 0.0996094 0.0609524 0.583984
0 0.628906 0.88 0.0410156 0.0380952 0.630371
0 0.145508 0.884762 0.0410156 0.0666667 0.678711
0 0.991211 0.215238 0.0175781 0.0457143 0.695312
0 0.882324 0.762857 0.0419922 0.0514286 0.725098
0 0.633301 0.840952 0.0400391 0.0361905 0.727539
0 0.70752 0.745714 0.0361328 0.0438095 0.76709
0 0.722656 0.796191 0.0390625 0.0457143 0.782715
0 0.930664 0.0238095 0.0371094 0.047619 0.783691
0 0.967285 0.898095 0.0322266 0.0590476 0.791504
0 0.955078 0.94 0.03125 0.0552381 0.795898
0 0.76416 0.740952 0.0361328 0.0380952 0.820801
0 0.574219 0.897143 0.0429688 0.0609524 0.845215
0 0.810059 0.0419048 0.0380859 0.0838095 0.855469
0 0.541504 0.82 0.0361328 0.04 0.863281
0 0.595215 0.794286 0.0361328 0.0342857 0.864746
0 0.797852 0.819048 0.046875 0.0533333 0.875977
0 0.428711 0.752381 0.0449219 0.0419048 0.87793
0 0.505859 0.92 0.0390625 0.0876191 0.879395
0 0.647949 0.80381 0.0439453 0.0457143 0.881836
0 0.885254 0.107619 0.0419922 0.0704762 0.881836
0 0.530762 0.938095 0.0419922 0.0780952 0.885254
0 0.446777 0.804762 0.0380859 0.0361905 0.88916
0 0.964355 0.147619 0.0419922 0.0552381 0.891602
0 0.811523 0.737143 0.0410156 0.0419048 0.893066
0 0.22998 0.831429 0.0380859 0.047619 0.899414
0 0.928223 0.180952 0.0439453 0.0647619 0.904785
0 0.842773 0.0409524 0.0371094 0.0780952 0.911133
