0 0.938477 0.96 0.0292969 0.0571429 0.256592
0 0.163086 0.866667 0.0410156 0.0685714 0.313721
0 0.257812 0.967619 0.0566406 0.0571429 0.339111
0 0.0258789 0.130476 0.0419922 0.047619 0.380859
0 0.498535 0.814286 0.0283203 0.0361905 0.505371
0 0.628906 0.88 0.0410156 0.0380952 0.566406
0 0.802246 0.0247619 0.0283203 0.0495238 0.579102
0 0.959961 0.945714 0.0292969 0.0552381 0.62207
0 0.0195312 0.0895238 0.0390625 0.0495238 0.631836
0 0.931152 0.0238095 0.0361328 0.047619 0.685547
0 0.728027 0.798095 0.0419922 0.0457143 0.713867
0 0.677246 0.87619 0.0400391 0.0380952 0.71875
0 0.707031 0.744762 0.0390625 0.0457143 0.724609
0 0.985352 0.110476 0.0292969 0.0495238 0.727539
0 0.647949 0.841905 0.0400391 0.0380952 0.731934
0 0.881836 0.762857 0.0410156 0.0514286 0.77002
0 0.80957 0.824762 0.0449219 0.0533333 0.803223
0 0.763672 0.740952 0.0371094 0.0380952 0.817383
0 0.837402 0.0304762 0.0341797 0.0609524 0.828613
0 0.124023 0.0733333 0.0449219 0.0590476 0.829102
0 0.984375 0.209524 0.03125 0.0457143 0.853516
0 0.44873 0.80381 0.0380859 0.0380952 0.854492
0 0.597168 0.794286 0.0361328 0.0342857 0.859863
0 0.876465 0.0942857 0.0400391 0.0704762 0.862793
0 0.241699 0.827619 0.0380859 0.047619 0.864746
0 0.651855 0.802857 0.0439453 0.0438095 0.874512
0 0.574219 0.897143 0.0429688 0.0609524 0.881348
0 0.544434 0.820952 0.0361328 0.0419048 0.882324
0 0.97168 0.906667 0.0332031 0.0609524 0.884277
0 0.448242 0.751429 0.0449219 0.04 0.88623
0 0.507324 0.918095 0.0400391 0.0876191 0.889648
0 0.530273 0.938095 0.0429688 0.0780952 0.891113
0 0.917969 0.170476 0.0429688 0.0666667 0.89209
0 0.811035 0.737143 0.0400391 0.0419048 0.895508
0 0.952637 0.137143 0.0419922 0.0609524 0.923828
