0 0.914062 0.0314286 0.0429688 0.0628571 0.277832
0 0.499023 0.815238 0.0292969 0.0342857 0.406738
0 0.0146484 0.0904762 0.0292969 0.0552381 0.553223
0 0.834473 0.0219048 0.0263672 0.0438095 0.575195
0 0.0209961 0.130476 0.0361328 0.047619 0.628418
0 0.628906 0.879048 0.0429688 0.04 0.667969
0 0.941406 0.964762 0.046875 0.0704762 0.688965
0 0.930176 0.0247619 0.0361328 0.0495238 0.695312
0 0.677246 0.875238 0.0400391 0.0361905 0.736816
0 0.709961 0.744762 0.0371094 0.0419048 0.741699
0 0.881836 0.76381 0.0410156 0.0495238 0.742676
0 0.666016 0.84 0.0390625 0.0380952 0.744141
0 0.96582 0.957143 0.03125 0.0590476 0.760254
0 0.177246 0.856191 0.0419922 0.0704762 0.82373
0 0.978027 0.104762 0.0419922 0.0533333 0.837402
0 0.820312 0.829524 0.046875 0.0552381 0.845215
0 0.449707 0.802857 0.0380859 0.0361905 0.847656
0 0.57373 0.898095 0.0419922 0.0590476 0.848633
0 0.763184 0.741905 0.0361328 0.0361905 0.849121
0 0.600586 0.793333 0.0371094 0.0361905 0.854492
0 0.980469 0.92 0.0351562 0.0647619 0.864746
0 0.658691 0.802857 0.0419922 0.0438095 0.865723
0 0.547852 0.821905 0.0371094 0.04 0.866211
0 0.11377 0.08 0.0439453 0.0571429 0.875
0 0.251953 0.824762 0.0390625 0.0457143 0.87793
0 0.507812 0.916191 0.0390625 0.0876191 0.878418
0 0.53125 0.938095 0.0429688 0.0780952 0.884277
0 0.466309 0.751429 0.0458984 0.0438095 0.884766
0 0.867188 0.0809524 0.0410156 0.0742857 0.890137
0 0.907715 0.158095 0.0419922 0.0685714 0.89502
0 0.811035 0.737143 0.0400391 0.0419048 0.896973
0 0.975098 0.204762 0.0419922 0.047619 0.899902
0 0.938965 0.127619 0.0419922 0.0647619 0.906738
