0 0.98584 0.125714 0.0283203 0.0457143 0.263184
0 0.628906 0.877143 0.0429688 0.04 0.28418
0 0.481445 0.81619 0.0292969 0.032381 0.453125
0 0.981934 0.975238 0.0302734 0.0495238 0.48584
0 0.881348 0.76381 0.0419922 0.0495238 0.546387
0 0.987793 0.944762 0.0244141 0.0609524 0.597656
0 0.677734 0.87619 0.0410156 0.0380952 0.609863
0 0.826172 0.915238 0.0390625 0.0438095 0.727539
0 0.928711 0.0238095 0.0410156 0.047619 0.731934
0 0.847656 0.847619 0.0332031 0.0495238 0.745605
0 0.705566 0.746667 0.0341797 0.0380952 0.762207
0 0.695312 0.794286 0.0410156 0.0419048 0.78125
0 0.169434 0.047619 0.0439453 0.072381 0.790039
0 0.102539 0.0447619 0.0429688 0.0628571 0.8125
0 0.9375 0.159048 0.0429688 0.047619 0.814941
0 0.57373 0.897143 0.0419922 0.0571429 0.822754
0 0.875 0.186667 0.0429688 0.072381 0.825195
0 0.432129 0.802857 0.0380859 0.0361905 0.833984
0 0.983887 0.22 0.0322266 0.04 0.84082
0 0.932129 0.910476 0.0361328 0.0609524 0.849121
0 0.763184 0.741905 0.0341797 0.0361905 0.852051
0 0.528809 0.81619 0.0361328 0.0361905 0.85498
0 0.505859 0.921905 0.0390625 0.0876191 0.856445
0 0.835938 0.0342857 0.0410156 0.0685714 0.857422
0 0.958496 0.884762 0.0322266 0.0590476 0.859863
0 0.759277 0.804762 0.0439453 0.047619 0.860352
0 0.326172 0.753333 0.0449219 0.0438095 0.867676
0 0.164551 0.877143 0.0400391 0.0666667 0.873535
0 0.636719 0.804762 0.0429688 0.047619 0.875
0 0.586426 0.835238 0.0400391 0.0361905 0.878418
0 0.530273 0.938095 0.0429688 0.0780952 0.885742
0 0.811523 0.737143 0.0410156 0.0419048 0.889648
0 0.581055 0.795238 0.0371094 0.0361905 0.890137
0 0.886719 0.126667 0.0390625 0.0666667 0.900879
