1 0.38623 0.808571 0.104492 0.0552381 0.266357
0 0.194824 0.0247619 0.0380859 0.0495238 0.298584
0 0.106445 0.970476 0.0488281 0.0590476 0.373047
0 0.834961 0.0295238 0.0390625 0.0590476 0.590332
0 0.108887 0.0228571 0.0400391 0.0457143 0.608887
0 0.0219727 0.131429 0.0400391 0.0457143 0.645508
0 0.245117 0.822857 0.0390625 0.0457143 0.730469
0 0.677246 0.874286 0.0419922 0.0380952 0.768066
0 0.950684 0.0952381 0.0380859 0.0457143 0.778809
0 0.483887 0.954286 0.0244141 0.0914286 0.782227
0 0.928223 0.0247619 0.0419922 0.0495238 0.783691
0 0.628906 0.88 0.0429688 0.0380952 0.787598
0 0.88623 0.76381 0.0419922 0.0533333 0.791992
0 0.817871 0.822857 0.0439453 0.0533333 0.797852
0 0.986816 0.169524 0.0263672 0.0495238 0.821777
0 0.630859 0.830476 0.0351562 0.0342857 0.836914
0 0.873535 0.904762 0.0419922 0.0571429 0.837402
0 0.716797 0.745714 0.0351562 0.04 0.84375
0 0.764648 0.741905 0.0371094 0.04 0.852051
0 0.57373 0.897143 0.0439453 0.0609524 0.867676
0 0.666016 0.793333 0.0371094 0.04 0.868652
0 0.293457 0.819048 0.0361328 0.0380952 0.871094
0 0.722656 0.8 0.0410156 0.0457143 0.871582
0 0.600098 0.752381 0.0439453 0.0419048 0.873535
0 0.825195 0.74 0.0390625 0.04 0.874512
0 0.916504 0.107619 0.0478516 0.0780952 0.874512
0 0.473633 0.802857 0.0371094 0.0361905 0.875977
0 0.958008 0.949524 0.0449219 0.0742857 0.87793
0 0.0654297 0.110476 0.0429688 0.0571429 0.879883
0 0.527344 0.884762 0.0429688 0.0780952 0.881836
0 0.530762 0.937143 0.0439453 0.0761905 0.889648
0 0.960938 0.201905 0.0371094 0.0457143 0.898438
0 0.121582 0.0695238 0.0439453 0.0590476 0.918945
0 0.871582 0.0961905 0.0419922 0.0780952 0.92334
