0 0.114746 0.0171429 0.0380859 0.0342857 0.313721
0 0.357422 0.810476 0.046875 0.047619 0.362549
0 0.82666 0.918095 0.0400391 0.0419048 0.419922
0 0.244141 0.821905 0.0390625 0.047619 0.429443
0 0.894531 0.0209524 0.0332031 0.0419048 0.445312
0 0.0209961 0.129524 0.0380859 0.0457143 0.571289
0 0.677734 0.875238 0.0410156 0.0361905 0.591797
0 0.482422 0.96 0.0234375 0.0761905 0.612793
0 0.790039 0.807619 0.0585938 0.0647619 0.638184
0 0.928711 0.0247619 0.0390625 0.0495238 0.713379
0 0.628906 0.88 0.0429688 0.0380952 0.747559
0 0.832031 0.878095 0.0410156 0.0457143 0.797852
0 0.763184 0.74 0.0361328 0.04 0.813477
0 0.716797 0.745714 0.0351562 0.04 0.81543
0 0.706055 0.8 0.0410156 0.0380952 0.818359
0 0.966309 0.10381 0.0380859 0.047619 0.833496
0 0.884766 0.76381 0.0390625 0.0457143 0.842285
0 0.57373 0.898095 0.0439453 0.0590476 0.853516
0 0.464355 0.80381 0.0361328 0.0380952 0.853516
0 0.605469 0.829524 0.0351562 0.0361905 0.855469
0 0.818359 0.738095 0.0390625 0.04 0.858887
0 0.98291 0.212381 0.0341797 0.0438095 0.86084
0 0.0668945 0.108571 0.0419922 0.0571429 0.86084
0 0.651367 0.792381 0.0371094 0.0380952 0.866211
0 0.520508 0.892381 0.0429688 0.0819048 0.870117
0 0.291504 0.819048 0.0361328 0.0380952 0.87207
0 0.583496 0.751429 0.0458984 0.0438095 0.87207
0 0.9375 0.130476 0.0488281 0.0704762 0.878418
0 0.929688 0.915238 0.0429688 0.0666667 0.887207
0 0.530762 0.937143 0.0439453 0.0761905 0.893555
0 0.888184 0.124762 0.0419922 0.0742857 0.899902
0 0.132812 0.0619048 0.0429688 0.0590476 0.909668
0 0.84668 0.0485714 0.0410156 0.0819048 0.918457
