1 0.384766 0.808571 0.105469 0.0552381 0.36377
0 0.111816 0.02 0.0400391 0.04 0.503418
0 0.993652 0.174286 0.0126953 0.047619 0.611328
0 0.0214844 0.130476 0.0371094 0.0438095 0.663086
0 0.482422 0.957143 0.0234375 0.0857143 0.671875
0 0.244629 0.820952 0.0380859 0.0457143 0.680176
0 0.802734 0.815238 0.0546875 0.0609524 0.687012
0 0.884277 0.76381 0.0400391 0.0495238 0.760742
0 0.958496 0.0990476 0.0361328 0.0457143 0.76709
0 0.852051 0.887619 0.0419922 0.0533333 0.782227
0 0.62793 0.88 0.0429688 0.0380952 0.791016
0 0.929688 0.0247619 0.0390625 0.0495238 0.791504
0 0.677246 0.87619 0.0419922 0.0380952 0.793945
0 0.972656 0.206667 0.0390625 0.0438095 0.818359
0 0.763672 0.740952 0.0371094 0.0380952 0.831055
0 0.716309 0.745714 0.0361328 0.04 0.835449
0 0.617188 0.830476 0.0351562 0.0342857 0.836914
0 0.713867 0.8 0.0410156 0.0419048 0.853516
0 0.469238 0.802857 0.0361328 0.0361905 0.855469
0 0.57373 0.898095 0.0439453 0.0628571 0.861816
0 0.292969 0.819048 0.0351562 0.0380952 0.870117
0 0.523438 0.888571 0.0429688 0.0819048 0.871094
0 0.657715 0.793333 0.0361328 0.0361905 0.875977
0 0.0664062 0.110476 0.0429688 0.0571429 0.877441
0 0.821777 0.739048 0.0400391 0.0419048 0.881348
0 0.926758 0.119048 0.0488281 0.0742857 0.883789
0 0.592285 0.750476 0.0439453 0.0457143 0.884277
0 0.942871 0.931429 0.0458984 0.072381 0.88916
0 0.530762 0.937143 0.0439453 0.0761905 0.896973
0 0.126465 0.0657143 0.0439453 0.0628571 0.901367
0 0.841309 0.0380952 0.0400391 0.0761905 0.90332
0 0.879395 0.110476 0.0419922 0.0761905 0.905273
