0 0.242676 0.822857 0.0400391 0.0457143 0.290771
0 0.677246 0.875238 0.0400391 0.0361905 0.363281
0 0.628418 0.879048 0.0419922 0.0361905 0.398926
0 0.0234375 0.131429 0.0429688 0.0457143 0.478271
0 0.825684 0.917143 0.0400391 0.0438095 0.513184
0 0.481934 0.964762 0.0205078 0.0704762 0.619629
0 0.786621 0.809524 0.0478516 0.0609524 0.714844
0 0.929688 0.0247619 0.0371094 0.0495238 0.729004
0 0.901855 0.0304762 0.0419922 0.0609524 0.773926
0 0.987793 0.21619 0.0244141 0.04 0.777832
0 0.71582 0.746667 0.0351562 0.0380952 0.778809
0 0.882812 0.762857 0.0390625 0.047619 0.800781
0 0.914551 0.901905 0.0439453 0.0628571 0.814941
0 0.809082 0.868571 0.0419922 0.0495238 0.816895
0 0.762695 0.740952 0.0371094 0.0380952 0.819336
0 0.0683594 0.109524 0.0429688 0.0590476 0.819336
0 0.975586 0.108571 0.0390625 0.0457143 0.825684
0 0.593262 0.829524 0.0341797 0.0361905 0.843262
0 0.699219 0.800952 0.0429688 0.0438095 0.848633
0 0.816406 0.738095 0.0390625 0.04 0.858887
0 0.289551 0.819048 0.0361328 0.0380952 0.861816
0 0.644043 0.793333 0.0361328 0.0361905 0.874023
0 0.57373 0.898095 0.0439453 0.0590476 0.876953
0 0.459473 0.80381 0.0380859 0.0380952 0.885254
0 0.517578 0.897143 0.0410156 0.0838095 0.885742
0 0.573242 0.751429 0.0449219 0.04 0.888184
0 0.947754 0.14 0.0478516 0.0666667 0.889648
0 0.13916 0.0561905 0.0439453 0.0590476 0.900391
0 0.897949 0.139048 0.0419922 0.0685714 0.90332
0 0.853027 0.0628571 0.0419922 0.08 0.904297
0 0.530273 0.937143 0.0429688 0.0761905 0.905273
