1 0.395996 0.806667 0.100586 0.0552381 0.420166
0 0.0214844 0.129524 0.0390625 0.0457143 0.429443
0 0.103516 0.0266667 0.0410156 0.0533333 0.631348
0 0.628906 0.879048 0.0429688 0.04 0.649414
0 0.927246 0.0247619 0.0419922 0.0495238 0.693848
0 0.48584 0.940952 0.0322266 0.0990476 0.76709
0 0.717285 0.745714 0.0341797 0.04 0.803223
0 0.677246 0.87619 0.0400391 0.0380952 0.805176
0 0.938477 0.0857143 0.0371094 0.0495238 0.808594
0 0.246094 0.82 0.0390625 0.047619 0.825195
0 0.739746 0.800952 0.0419922 0.047619 0.829102
0 0.658691 0.832381 0.0361328 0.0342857 0.82959
0 0.972656 0.257143 0.0429688 0.0495238 0.82959
0 0.831055 0.741905 0.0371094 0.04 0.840332
0 0.530273 0.935238 0.0449219 0.08 0.845215
0 0.893555 0.767619 0.0410156 0.0533333 0.845703
0 0.76709 0.741905 0.0361328 0.0361905 0.848145
0 0.481445 0.802857 0.0371094 0.0361905 0.853516
0 0.57373 0.897143 0.0439453 0.0609524 0.854492
0 0.836914 0.829524 0.046875 0.0590476 0.857422
0 0.61377 0.751429 0.0458984 0.0438095 0.86084
0 0.974121 0.16 0.0458984 0.0533333 0.867676
0 0.680664 0.794286 0.0371094 0.0380952 0.868164
0 0.18457 0.0342857 0.0410156 0.0685714 0.879395
0 0.29541 0.819048 0.0361328 0.0380952 0.881836
0 0.0654297 0.110476 0.0429688 0.0571429 0.883301
0 0.132812 0.950476 0.0429688 0.0647619 0.886719
0 0.93457 0.186667 0.0390625 0.0495238 0.890625
0 0.535156 0.873333 0.0449219 0.0742857 0.898438
0 0.857422 0.0628571 0.0390625 0.08 0.899902
0 0.117188 0.0714286 0.0449219 0.0590476 0.906738
0 0.898438 0.08 0.0488281 0.0838095 0.921387
