1 0.0830078 0.158095 0.0996094 0.121905 0.305664
0 0.772949 0.78 0.0341797 0.04 0.435547
0 0.480469 0.972381 0.0195312 0.047619 0.440674
0 0.0224609 0.129524 0.0410156 0.0457143 0.497559
0 0.509766 0.812381 0.0273438 0.032381 0.499756
0 0.677246 0.873333 0.0419922 0.04 0.641602
0 0.628906 0.879048 0.0429688 0.0361905 0.692871
0 0.928223 0.0238095 0.0419922 0.047619 0.697266
0 0.77002 0.808571 0.0400391 0.0438095 0.782227
0 0.76709 0.856191 0.0400391 0.0438095 0.787598
0 0.98877 0.117143 0.0224609 0.0438095 0.797852
0 0.763672 0.741905 0.0351562 0.0361905 0.813965
0 0.882812 0.76381 0.0390625 0.0495238 0.836426
0 0.714355 0.744762 0.0361328 0.0380952 0.84082
0 0.45459 0.80381 0.0361328 0.0342857 0.84668
0 0.57373 0.898095 0.0439453 0.0590476 0.857422
0 0.574707 0.828571 0.0361328 0.0380952 0.861816
0 0.234863 0.824762 0.0400391 0.0495238 0.864746
0 0.631348 0.793333 0.0361328 0.0361905 0.865723
0 0.0761719 0.10381 0.0449219 0.0628571 0.868164
0 0.687012 0.801905 0.0419922 0.0419048 0.870117
0 0.284668 0.82 0.0361328 0.04 0.872559
0 0.514648 0.90381 0.0410156 0.0857143 0.874512
0 0.885742 0.873333 0.046875 0.0590476 0.883789
0 0.972168 0.15619 0.0498047 0.0609524 0.883789
0 0.547852 0.751429 0.0449219 0.04 0.88916
0 0.812988 0.737143 0.0400391 0.0419048 0.889648
0 0.918457 0.162857 0.0439453 0.0628571 0.891602
0 0.530273 0.937143 0.0429688 0.0761905 0.89502
0 0.866699 0.0885714 0.0419922 0.0780952 0.898438
0 0.923828 0.0533333 0.046875 0.072381 0.903809
0 0.881348 0.047619 0.0419922 0.08 0.905273
0 0.15625 0.0447619 0.0449219 0.0666667 0.931641
