0 0.502441 0.814286 0.0302734 0.0361905 0.284424
0 0.480469 0.975238 0.0195312 0.0419048 0.293945
0 0.747559 0.77619 0.0361328 0.032381 0.300781
0 0.880371 0.81619 0.0537109 0.0666667 0.320801
1 0.0795898 0.157143 0.104492 0.12 0.336182
0 0.677246 0.874286 0.0419922 0.0380952 0.543945
0 0.753906 0.805714 0.0390625 0.0380952 0.584961
0 0.928711 0.0257143 0.0390625 0.0514286 0.614746
0 0.0229492 0.130476 0.0400391 0.0438095 0.636719
0 0.628906 0.878095 0.0429688 0.0380952 0.67627
0 0.85791 0.854286 0.0439453 0.0552381 0.797852
0 0.881836 0.76381 0.0410156 0.0495238 0.814941
0 0.763672 0.741905 0.0351562 0.0361905 0.830078
0 0.713379 0.746667 0.0361328 0.0380952 0.834473
0 0.219238 0.829524 0.0380859 0.0514286 0.842285
0 0.57373 0.897143 0.0419922 0.0571429 0.850586
0 0.0893555 0.0933333 0.0439453 0.0609524 0.852539
0 0.615234 0.793333 0.0371094 0.0361905 0.855957
0 0.986816 0.165714 0.0263672 0.0495238 0.856445
0 0.674316 0.801905 0.0419922 0.0419048 0.865723
0 0.453125 0.804762 0.0351562 0.0361905 0.865723
0 0.518066 0.750476 0.0439453 0.0419048 0.873535
0 0.84375 0.0380952 0.0390625 0.0761905 0.874512
0 0.561523 0.825714 0.0371094 0.04 0.878418
0 0.276367 0.820952 0.0371094 0.0419048 0.879395
0 0.512695 0.907619 0.0390625 0.0857143 0.881836
0 0.811035 0.73619 0.0400391 0.04 0.888672
0 0.938965 0.181905 0.0419922 0.0590476 0.890625
0 0.530273 0.937143 0.0429688 0.0761905 0.891113
0 0.172852 0.0304762 0.0429688 0.0609524 0.892578
0 0.947754 0.08 0.0458984 0.0647619 0.901367
0 0.902832 0.0847619 0.0419922 0.0704762 0.902832
0 0.882324 0.117143 0.0419922 0.0780952 0.907715
