1 0.987305 0.132381 0.0234375 0.0552381 0.334717
0 0.628418 0.879048 0.0439453 0.04 0.365723
0 0.987305 0.132381 0.0253906 0.0552381 0.437012
0 0.61084 0.804762 0.0302734 0.032381 0.466309
0 0.869141 0.0342857 0.046875 0.0685714 0.561035
0 0.677246 0.875238 0.0400391 0.0361905 0.572754
0 0.270508 0.794286 0.0390625 0.0533333 0.652832
0 0.928223 0.0247619 0.0400391 0.0495238 0.693848
0 0.720703 0.748571 0.0332031 0.0380952 0.731934
0 0.101562 0.0333333 0.0429688 0.0666667 0.76416
1 0.413086 0.808571 0.103516 0.0628571 0.780762
0 0.925293 0.795238 0.0439453 0.0704762 0.788086
0 0.773926 0.741905 0.0361328 0.04 0.795898
0 0.879883 0.856191 0.0410156 0.0552381 0.797852
0 0.907715 0.0561905 0.0361328 0.0552381 0.800293
0 0.172852 0.909524 0.0449219 0.0704762 0.815918
0 0.978027 0.220952 0.0400391 0.0457143 0.831055
0 0.298828 0.82 0.0351562 0.0361905 0.836426
0 0.936035 0.133333 0.0458984 0.0609524 0.848633
0 0.628418 0.750476 0.0439453 0.0419048 0.854492
0 0.065918 0.111429 0.0419922 0.0590476 0.857422
0 0.720703 0.838095 0.0351562 0.0380952 0.861328
0 0.492676 0.916191 0.0400391 0.102857 0.86377
0 0.499023 0.801905 0.0371094 0.0342857 0.86377
0 0.77832 0.80381 0.0410156 0.0457143 0.867188
0 0.573242 0.898095 0.0449219 0.0628571 0.869141
0 0.719727 0.794286 0.0371094 0.0380952 0.871582
0 0.529297 0.937143 0.0429688 0.0761905 0.875977
0 0.112793 0.0752381 0.0439453 0.0590476 0.875977
0 0.880859 0.127619 0.0390625 0.0685714 0.878418
0 0.856934 0.152381 0.0419922 0.08 0.881348
0 0.557129 0.851429 0.0458984 0.0685714 0.881836
0 0.17041 0.052381 0.0419922 0.0742857 0.893555
0 0.854492 0.752381 0.0410156 0.0495238 0.92041
