0 0.628906 0.878095 0.0429688 0.0419048 0.3396
1 0.974609 0.865714 0.046875 0.0895238 0.416992
1 0.0566406 0.175238 0.105469 0.110476 0.432129
0 0.975586 0.866667 0.0449219 0.0876191 0.434082
0 0.817871 0.0180952 0.0283203 0.0361905 0.491943
0 0.676758 0.874286 0.0410156 0.0380952 0.582031
0 0.964844 0.175238 0.0507812 0.0495238 0.652344
0 0.750488 0.745714 0.0361328 0.04 0.71875
1 0.441895 0.807619 0.104492 0.0609524 0.742676
1 0.963867 0.113333 0.0722656 0.0780952 0.782227
0 0.928223 0.0247619 0.0400391 0.0495238 0.786133
0 0.841797 0.820952 0.046875 0.0571429 0.786621
0 0.102051 0.032381 0.0419922 0.0647619 0.79834
0 0.784668 0.799048 0.0400391 0.0438095 0.813965
0 0.222168 0.874286 0.0478516 0.0571429 0.822266
0 0.825195 0.752381 0.0371094 0.0419048 0.838867
0 0.384766 0.748571 0.0390625 0.0380952 0.848633
0 0.0410156 0.120952 0.0429688 0.0514286 0.853516
0 0.80957 0.859048 0.0390625 0.0495238 0.866211
0 0.537598 0.801905 0.0361328 0.0342857 0.866699
0 0.977051 0.258095 0.0419922 0.047619 0.868164
0 0.901367 0.16 0.0410156 0.0647619 0.870117
0 0.331055 0.817143 0.0351562 0.0380952 0.870605
0 0.945801 0.924762 0.0439453 0.0704762 0.872559
0 0.504395 0.893333 0.0458984 0.0914286 0.881348
0 0.60498 0.818095 0.0458984 0.0552381 0.881348
0 0.57373 0.898095 0.0419922 0.0590476 0.882812
0 0.64502 0.750476 0.0458984 0.0457143 0.883789
0 0.112305 0.0752381 0.0429688 0.0590476 0.884277
0 0.153809 0.0761905 0.0439453 0.072381 0.894043
0 0.889648 0.0752381 0.0449219 0.0780952 0.897949
0 0.530273 0.937143 0.0429688 0.0761905 0.902832
0 0.915527 0.798095 0.0419922 0.0647619 0.913086
