0 0.200195 0.891429 0.0449219 0.0685714 0.273438
1 0.981445 0.181905 0.0371094 0.0552381 0.427002
0 0.82666 0.917143 0.0400391 0.0438095 0.4646
0 0.628906 0.878095 0.0429688 0.0419048 0.504395
1 0.0698242 0.167619 0.106445 0.114286 0.511719
0 0.677246 0.875238 0.0419922 0.04 0.544434
0 0.689453 0.738095 0.0351562 0.0514286 0.65625
1 0.975586 0.12381 0.0488281 0.0685714 0.698242
0 0.928223 0.0247619 0.0419922 0.0495238 0.707031
0 0.910645 0.884762 0.0439453 0.0628571 0.742676
0 0.731934 0.745714 0.0341797 0.04 0.751953
0 0.952148 0.831429 0.0390625 0.0666667 0.757812
1 0.429199 0.808571 0.104492 0.0628571 0.774902
0 0.808594 0.870476 0.0429688 0.0533333 0.791992
0 0.0996094 0.032381 0.0429688 0.0647619 0.806641
0 0.0634766 0.113333 0.0449219 0.0590476 0.823242
0 0.885254 0.0285714 0.0380859 0.0571429 0.836914
0 0.939941 0.19619 0.0400391 0.0495238 0.836914
0 0.517578 0.800952 0.0371094 0.0361905 0.844238
0 0.763184 0.84381 0.0361328 0.0419048 0.845703
0 0.312012 0.819048 0.0361328 0.0380952 0.849121
0 0.808594 0.810476 0.0429688 0.047619 0.854492
0 0.791992 0.741905 0.0371094 0.0438095 0.856934
0 0.574219 0.897143 0.0429688 0.0609524 0.865723
0 0.754395 0.795238 0.0380859 0.04 0.866211
0 0.312988 0.765714 0.0380859 0.0457143 0.866211
0 0.63623 0.751429 0.0439453 0.0438095 0.873047
0 0.112305 0.0752381 0.0429688 0.0590476 0.875977
0 0.160645 0.0638095 0.0439453 0.0742857 0.881836
0 0.499512 0.901905 0.0419922 0.0933333 0.885254
0 0.580078 0.832381 0.0449219 0.0647619 0.887695
0 0.530273 0.937143 0.0429688 0.0761905 0.89209
0 0.846191 0.0695238 0.0380859 0.0704762 0.895996
0 0.883301 0.770476 0.0419922 0.0590476 0.899902
0 0.910156 0.105714 0.0449219 0.0704762 0.902344
