0 0.921875 0.954286 0.0449219 0.072381 0.285889
0 0.917969 0.0590476 0.0683594 0.110476 0.382324
0 0.257324 0.967619 0.0576172 0.0571429 0.412598
0 0.677246 0.874286 0.0419922 0.0380952 0.428955
0 0.928223 0.0247619 0.0419922 0.0495238 0.433838
0 0.628418 0.879048 0.0439453 0.04 0.441895
0 0.102539 0.0961905 0.0410156 0.0590476 0.509277
0 0.831543 0.764762 0.0341797 0.0438095 0.544922
0 0.901855 0.931429 0.0439453 0.0685714 0.575195
1 0.975098 0.2 0.0478516 0.072381 0.597168
0 0.975586 0.2 0.046875 0.0685714 0.611328
1 0.928223 0.067619 0.0908203 0.11619 0.625488
1 0.457031 0.808571 0.105469 0.0628571 0.708008
0 0.830566 0.0295238 0.0361328 0.0590476 0.760254
0 0.899414 0.792381 0.0371094 0.0533333 0.808594
0 0.26709 0.871429 0.0400391 0.04 0.820801
0 0.113281 0.12381 0.0429688 0.0647619 0.825195
0 0.554199 0.748571 0.0361328 0.0342857 0.834961
0 0.594727 0.802857 0.0371094 0.0361905 0.841309
0 0.870117 0.828571 0.0371094 0.0495238 0.844238
0 0.361816 0.817143 0.0361328 0.0342857 0.852539
0 0.879395 0.0961905 0.0439453 0.0819048 0.856445
0 0.709961 0.749524 0.0449219 0.0438095 0.858887
0 0.525879 0.865714 0.0498047 0.0780952 0.86084
0 0.57373 0.897143 0.0419922 0.0609524 0.864746
0 0.984375 0.89619 0.03125 0.0819048 0.869629
0 0.0341797 0.117143 0.0429688 0.047619 0.870117
0 0.669922 0.798095 0.0429688 0.0419048 0.878906
0 0.529785 0.93619 0.0439453 0.0780952 0.890625
0 0.175293 0.0495238 0.0380859 0.072381 0.89502
0 0.922852 0.88381 0.0449219 0.0685714 0.896484
0 0.84375 0.112381 0.0429688 0.08 0.901855
