0 0.677734 0.874286 0.0390625 0.0380952 0.286377
0 0.990723 0.908571 0.0185547 0.0838095 0.317139
0 0.628418 0.878095 0.0439453 0.0380952 0.33667
0 0.736328 0.732381 0.0351562 0.0514286 0.431885
1 0.449219 0.807619 0.101562 0.0609524 0.492188
0 0.928223 0.0247619 0.0419922 0.0495238 0.669922
0 0.105957 0.0304762 0.0361328 0.0609524 0.722656
0 0.861816 0.767619 0.0400391 0.0495238 0.73584
0 0.782227 0.746667 0.0371094 0.0419048 0.742676
0 0.247559 0.868571 0.0419922 0.0495238 0.77832
0 0.981445 0.970476 0.0371094 0.0590476 0.791504
0 0.862305 0.888571 0.0390625 0.0514286 0.79248
0 0.665039 0.749524 0.0449219 0.0438095 0.825684
0 0.462402 0.745714 0.0380859 0.0361905 0.827148
1 0.953125 0.0990476 0.09375 0.102857 0.833496
0 0.348633 0.818095 0.0371094 0.0361905 0.852051
0 0.92627 0.152381 0.0439453 0.0609524 0.853516
0 0.631836 0.805714 0.0429688 0.0495238 0.855469
0 0.574219 0.899048 0.0429688 0.0609524 0.86084
0 0.192871 0.0295238 0.0380859 0.0590476 0.861816
0 0.560547 0.801905 0.0371094 0.0342857 0.870117
0 0.869629 0.04 0.0419922 0.08 0.879395
0 0.0957031 0.0885714 0.0429688 0.0590476 0.883301
0 0.507812 0.888571 0.0449219 0.0895238 0.887695
0 0.868164 0.107619 0.0390625 0.0704762 0.890625
0 0.821289 0.805714 0.0390625 0.0419048 0.896973
0 0.911621 0.212381 0.0458984 0.0666667 0.897949
0 0.145508 0.0866667 0.0410156 0.0704762 0.90332
0 0.530273 0.938095 0.0429688 0.0742857 0.90332
0 0.878906 0.845714 0.0449219 0.0647619 0.911133
0 0.94873 0.834286 0.0439453 0.0685714 0.927734
