0 0.725586 0.73619 0.0371094 0.047619 0.258057
1 0.447754 0.808571 0.100586 0.0590476 0.296143
0 0.987305 0.907619 0.0253906 0.0819048 0.302002
0 0.628418 0.879048 0.0439453 0.04 0.33252
0 0.850586 0.762857 0.0371094 0.0514286 0.603516
0 0.104492 0.0314286 0.0390625 0.0628571 0.645508
0 0.195801 0.0266667 0.0380859 0.0533333 0.67334
0 0.928223 0.0247619 0.0400391 0.0495238 0.705078
0 0.240723 0.870476 0.0439453 0.0495238 0.711914
0 0.437012 0.745714 0.0361328 0.032381 0.75293
0 0.769531 0.745714 0.0371094 0.0438095 0.76709
0 0.971191 0.96381 0.0458984 0.072381 0.825684
1 0.958008 0.105714 0.0839844 0.0933333 0.82959
0 0.938965 0.160952 0.0458984 0.0514286 0.841797
0 0.657227 0.750476 0.0449219 0.0457143 0.861816
0 0.57373 0.898095 0.0439453 0.0590476 0.87207
0 0.343262 0.818095 0.0361328 0.0361905 0.872559
0 0.552734 0.802857 0.0371094 0.0361905 0.876953
0 0.506836 0.889524 0.0429688 0.0876191 0.880371
0 0.867188 0.837143 0.0449219 0.0590476 0.884277
0 0.879883 0.125714 0.0390625 0.0685714 0.885254
0 0.845703 0.877143 0.0390625 0.0514286 0.888672
0 0.876465 0.052381 0.0439453 0.0819048 0.891113
0 0.808594 0.801905 0.0390625 0.0419048 0.891602
0 0.62207 0.808571 0.0429688 0.0514286 0.893555
0 0.149902 0.08 0.0419922 0.072381 0.901367
0 0.937988 0.822857 0.0419922 0.0685714 0.902832
0 0.530273 0.938095 0.0429688 0.0742857 0.903809
0 0.104492 0.0809524 0.0429688 0.0590476 0.90625
0 0.932129 0.231429 0.0439453 0.0628571 0.908203
