0 0.677246 0.874286 0.0400391 0.0380952 0.388428
1 0.452148 0.806667 0.103516 0.0590476 0.437012
0 0.107422 0.0285714 0.0351562 0.0571429 0.448975
0 0.74707 0.731429 0.0371094 0.0495238 0.480225
0 0.62793 0.877143 0.0449219 0.04 0.585938
0 0.928223 0.0247619 0.0419922 0.0495238 0.676758
0 0.989746 0.209524 0.0205078 0.0571429 0.694336
0 0.86377 0.0342857 0.0419922 0.0685714 0.786133
0 0.793945 0.747619 0.0371094 0.04 0.791992
0 0.487305 0.745714 0.0371094 0.032381 0.802734
0 0.254395 0.868571 0.0419922 0.0457143 0.803711
0 0.873047 0.775238 0.0390625 0.0495238 0.831055
0 0.569336 0.802857 0.0371094 0.032381 0.850586
0 0.57373 0.898095 0.0419922 0.0590476 0.852051
1 0.949219 0.0914286 0.0976562 0.106667 0.865723
0 0.674805 0.750476 0.0449219 0.0419048 0.867188
0 0.879883 0.90381 0.0371094 0.0590476 0.869141
0 0.353516 0.818095 0.0371094 0.0361905 0.874023
0 0.833984 0.808571 0.0390625 0.0438095 0.883301
0 0.529785 0.938095 0.0419922 0.0742857 0.890625
0 0.509766 0.88381 0.0449219 0.0838095 0.891113
0 0.857422 0.0866667 0.0390625 0.0742857 0.89209
0 0.890625 0.854286 0.0449219 0.0628571 0.892578
0 0.139648 0.0942857 0.0429688 0.0704762 0.898926
0 0.640625 0.80381 0.0429688 0.0457143 0.900879
0 0.914551 0.140952 0.0439453 0.0647619 0.901367
0 0.0844727 0.0942857 0.0419922 0.0552381 0.901367
0 0.188477 0.032381 0.0371094 0.0647619 0.906738
0 0.89209 0.189524 0.0458984 0.0704762 0.912598
0 0.959473 0.848571 0.0439453 0.0704762 0.914551
