1 0.443359 0.806667 0.0976562 0.0552381 0.291992
0 0.677246 0.874286 0.0400391 0.0380952 0.319824
0 0.199219 0.0228571 0.0371094 0.0457143 0.336182
1 0.0522461 0.182857 0.104492 0.114286 0.382568
0 0.628906 0.879048 0.0429688 0.04 0.392334
0 0.760254 0.744762 0.0361328 0.0419048 0.602051
0 0.984375 0.889524 0.03125 0.072381 0.685547
0 0.928711 0.0247619 0.0410156 0.0495238 0.760254
0 0.104004 0.0314286 0.0400391 0.0628571 0.772949
0 0.959473 0.942857 0.0419922 0.0685714 0.786621
0 0.949707 0.168571 0.0419922 0.047619 0.804688
0 0.838379 0.757143 0.0380859 0.0438095 0.822266
1 0.961426 0.109524 0.0771484 0.0857143 0.823242
0 0.411133 0.746667 0.0371094 0.0380952 0.825684
0 0.337402 0.818095 0.0361328 0.0361905 0.834961
0 0.797852 0.801905 0.0390625 0.0457143 0.842773
0 0.0288086 0.127619 0.0439453 0.0495238 0.84668
0 0.233398 0.873333 0.0429688 0.0514286 0.850098
0 0.650391 0.750476 0.0449219 0.0419048 0.851074
0 0.856934 0.829524 0.0458984 0.0590476 0.856445
0 0.544434 0.801905 0.0361328 0.0342857 0.857422
0 0.505371 0.890476 0.0439453 0.0895238 0.861816
0 0.574219 0.898095 0.0429688 0.0590476 0.873535
0 0.827148 0.866667 0.0390625 0.0495238 0.875
0 0.95459 0.245714 0.0439453 0.0533333 0.876953
0 0.882324 0.0628571 0.0419922 0.08 0.885742
0 0.152344 0.0761905 0.0429688 0.072381 0.893555
0 0.529785 0.937143 0.0439453 0.0761905 0.904785
0 0.890625 0.142857 0.0410156 0.0647619 0.906738
0 0.927246 0.808571 0.0419922 0.0666667 0.907715
0 0.61377 0.813333 0.0458984 0.0533333 0.916992
0 0.108887 0.0780952 0.0439453 0.0609524 0.917969
