0 0.62793 0.879048 0.0449219 0.04 0.283203
0 0.907715 0.0542857 0.0908203 0.108571 0.382812
0 0.677246 0.874286 0.0419922 0.0380952 0.42334
1 0.972168 0.108571 0.0556641 0.102857 0.594238
0 0.0761719 0.145714 0.0449219 0.0514286 0.65625
1 0.958984 0.186667 0.078125 0.0990476 0.754883
0 0.574219 0.897143 0.0449219 0.0609524 0.788086
0 0.697754 0.792381 0.0439453 0.0419048 0.803223
0 0.269043 0.872381 0.0400391 0.0380952 0.823242
0 0.915039 0.802857 0.0410156 0.0552381 0.833984
0 0.80957 0.0380952 0.0410156 0.0761905 0.852539
0 0.615723 0.746667 0.0380859 0.0380952 0.859863
0 0.365723 0.818095 0.0361328 0.0361905 0.871094
0 0.853027 0.0466667 0.0419922 0.0857143 0.879395
0 0.554688 0.841905 0.0507812 0.0685714 0.879883
0 0.530273 0.938095 0.0429688 0.0742857 0.882812
0 0.749023 0.748571 0.0449219 0.0419048 0.884277
0 0.621582 0.805714 0.0380859 0.0342857 0.885254
0 0.902344 0.856191 0.0429688 0.0628571 0.894043
0 0.956543 0.925714 0.0439453 0.0761905 0.89502
0 0.152832 0.0838095 0.0400391 0.072381 0.899414
