0 0.992188 0.171429 0.015625 0.0495238 0.273438
0 0.928711 0.0238095 0.0390625 0.047619 0.33252
0 0.854004 0.857143 0.0517578 0.0685714 0.382568
0 0.677246 0.875238 0.0419922 0.0361905 0.451416
0 0.989258 0.97619 0.0214844 0.047619 0.479492
0 0.628906 0.879048 0.0410156 0.04 0.479492
1 0.484863 0.808571 0.104492 0.0590476 0.54248
1 0.95166 0.0828571 0.0751953 0.100952 0.613281
0 0.678223 0.745714 0.0361328 0.0438095 0.618652
0 0.927734 0.153333 0.0859375 0.11619 0.671875
0 0.268066 0.871429 0.0400391 0.04 0.692871
1 0.928223 0.152381 0.0869141 0.114286 0.734375
0 0.921387 0.226667 0.0419922 0.0533333 0.80127
0 0.875977 0.788571 0.0371094 0.0495238 0.817383
0 0.0253906 0.159048 0.0410156 0.04 0.830566
0 0.574219 0.897143 0.0429688 0.0609524 0.849609
0 0.788086 0.754286 0.0449219 0.0419048 0.869629
0 0.735352 0.784762 0.0429688 0.0457143 0.871094
0 0.666016 0.811429 0.0390625 0.0380952 0.875
0 0.182617 0.0514286 0.0351562 0.0685714 0.876953
0 0.104492 0.135238 0.0390625 0.0609524 0.878906
0 0.529785 0.937143 0.0439453 0.0761905 0.882812
0 0.593262 0.815238 0.0498047 0.0609524 0.882812
0 0.380859 0.818095 0.0351562 0.0361905 0.884277
0 0.949219 0.914286 0.0390625 0.0685714 0.894531
0 0.922852 0.810476 0.0371094 0.0552381 0.905762
