0 0.847656 0.855238 0.0488281 0.0609524 0.273438
0 0.0327148 0.139048 0.0439453 0.0380952 0.34082
0 0.677246 0.874286 0.0419922 0.0380952 0.356201
0 0.936523 0.161905 0.0859375 0.106667 0.569336
1 0.959961 0.0904762 0.0722656 0.0971429 0.617188
0 0.667969 0.744762 0.0351562 0.0419048 0.65625
0 0.268066 0.872381 0.0419922 0.0419048 0.751465
0 0.0380859 0.15619 0.0410156 0.0419048 0.78125
0 0.983398 0.967619 0.0332031 0.0647619 0.799805
0 0.94043 0.240952 0.0410156 0.047619 0.803223
1 0.9375 0.161905 0.0859375 0.106667 0.81543
0 0.727051 0.785714 0.0419922 0.0438095 0.834961
0 0.374023 0.818095 0.0351562 0.0361905 0.848145
0 0.874512 0.788571 0.0361328 0.0495238 0.850098
0 0.574219 0.898095 0.0429688 0.0590476 0.862793
0 0.652344 0.808571 0.0371094 0.0361905 0.866211
0 0.780273 0.752381 0.0449219 0.0419048 0.882812
0 0.191406 0.0352381 0.0332031 0.0704762 0.886719
0 0.529785 0.937143 0.0439453 0.0761905 0.889648
0 0.583984 0.821905 0.0507812 0.0628571 0.893066
0 0.921875 0.809524 0.0390625 0.0571429 0.894043
0 0.9375 0.899048 0.0410156 0.0647619 0.901367
0 0.118164 0.125714 0.0390625 0.0609524 0.919922
