0 0.927734 0.0228571 0.0390625 0.0457143 0.308838
0 0.703613 0.74381 0.0341797 0.04 0.388672
0 0.993164 0.126667 0.0136719 0.0514286 0.402344
0 0.268066 0.871429 0.0419922 0.0438095 0.434082
0 0.98291 0.215238 0.0341797 0.0495238 0.574707
0 0.958984 0.148571 0.0390625 0.0495238 0.714844
0 0.931152 0.0619048 0.0673828 0.108571 0.71582
0 0.876465 0.788571 0.0380859 0.0533333 0.716309
0 0.95166 0.255238 0.0419922 0.0495238 0.735352
0 0.636719 0.792381 0.0507812 0.0609524 0.793945
0 0.530273 0.937143 0.0429688 0.0761905 0.796387
0 0.412109 0.81619 0.0371094 0.0361905 0.802734
1 0.520508 0.807619 0.107422 0.0609524 0.804688
0 0.755859 0.779048 0.0429688 0.0419048 0.807617
0 0.890625 0.10381 0.0820312 0.135238 0.838379
0 0.574219 0.898095 0.0429688 0.0590476 0.841309
0 0.805664 0.754286 0.0449219 0.0457143 0.859375
0 0.853516 0.139048 0.0390625 0.072381 0.875488
0 0.746094 0.830476 0.0371094 0.0419048 0.875977
0 0.133301 0.126667 0.0380859 0.0666667 0.878418
0 0.922852 0.810476 0.0371094 0.0552381 0.882324
0 0.0341797 0.174286 0.0390625 0.047619 0.882324
0 0.18457 0.0333333 0.0390625 0.0666667 0.88916
