1 0.470703 0.809524 0.101562 0.0571429 0.330078
0 0.981934 0.262857 0.0361328 0.0419048 0.463867
0 0.845215 0.0371429 0.0419922 0.0742857 0.495605
0 0.268066 0.871429 0.0419922 0.04 0.505371
0 0.868652 0.78381 0.0361328 0.047619 0.526855
1 0.96875 0.10381 0.0625 0.104762 0.58252
0 0.0527344 0.134286 0.0488281 0.0514286 0.657715
0 0.825684 0.841905 0.0517578 0.0647619 0.705078
0 0.628906 0.878095 0.0429688 0.0380952 0.730957
0 0.677246 0.874286 0.0419922 0.0380952 0.765137
0 0.708496 0.790476 0.0439453 0.0419048 0.772949
0 0.0625 0.154286 0.046875 0.0495238 0.795898
0 0.634766 0.746667 0.0371094 0.0380952 0.833984
0 0.917969 0.806667 0.0390625 0.0552381 0.843262
1 0.955078 0.18 0.0859375 0.0971429 0.850586
0 0.631348 0.805714 0.0361328 0.0342857 0.850586
0 0.367188 0.817143 0.0351562 0.0342857 0.875
0 0.760742 0.749524 0.0449219 0.04 0.879395
0 0.574219 0.898095 0.0429688 0.0590476 0.884277
0 0.530273 0.937143 0.0429688 0.0761905 0.894531
0 0.564453 0.834286 0.0507812 0.0647619 0.896973
0 0.915039 0.868571 0.0410156 0.0609524 0.899414
0 0.967285 0.94 0.0439453 0.0780952 0.90332
0 0.142578 0.0971429 0.0390625 0.0647619 0.904785
