0 0.677246 0.874286 0.0419922 0.0380952 0.319336
0 0.995117 0.22 0.00976562 0.047619 0.371582
0 0.744141 0.764762 0.046875 0.0438095 0.393799
0 0.928223 0.0219048 0.0380859 0.0438095 0.403076
1 0.941406 0.0742857 0.0683594 0.102857 0.407471
0 0.0507812 0.146667 0.0488281 0.0495238 0.460693
0 0.941406 0.0733333 0.0664062 0.100952 0.558594
0 0.98584 0.268571 0.0283203 0.0419048 0.594727
0 0.268066 0.873333 0.0419922 0.04 0.67041
0 0.69873 0.748571 0.0380859 0.0419048 0.708496
0 0.977539 0.16 0.0410156 0.0495238 0.742676
0 0.876465 0.790476 0.0361328 0.0495238 0.744629
1 0.504883 0.806667 0.107422 0.0590476 0.776367
0 0.751953 0.780952 0.0429688 0.0457143 0.827637
0 0.574219 0.897143 0.0429688 0.0609524 0.830566
0 0.0625 0.162857 0.0390625 0.047619 0.851074
0 0.399414 0.81619 0.0371094 0.0361905 0.86377
0 0.529785 0.937143 0.0439453 0.0761905 0.86377
0 0.155273 0.0971429 0.0371094 0.0685714 0.872559
0 0.800293 0.75619 0.0458984 0.0457143 0.87793
0 0.902832 0.121905 0.0830078 0.129524 0.881348
0 0.713379 0.821905 0.0380859 0.0438095 0.883301
0 0.618652 0.800952 0.0498047 0.0552381 0.890625
0 0.874023 0.172381 0.0410156 0.0628571 0.890625
0 0.922852 0.810476 0.0371094 0.0552381 0.894043
0 0.981445 0.965714 0.0371094 0.0685714 0.904785
