0 0.702637 0.744762 0.0361328 0.0419048 0.256592
0 0.194824 0.0238095 0.0361328 0.047619 0.274658
0 0.677246 0.875238 0.0419922 0.0361905 0.365234
0 0.688965 0.831429 0.0322266 0.0285714 0.371826
0 0.988281 0.220952 0.0234375 0.0533333 0.402344
0 0.927734 0.0228571 0.0390625 0.0457143 0.418213
0 0.267578 0.873333 0.0410156 0.04 0.507324
0 0.0400391 0.148571 0.0410156 0.0457143 0.522949
0 0.933594 0.0666667 0.0761719 0.110476 0.543457
1 0.935059 0.067619 0.0712891 0.104762 0.544922
1 0.51123 0.807619 0.104492 0.0571429 0.615723
0 0.987305 0.975238 0.0253906 0.0495238 0.671875
0 0.972168 0.262857 0.0439453 0.0457143 0.711914
0 0.876465 0.788571 0.0380859 0.0533333 0.757324
0 0.967773 0.154286 0.0371094 0.0457143 0.797852
0 0.530273 0.938095 0.0429688 0.0742857 0.811035
0 0.753906 0.78 0.0429688 0.0438095 0.831543
0 0.0473633 0.167619 0.0380859 0.0457143 0.833496
0 0.574219 0.897143 0.0429688 0.0609524 0.845215
0 0.896973 0.112381 0.0830078 0.133333 0.845703
0 0.729492 0.825714 0.0371094 0.04 0.851074
0 0.628418 0.798095 0.0517578 0.0571429 0.853516
0 0.863281 0.154286 0.0390625 0.0685714 0.866699
0 0.405762 0.81619 0.0361328 0.0361905 0.878906
0 0.803223 0.755238 0.0458984 0.0438095 0.891113
0 0.144531 0.112381 0.0390625 0.072381 0.89502
0 0.922852 0.809524 0.0371094 0.0571429 0.898926
