0 0.477539 0.974286 0.0332031 0.047619 0.25708
0 0.748535 0.762857 0.0458984 0.0438095 0.26709
0 0.996582 0.17619 0.00683594 0.047619 0.281982
0 0.678711 0.874286 0.0410156 0.0380952 0.446777
1 0.882812 0.0876191 0.0820312 0.137143 0.484131
0 0.963379 0.201905 0.0400391 0.0457143 0.52832
0 0.925781 0.0552381 0.0664062 0.106667 0.578125
1 0.535645 0.807619 0.106445 0.0609524 0.60791
0 0.268066 0.872381 0.0419922 0.0419048 0.620605
0 0.986816 0.120952 0.0263672 0.0514286 0.662109
0 0.880371 0.87619 0.0478516 0.072381 0.671875
0 0.530273 0.93619 0.0429688 0.0742857 0.671875
0 0.946289 0.13619 0.0410156 0.0552381 0.772949
0 0.012207 0.177143 0.0244141 0.0457143 0.782227
0 0.57373 0.898095 0.0419922 0.0590476 0.80127
0 0.877441 0.790476 0.0380859 0.0571429 0.809082
0 0.758301 0.78 0.0419922 0.0438095 0.819336
0 0.881836 0.0866667 0.078125 0.139048 0.842773
0 0.917969 0.232381 0.0449219 0.0609524 0.866211
0 0.429199 0.815238 0.0361328 0.0380952 0.872559
0 0.922852 0.811429 0.0371094 0.0533333 0.872559
0 0.652344 0.78 0.0507812 0.0666667 0.872559
0 0.774902 0.835238 0.0380859 0.0438095 0.878418
0 0.102539 0.155238 0.0371094 0.0552381 0.881836
0 0.808594 0.757143 0.0488281 0.0438095 0.882812
0 0.839844 0.109524 0.0390625 0.0780952 0.89209
0 0.161133 0.067619 0.0410156 0.0704762 0.913574
