0 0.991211 0.217143 0.0175781 0.0419048 0.259277
0 0.878906 0.87619 0.0449219 0.0685714 0.401123
0 0.754395 0.762857 0.0458984 0.0438095 0.416504
0 0.0444336 0.16 0.0361328 0.0380952 0.418457
0 0.530273 0.937143 0.0429688 0.0761905 0.487793
0 0.930176 0.0247619 0.0361328 0.0495238 0.581055
0 0.0546875 0.181905 0.0371094 0.0361905 0.702637
0 0.57373 0.898095 0.0419922 0.0590476 0.719238
1 0.873047 0.072381 0.078125 0.144762 0.74707
0 0.762207 0.778095 0.0419922 0.047619 0.790039
0 0.875488 0.790476 0.0361328 0.0495238 0.795898
0 0.911621 0.0438095 0.0615234 0.0876191 0.796387
0 0.268555 0.871429 0.0410156 0.04 0.813965
0 0.665527 0.771429 0.0517578 0.0647619 0.816895
0 0.979492 0.115238 0.0410156 0.0552381 0.821289
0 0.983398 0.168571 0.0332031 0.0438095 0.836426
0 0.964355 0.255238 0.0341797 0.0380952 0.837402
0 0.119629 0.118095 0.0400391 0.0647619 0.838379
0 0.935547 0.128571 0.0390625 0.0552381 0.842285
0 0.812012 0.844762 0.0380859 0.0438095 0.861816
0 0.935059 0.18381 0.0400391 0.0514286 0.864258
0 0.456055 0.811429 0.0371094 0.0380952 0.878906
0 0.815918 0.75619 0.0458984 0.0457143 0.882812
0 0.882812 0.194286 0.0429688 0.0685714 0.88916
0 0.922852 0.810476 0.0371094 0.0552381 0.894531
0 0.82666 0.0752381 0.0380859 0.0780952 0.904785
