0 0.257812 0.968571 0.0566406 0.0552381 0.286377
0 0.76123 0.76381 0.0458984 0.0457143 0.31543
1 0.589844 0.809524 0.101562 0.0647619 0.322998
0 0.710449 0.742857 0.0380859 0.0457143 0.352051
1 0.859863 0.0628571 0.0830078 0.125714 0.430176
0 0.66748 0.770476 0.0498047 0.0590476 0.437256
0 0.978027 0.146667 0.0380859 0.0419048 0.451172
0 0.768555 0.77619 0.0429688 0.0438095 0.659668
1 0.482422 0.929524 0.0371094 0.125714 0.680176
0 0.931152 0.0247619 0.0361328 0.0495238 0.739746
0 0.530273 0.937143 0.0429688 0.0761905 0.786133
0 0.574219 0.898095 0.0429688 0.0590476 0.808105
0 0.956055 0.200952 0.0371094 0.0438095 0.813477
0 0.925781 0.117143 0.0410156 0.0590476 0.813477
0 0.825684 0.759048 0.0458984 0.0438095 0.839355
0 0.876465 0.790476 0.0380859 0.0495238 0.839844
0 0.268555 0.871429 0.0410156 0.04 0.845703
0 0.922852 0.811429 0.0371094 0.0533333 0.852539
0 0.496094 0.809524 0.0351562 0.0342857 0.854004
0 0.899902 0.213333 0.0380859 0.0533333 0.855469
0 0.907715 0.159048 0.0419922 0.0590476 0.865723
0 0.950195 0.0904762 0.046875 0.0666667 0.865723
0 0.841797 0.859048 0.0390625 0.0495238 0.867676
0 0.976562 0.16381 0.0429688 0.0495238 0.873535
0 0.0361328 0.16381 0.0390625 0.0419048 0.874023
0 0.849121 0.137143 0.0400391 0.08 0.886719
0 0.816406 0.0457143 0.0351562 0.08 0.921387
