0 0.710938 0.742857 0.0390625 0.0457143 0.317139
1 0.593262 0.812381 0.108398 0.0742857 0.368408
0 0.758789 0.761905 0.0449219 0.0457143 0.478271
0 0.666992 0.772381 0.0507812 0.0628571 0.51123
0 0.988281 0.100952 0.0234375 0.0304762 0.515137
1 0.85791 0.0609524 0.0810547 0.121905 0.560059
0 0.0175781 0.16381 0.0332031 0.0419048 0.650879
0 0.768555 0.77619 0.0429688 0.0438095 0.680176
1 0.48291 0.924762 0.0361328 0.131429 0.686523
0 0.928711 0.0257143 0.0390625 0.0514286 0.735352
0 0.530273 0.937143 0.0429688 0.0761905 0.754395
0 0.950195 0.198095 0.0390625 0.0457143 0.790039
0 0.574219 0.898095 0.0429688 0.0590476 0.807617
0 0.875977 0.789524 0.0371094 0.047619 0.824219
0 0.267578 0.871429 0.0410156 0.04 0.839844
0 0.82666 0.759048 0.0458984 0.0438095 0.846191
0 0.891113 0.204762 0.0361328 0.0552381 0.84668
0 0.902344 0.153333 0.0429688 0.0628571 0.865723
0 0.920898 0.113333 0.0390625 0.0590476 0.867676
0 0.922852 0.811429 0.0371094 0.0533333 0.867676
0 0.500488 0.809524 0.0361328 0.0342857 0.880371
0 0.814453 0.0409524 0.0351562 0.0780952 0.885254
0 0.942871 0.0809524 0.0458984 0.0704762 0.895996
0 0.84375 0.86 0.0390625 0.0514286 0.898438
0 0.976074 0.16381 0.0419922 0.0495238 0.901855
0 0.844727 0.127619 0.0410156 0.08 0.908691
