0 0.53125 0.937143 0.0429688 0.0761905 0.376953
0 0.706055 0.744762 0.0371094 0.0419048 0.390137
0 0.993652 0.270476 0.0126953 0.0380952 0.442871
0 0.00537109 0.181905 0.0107422 0.04 0.491943
0 0.932129 0.0228571 0.0341797 0.0457143 0.557617
0 0.878906 0.0828571 0.078125 0.142857 0.586426
1 0.880371 0.0847619 0.0771484 0.135238 0.619141
0 0.879883 0.87619 0.046875 0.072381 0.65625
0 0.992188 0.175238 0.015625 0.0419048 0.680176
0 0.57373 0.898095 0.0419922 0.0590476 0.698242
0 0.919922 0.0514286 0.0625 0.102857 0.715332
0 0.875977 0.788571 0.0371094 0.0533333 0.760742
0 0.984375 0.12 0.03125 0.0533333 0.786133
0 0.952148 0.195238 0.0410156 0.0514286 0.793945
1 0.544434 0.807619 0.104492 0.0609524 0.797363
0 0.658691 0.77619 0.0517578 0.0666667 0.799805
0 0.268555 0.872381 0.0410156 0.0380952 0.801758
0 0.941406 0.133333 0.0390625 0.0533333 0.8125
0 0.788574 0.838095 0.0380859 0.0457143 0.840332
0 0.759277 0.779048 0.0419922 0.0457143 0.841309
0 0.438477 0.813333 0.0371094 0.0380952 0.875977
0 0.811035 0.757143 0.0458984 0.0438095 0.876953
0 0.0864258 0.165714 0.0380859 0.0533333 0.880859
0 0.922852 0.809524 0.0371094 0.0571429 0.892578
0 0.903809 0.219048 0.0458984 0.0647619 0.895996
0 0.147461 0.0857143 0.0410156 0.0685714 0.90332
0 0.833984 0.0961905 0.0390625 0.0780952 0.910645
