0 0.708008 0.742857 0.0371094 0.0457143 0.289062
0 0.902344 0.0333333 0.0507812 0.0666667 0.294678
0 0.258301 0.968571 0.0556641 0.0552381 0.324463
0 0.0136719 0.186667 0.0273438 0.0647619 0.405762
0 0.758789 0.76381 0.046875 0.0457143 0.437256
1 0.481445 0.940952 0.0371094 0.106667 0.54541
0 0.699707 0.875238 0.0419922 0.04 0.592285
0 0.877441 0.872381 0.0380859 0.0571429 0.614746
0 0.530762 0.937143 0.0419922 0.072381 0.682129
0 0.931152 0.0247619 0.0361328 0.0495238 0.713379
1 0.580078 0.806667 0.105469 0.0628571 0.744141
0 0.766602 0.778095 0.0410156 0.0438095 0.80127
0 0.268555 0.871429 0.0410156 0.04 0.824219
0 0.970703 0.207619 0.0390625 0.0419048 0.825684
0 0.574219 0.897143 0.0429688 0.0609524 0.829102
0 0.666992 0.772381 0.0507812 0.0590476 0.833984
0 0.919434 0.232381 0.0361328 0.0495238 0.833984
0 0.875 0.788571 0.0371094 0.0495238 0.850098
0 0.929688 0.122857 0.0371094 0.0552381 0.852539
0 0.0727539 0.155238 0.0400391 0.0514286 0.855957
0 0.917969 0.169524 0.0390625 0.0533333 0.858887
0 0.964844 0.102857 0.0449219 0.0609524 0.859375
0 0.922852 0.810476 0.0371094 0.0552381 0.863281
0 0.480957 0.810476 0.0361328 0.0361905 0.871094
0 0.978027 0.165714 0.0400391 0.0495238 0.87793
0 0.859863 0.158095 0.0419922 0.08 0.878418
0 0.822754 0.758095 0.0458984 0.0457143 0.879395
0 0.819824 0.0552381 0.0341797 0.0761905 0.888184
0 0.833984 0.855238 0.0390625 0.0495238 0.896973
