0 0.615234 0.813333 0.0546875 0.0571429 0.356689
0 0.628906 0.879048 0.0429688 0.04 0.500488
0 0.995117 0.171429 0.00976562 0.0457143 0.533203
0 0.898438 0.0447619 0.0253906 0.047619 0.583008
0 0.92041 0.17619 0.0380859 0.0514286 0.592285
0 0.766602 0.759048 0.0488281 0.047619 0.683594
0 0.714844 0.74381 0.0371094 0.0438095 0.778809
0 0.928711 0.0247619 0.0390625 0.0495238 0.788574
0 0.530273 0.937143 0.0429688 0.0761905 0.791016
0 0.989258 0.22 0.0214844 0.04 0.791504
0 0.775879 0.777143 0.0419922 0.0457143 0.811035
1 0.48584 0.888571 0.0361328 0.158095 0.820801
0 0.310059 0.862857 0.0419922 0.0419048 0.825684
0 0.873535 0.114286 0.0400391 0.0761905 0.831543
0 0.875977 0.790476 0.0371094 0.0495238 0.832031
0 0.672363 0.770476 0.0498047 0.0552381 0.842285
0 0.88623 0.0647619 0.0361328 0.0685714 0.843262
0 0.574219 0.898095 0.0429688 0.0590476 0.844238
0 0.921875 0.811429 0.0371094 0.0533333 0.849121
0 0.82666 0.759048 0.0458984 0.0438095 0.864746
0 0.543945 0.789524 0.0390625 0.0514286 0.873535
0 0.866699 0.167619 0.0361328 0.0609524 0.875977
0 0.960938 0.0990476 0.0449219 0.0609524 0.884277
0 0.847656 0.862857 0.0410156 0.0495238 0.888184
0 0.941406 0.140952 0.0429688 0.0609524 0.893555
0 0.824219 0.0771429 0.0390625 0.0857143 0.909668
0 0.132812 0.11619 0.0429688 0.072381 0.92627
