1 0.853516 0.0571429 0.078125 0.114286 0.332764
0 0.980957 0.0971429 0.0283203 0.0304762 0.399658
0 0.966797 0.966667 0.0390625 0.0666667 0.403076
0 0.758789 0.761905 0.0449219 0.0457143 0.519043
0 0.712402 0.744762 0.0380859 0.0419048 0.56543
1 0.48291 0.922857 0.0380859 0.139048 0.738281
0 0.768555 0.777143 0.0429688 0.0457143 0.74707
0 0.875488 0.790476 0.0361328 0.0495238 0.759277
0 0.928223 0.0257143 0.0439453 0.0514286 0.760254
0 0.667969 0.770476 0.0507812 0.0628571 0.76416
0 0.530273 0.937143 0.0429688 0.0761905 0.772949
0 0.268555 0.871429 0.0410156 0.04 0.833496
0 0.917969 0.110476 0.0390625 0.0609524 0.833984
0 0.944336 0.194286 0.0371094 0.0457143 0.834961
0 0.574219 0.898095 0.0429688 0.0590476 0.840332
0 0.82666 0.76 0.0458984 0.0419048 0.841309
0 0.8125 0.0380952 0.0371094 0.0761905 0.845215
0 0.922852 0.811429 0.0371094 0.0533333 0.855469
0 0.503418 0.809524 0.0361328 0.0342857 0.864746
0 0.897949 0.148571 0.0419922 0.0609524 0.871094
0 0.883789 0.194286 0.0371094 0.0571429 0.884277
0 0.845703 0.860952 0.0390625 0.0533333 0.892578
0 0.935547 0.0704762 0.046875 0.072381 0.902344
0 0.975586 0.16381 0.0410156 0.0495238 0.908203
0 0.84082 0.121905 0.0410156 0.0838095 0.936035
