0 0.258301 0.966667 0.0595703 0.0552381 0.262207
0 0.628418 0.878095 0.0439453 0.0419048 0.281494
0 0.996094 0.122857 0.0078125 0.0552381 0.387451
0 0.760254 0.761905 0.0458984 0.0457143 0.491943
0 0.713867 0.74381 0.0351562 0.0438095 0.647949
0 0.530273 0.938095 0.0429688 0.0742857 0.69043
0 0.270996 0.872381 0.0419922 0.0380952 0.710449
0 0.574219 0.898095 0.0429688 0.0590476 0.742676
0 0.929688 0.0257143 0.0390625 0.0514286 0.742676
1 0.483398 0.917143 0.0371094 0.150476 0.74707
0 0.769531 0.777143 0.0429688 0.0457143 0.771484
0 0.805664 0.0285714 0.0332031 0.0571429 0.777832
0 0.876465 0.790476 0.0361328 0.0495238 0.819824
0 0.922852 0.810476 0.0371094 0.0552381 0.836914
0 0.672363 0.771429 0.0498047 0.0571429 0.842773
0 0.908691 0.0990476 0.0380859 0.0609524 0.865234
0 0.936523 0.189524 0.0390625 0.0514286 0.865723
0 0.82666 0.759048 0.0458984 0.0438095 0.866699
0 0.88916 0.139048 0.0419922 0.0685714 0.874512
0 0.836914 0.111429 0.0390625 0.0819048 0.875977
0 0.916992 0.047619 0.0449219 0.0761905 0.882812
0 0.847656 0.861905 0.0390625 0.0514286 0.883789
0 0.871582 0.178095 0.0341797 0.0590476 0.885742
0 0.510254 0.808571 0.0361328 0.0361905 0.89209
0 0.973145 0.162857 0.0419922 0.0514286 0.894043
