0 0.628906 0.878095 0.0449219 0.0419048 0.314453
0 0.92041 0.0409524 0.0283203 0.047619 0.456787
0 0.76709 0.76 0.0498047 0.0495238 0.601562
0 0.906738 0.0590476 0.0263672 0.0495238 0.695801
0 0.929688 0.0238095 0.0371094 0.047619 0.75
0 0.714844 0.74381 0.0371094 0.0438095 0.750488
0 0.989746 0.218095 0.0205078 0.04 0.768555
0 0.530273 0.938095 0.0429688 0.0742857 0.778809
0 0.774902 0.775238 0.0419922 0.0457143 0.797852
1 0.484863 0.893333 0.0361328 0.16 0.809082
0 0.298828 0.865714 0.0429688 0.04 0.823242
0 0.875488 0.790476 0.0361328 0.0495238 0.82666
0 0.922852 0.179048 0.0390625 0.0533333 0.827148
0 0.89209 0.0752381 0.0380859 0.0666667 0.843262
0 0.57373 0.899048 0.0419922 0.0609524 0.848633
0 0.534668 0.796191 0.0400391 0.0533333 0.850586
0 0.972656 0.107619 0.046875 0.0552381 0.851074
0 0.877441 0.119048 0.0419922 0.0704762 0.858398
0 0.867676 0.168571 0.0341797 0.0590476 0.860352
0 0.82666 0.759048 0.0458984 0.0438095 0.866699
0 0.922852 0.811429 0.0390625 0.0533333 0.873047
0 0.672363 0.771429 0.0498047 0.0571429 0.876465
0 0.847656 0.862857 0.0390625 0.0495238 0.880371
0 0.94873 0.146667 0.0419922 0.0571429 0.893555
0 0.828125 0.0866667 0.0390625 0.0857143 0.90918
0 0.146484 0.0980952 0.0429688 0.0742857 0.913574
