1 0.0302734 0.199048 0.0605469 0.0971429 0.408203
0 0.889648 0.027619 0.0253906 0.047619 0.408936
0 0.76709 0.76 0.0478516 0.0495238 0.62207
0 0.619629 0.815238 0.0537109 0.0533333 0.644531
0 0.915527 0.172381 0.0380859 0.0552381 0.65625
0 0.928711 0.0247619 0.0390625 0.0495238 0.671875
0 0.991211 0.168571 0.0175781 0.0438095 0.759766
0 0.988281 0.219048 0.0234375 0.0380952 0.77002
0 0.71582 0.744762 0.0371094 0.0419048 0.801758
0 0.775391 0.775238 0.0429688 0.0457143 0.818359
0 0.875977 0.791429 0.0371094 0.0514286 0.830078
0 0.879883 0.0533333 0.0371094 0.0685714 0.835938
1 0.486328 0.87619 0.0390625 0.16381 0.841797
0 0.574219 0.898095 0.0429688 0.0590476 0.850586
0 0.529785 0.937143 0.0439453 0.0761905 0.860352
0 0.672363 0.769524 0.0498047 0.0533333 0.86084
0 0.82666 0.759048 0.0458984 0.0438095 0.862793
0 0.922852 0.810476 0.0390625 0.0552381 0.866211
0 0.948242 0.0885714 0.046875 0.0628571 0.872559
0 0.552734 0.784762 0.0390625 0.0495238 0.875977
0 0.864746 0.16381 0.0361328 0.0609524 0.882812
0 0.936035 0.134286 0.0419922 0.0628571 0.883789
0 0.320312 0.861905 0.0429688 0.04 0.88623
0 0.868652 0.106667 0.0400391 0.0761905 0.888184
0 0.847656 0.861905 0.0390625 0.0514286 0.892578
0 0.116699 0.134286 0.0419922 0.0666667 0.893555
0 0.820312 0.0657143 0.0371094 0.0895238 0.90918
