1 0.855469 0.0552381 0.0664062 0.110476 0.331543
0 0.529785 0.937143 0.0439453 0.0761905 0.443115
0 0.713379 0.74381 0.0361328 0.0438095 0.659668
0 0.574219 0.898095 0.0429688 0.0590476 0.705078
0 0.759766 0.761905 0.046875 0.0457143 0.713379
0 0.769043 0.777143 0.0439453 0.0457143 0.718262
1 0.483398 0.919048 0.0371094 0.150476 0.759277
0 0.928223 0.0247619 0.0419922 0.0495238 0.76709
0 0.669922 0.770476 0.0507812 0.0590476 0.807617
0 0.922852 0.810476 0.0371094 0.0552381 0.815918
0 0.876465 0.790476 0.0380859 0.0495238 0.816406
0 0.268555 0.872381 0.0410156 0.0380952 0.824219
0 0.914062 0.10381 0.0390625 0.0628571 0.848633
0 0.877441 0.184762 0.0341797 0.0571429 0.850586
0 0.82666 0.759048 0.0439453 0.0438095 0.85498
0 0.94043 0.192381 0.0390625 0.0495238 0.870605
0 0.926758 0.0609524 0.0449219 0.072381 0.880371
0 0.893066 0.141905 0.0419922 0.0666667 0.881836
0 0.506836 0.809524 0.0371094 0.0342857 0.883789
0 0.838867 0.11619 0.0410156 0.0838095 0.883789
0 0.847656 0.861905 0.0410156 0.0514286 0.893555
0 0.809082 0.0342857 0.0361328 0.0685714 0.89502
0 0.976074 0.162857 0.0419922 0.0514286 0.913086
