0 0.519043 0.798095 0.0751953 0.133333 0.276123
0 0.0683594 0.964762 0.0371094 0.0666667 0.394043
0 0.169922 0.0571429 0.03125 0.0609524 0.418213
0 0.987305 0.218095 0.0234375 0.04 0.738281
0 0.775391 0.777143 0.0429688 0.0457143 0.76416
0 0.928711 0.0247619 0.0390625 0.0495238 0.772949
0 0.897461 0.0257143 0.0371094 0.0514286 0.788574
0 0.98291 0.168571 0.0341797 0.047619 0.802246
0 0.921875 0.811429 0.0371094 0.0533333 0.808594
0 0.727051 0.744762 0.0361328 0.0419048 0.809082
0 0.670898 0.769524 0.0488281 0.0533333 0.819336
0 0.632324 0.878095 0.0439453 0.0419048 0.823242
0 0.875977 0.791429 0.0371094 0.0514286 0.825195
0 0.864258 0.0304762 0.0390625 0.0609524 0.833008
0 0.573242 0.897143 0.0429688 0.0609524 0.853516
0 0.82666 0.759048 0.0458984 0.0438095 0.854004
0 0.424805 0.84381 0.0410156 0.0380952 0.855957
0 0.589844 0.771429 0.0351562 0.0419048 0.859863
0 0.820312 0.0704762 0.03125 0.0685714 0.875977
0 0.530273 0.937143 0.0429688 0.0761905 0.880371
0 0.883301 0.171429 0.0419922 0.072381 0.882812
0 0.847656 0.0619048 0.0351562 0.0742857 0.883789
0 0.847656 0.861905 0.0390625 0.0514286 0.887695
0 0.961914 0.0961905 0.0371094 0.0514286 0.888672
0 0.921875 0.110476 0.0410156 0.0647619 0.892578
