0 0.197754 0.02 0.0341797 0.04 0.250732
0 0.510742 0.809524 0.0742188 0.148571 0.319092
0 0.12793 0.126667 0.0410156 0.0628571 0.453125
0 0.725586 0.746667 0.0371094 0.0457143 0.480225
0 0.993164 0.172381 0.0136719 0.047619 0.604004
0 0.928223 0.0257143 0.0419922 0.0514286 0.671875
0 0.775391 0.775238 0.0429688 0.0457143 0.719727
0 0.629395 0.878095 0.0439453 0.0419048 0.761719
0 0.987305 0.219048 0.0253906 0.0380952 0.761719
0 0.670898 0.768571 0.0527344 0.0552381 0.815918
0 0.574219 0.898095 0.0429688 0.0628571 0.822754
0 0.913574 0.207619 0.0419922 0.0609524 0.845215
0 0.985352 0.114286 0.0292969 0.0457143 0.853516
0 0.876465 0.791429 0.0380859 0.0514286 0.854004
0 0.921875 0.811429 0.0371094 0.0533333 0.855469
0 0.588379 0.772381 0.0361328 0.04 0.856934
0 0.825684 0.0866667 0.0322266 0.0704762 0.861816
0 0.530273 0.938095 0.0429688 0.0742857 0.862793
0 0.402832 0.845714 0.0419922 0.0380952 0.863281
0 0.82666 0.758095 0.0458984 0.0457143 0.874512
0 0.859375 0.0904762 0.0371094 0.0742857 0.882324
0 0.847656 0.861905 0.0410156 0.0514286 0.886719
0 0.921875 0.0542857 0.0371094 0.0628571 0.887695
0 0.937988 0.127619 0.0419922 0.0609524 0.901855
0 0.878906 0.0533333 0.0410156 0.08 0.913086
