0 0.767578 0.758095 0.046875 0.0457143 0.588379
0 0.628418 0.879048 0.0439453 0.04 0.628906
0 0.858887 0.0228571 0.0341797 0.0457143 0.631348
0 0.928711 0.0238095 0.0390625 0.047619 0.64209
1 0.493164 0.849524 0.0507812 0.16381 0.697754
0 0.987305 0.217143 0.0253906 0.0380952 0.731934
0 0.896484 0.151429 0.0390625 0.0628571 0.771484
0 0.775879 0.77619 0.0419922 0.0438095 0.783691
0 0.922852 0.811429 0.0371094 0.0533333 0.793945
0 0.717285 0.744762 0.0380859 0.0419048 0.805664
0 0.350586 0.855238 0.0410156 0.0380952 0.812988
0 0.574219 0.898095 0.0429688 0.0590476 0.814941
0 0.875977 0.790476 0.0371094 0.0495238 0.835449
0 0.672363 0.768571 0.0498047 0.0590476 0.845215
0 0.811035 0.04 0.0380859 0.08 0.853516
0 0.530273 0.937143 0.0429688 0.0761905 0.855469
0 0.983398 0.114286 0.0332031 0.0457143 0.860352
0 0.850586 0.0638095 0.0390625 0.0780952 0.86377
0 0.82666 0.759048 0.0458984 0.0438095 0.864746
0 0.913086 0.0466667 0.0449219 0.0742857 0.867676
0 0.850098 0.139048 0.0361328 0.0647619 0.87207
0 0.979492 0.160952 0.0390625 0.0514286 0.872559
0 0.57666 0.774286 0.0380859 0.0438095 0.878418
0 0.847656 0.861905 0.0410156 0.0514286 0.879395
0 0.916504 0.112381 0.0419922 0.0685714 0.90918
0 0.0668945 0.177143 0.0419922 0.0571429 0.918457
