0 0.996094 0.171429 0.0078125 0.0533333 0.257324
0 0.157715 0.0285714 0.0380859 0.0571429 0.278076
0 0.83252 0.0209524 0.0263672 0.0419048 0.410889
0 0.725098 0.747619 0.0361328 0.0438095 0.4375
0 0.628906 0.878095 0.0429688 0.0419048 0.492676
0 0.506836 0.813333 0.0722656 0.15619 0.495117
0 0.803223 0.0209524 0.0283203 0.0419048 0.540527
0 0.768066 0.76 0.0478516 0.0457143 0.54834
0 0.991211 0.119048 0.0175781 0.0438095 0.733398
0 0.775391 0.775238 0.0429688 0.0457143 0.782227
0 0.987305 0.218095 0.0234375 0.04 0.796387
0 0.928223 0.0247619 0.0419922 0.0495238 0.814941
0 0.574219 0.897143 0.0429688 0.0609524 0.825195
0 0.876465 0.789524 0.0380859 0.0514286 0.825684
0 0.530273 0.937143 0.0429688 0.0761905 0.838379
0 0.922852 0.810476 0.0390625 0.0552381 0.852539
0 0.586914 0.772381 0.0371094 0.04 0.854004
0 0.669434 0.766667 0.0556641 0.0590476 0.856445
0 0.143555 0.110476 0.0429688 0.072381 0.864258
0 0.82666 0.759048 0.0458984 0.0438095 0.864746
0 0.391113 0.847619 0.0419922 0.0380952 0.874023
0 0.847656 0.861905 0.0390625 0.0514286 0.880859
0 0.82959 0.0961905 0.0322266 0.0704762 0.886719
0 0.867188 0.104762 0.0371094 0.072381 0.888184
0 0.931152 0.22381 0.0419922 0.0590476 0.88916
0 0.886719 0.067619 0.0429688 0.0780952 0.891113
0 0.93457 0.0704762 0.0390625 0.0571429 0.897461
0 0.946777 0.13619 0.0419922 0.0590476 0.898438
