0 0.514648 0.804762 0.0761719 0.142857 0.276123
0 0.128418 0.0542857 0.0400391 0.0742857 0.431641
0 0.726562 0.746667 0.0371094 0.0419048 0.556641
0 0.987305 0.170476 0.0253906 0.0438095 0.662109
0 0.928711 0.0247619 0.0390625 0.0495238 0.721191
0 0.630859 0.878095 0.0429688 0.0419048 0.726074
0 0.775391 0.774286 0.0429688 0.0438095 0.733398
0 0.670898 0.768571 0.0507812 0.0552381 0.77002
0 0.987305 0.218095 0.0253906 0.04 0.778809
0 0.182617 0.0333333 0.03125 0.0628571 0.788574
0 0.922852 0.810476 0.0390625 0.0552381 0.803711
0 0.875977 0.790476 0.0371094 0.0495238 0.837402
0 0.574219 0.897143 0.0429688 0.0609524 0.845215
0 0.414551 0.844762 0.0419922 0.0361905 0.847168
0 0.82666 0.759048 0.0458984 0.0438095 0.852539
0 0.910156 0.0371429 0.0371094 0.0666667 0.865234
0 0.588867 0.772381 0.0371094 0.04 0.874512
0 0.529785 0.937143 0.0439453 0.0761905 0.879395
0 0.975098 0.106667 0.0380859 0.0457143 0.879395
0 0.87207 0.0390476 0.0390625 0.0780952 0.883789
0 0.847656 0.861905 0.0390625 0.0514286 0.888184
0 0.896973 0.188571 0.0419922 0.0647619 0.888184
0 0.822754 0.0790476 0.0322266 0.0704762 0.88916
0 0.928711 0.119048 0.0410156 0.0628571 0.911133
0 0.853027 0.0752381 0.0380859 0.0742857 0.913086
