0 0.858887 0.0219048 0.0341797 0.0438095 0.384766
0 0.103516 0.0876191 0.0351562 0.0609524 0.390137
0 0.0771484 0.948571 0.0351562 0.0609524 0.406982
0 0.928711 0.0238095 0.0371094 0.047619 0.685547
0 0.633789 0.878095 0.0449219 0.0419048 0.748047
0 0.987305 0.218095 0.0253906 0.04 0.750977
0 0.775391 0.77619 0.0429688 0.0438095 0.82373
0 0.671387 0.770476 0.0498047 0.0552381 0.831543
0 0.154785 0.0819048 0.0322266 0.0571429 0.834473
0 0.875977 0.790476 0.0371094 0.0495238 0.841797
0 0.574219 0.897143 0.0429688 0.0609524 0.842773
0 0.728027 0.745714 0.0361328 0.04 0.84375
0 0.434082 0.844762 0.0458984 0.04 0.844727
0 0.921875 0.811429 0.0371094 0.0533333 0.84668
0 0.82666 0.759048 0.0458984 0.0438095 0.858398
0 0.589844 0.772381 0.0351562 0.04 0.864258
0 0.870605 0.152381 0.0419922 0.072381 0.870117
0 0.529785 0.937143 0.0439453 0.0761905 0.871582
0 0.976562 0.162857 0.0429688 0.0514286 0.879395
0 0.842285 0.047619 0.0361328 0.072381 0.879395
0 0.847656 0.861905 0.0390625 0.0514286 0.884277
0 0.817383 0.0638095 0.03125 0.0704762 0.88916
0 0.946289 0.0819048 0.0390625 0.0571429 0.895508
0 0.913086 0.1 0.0410156 0.0666667 0.895996
