0 0.801758 0.02 0.0253906 0.04 0.312012
1 0.770996 0.824762 0.0966797 0.0647619 0.394043
0 0.142578 0.852381 0.0351562 0.0590476 0.497803
1 0.550781 0.772381 0.0761719 0.0895238 0.625
0 0.993164 0.221905 0.0136719 0.047619 0.628418
0 0.847656 0.861905 0.0410156 0.0514286 0.726074
0 0.928711 0.0247619 0.0390625 0.0495238 0.754395
0 0.536133 0.842857 0.0410156 0.0438095 0.758789
0 0.115234 0.0752381 0.0449219 0.0742857 0.76416
0 0.0297852 0.122857 0.0322266 0.032381 0.76416
0 0.78125 0.774286 0.0429688 0.0438095 0.768066
0 0.237793 0.811429 0.0361328 0.0419048 0.771484
0 0.13916 0.904762 0.0439453 0.072381 0.779297
0 0.876465 0.791429 0.0361328 0.0514286 0.798828
0 0.82666 0.760952 0.0458984 0.0438095 0.808105
0 0.73291 0.744762 0.0361328 0.0419048 0.81543
0 0.922852 0.810476 0.0371094 0.0514286 0.833496
0 0.662598 0.875238 0.0439453 0.0438095 0.844238
0 0.57373 0.898095 0.0419922 0.0590476 0.847656
0 0.529785 0.937143 0.0439453 0.0761905 0.858887
0 0.680176 0.767619 0.0498047 0.0533333 0.868164
0 0.908691 0.0371429 0.0419922 0.0742857 0.87793
0 0.832031 0.0733333 0.0390625 0.0819048 0.881348
0 0.620117 0.778095 0.0371094 0.0438095 0.891602
0 0.941895 0.189524 0.0439453 0.0514286 0.893066
0 0.884277 0.0590476 0.0419922 0.08 0.896973
