0 0.913574 0.148571 0.0263672 0.0342857 0.320557
0 0.0634766 0.0752381 0.0371094 0.0438095 0.451172
1 0.771484 0.824762 0.101562 0.0647619 0.463135
0 0.172852 0.840952 0.0449219 0.0590476 0.513184
1 0.54248 0.77619 0.0732422 0.100952 0.596191
0 0.158691 0.0285714 0.0439453 0.0571429 0.620117
0 0.133789 0.104762 0.0371094 0.0571429 0.640625
0 0.928223 0.0247619 0.0400391 0.0495238 0.652832
0 0.654785 0.87619 0.0419922 0.0380952 0.681152
0 0.777832 0.774286 0.0439453 0.0438095 0.751465
0 0.804688 0.0266667 0.0292969 0.0533333 0.771484
0 0.506348 0.848571 0.0419922 0.0361905 0.772949
0 0.0366211 0.180952 0.0302734 0.0342857 0.775879
0 0.0751953 0.101905 0.0351562 0.047619 0.786621
0 0.962402 0.20381 0.0400391 0.0457143 0.80127
0 0.674805 0.769524 0.0488281 0.0533333 0.818359
0 0.876465 0.789524 0.0380859 0.0514286 0.818848
0 0.731934 0.744762 0.0361328 0.0419048 0.831055
0 0.847168 0.860952 0.0419922 0.0533333 0.836914
0 0.82666 0.759048 0.0458984 0.0438095 0.839355
0 0.90918 0.101905 0.0449219 0.0780952 0.86377
0 0.0952148 0.911429 0.0341797 0.0628571 0.864746
0 0.574219 0.897143 0.0429688 0.0609524 0.865723
0 0.922852 0.811429 0.0371094 0.0533333 0.868164
0 0.837891 0.0838095 0.0390625 0.0838095 0.870117
0 0.947266 0.0885714 0.046875 0.0666667 0.872559
0 0.608887 0.772381 0.0361328 0.0361905 0.875977
0 0.530273 0.938095 0.0429688 0.0742857 0.876953
0 0.10791 0.945714 0.0439453 0.0742857 0.883789
