0 0.0605469 0.173333 0.0390625 0.0419048 0.4375
0 0.0512695 0.152381 0.0439453 0.0419048 0.592285
0 0.0888672 0.931429 0.0351562 0.0647619 0.618164
0 0.634766 0.878095 0.046875 0.0419048 0.660156
0 0.15625 0.0209524 0.0351562 0.0419048 0.672852
0 0.987305 0.219048 0.0253906 0.0380952 0.733398
0 0.928223 0.0238095 0.0400391 0.047619 0.797852
0 0.775391 0.77619 0.0429688 0.0438095 0.818359
0 0.574219 0.897143 0.0429688 0.0609524 0.830078
0 0.446777 0.84381 0.0400391 0.0380952 0.832031
0 0.875977 0.789524 0.0371094 0.0514286 0.841797
0 0.729004 0.744762 0.0380859 0.0419048 0.84375
0 0.921875 0.810476 0.0390625 0.0552381 0.849121
0 0.837402 0.0361905 0.0341797 0.072381 0.850586
0 0.671387 0.769524 0.0478516 0.0571429 0.852539
0 0.82666 0.759048 0.0458984 0.0438095 0.86084
0 0.589844 0.772381 0.0371094 0.04 0.875977
0 0.81543 0.0552381 0.03125 0.0685714 0.876953
0 0.530273 0.937143 0.0429688 0.0761905 0.87793
0 0.96875 0.16 0.0449219 0.0533333 0.881836
0 0.861816 0.134286 0.0400391 0.0742857 0.884277
0 0.847656 0.862857 0.0390625 0.0495238 0.886719
0 0.932617 0.067619 0.0390625 0.0628571 0.894043
0 0.90625 0.0914286 0.0410156 0.0685714 0.904785
0 0.139648 0.101905 0.03125 0.0552381 0.915527
