1 0.530762 0.785714 0.0751953 0.11619 0.275879
0 0.12207 0.032381 0.03125 0.0533333 0.316895
0 0.980957 0.184762 0.0283203 0.0304762 0.54834
0 0.928711 0.0247619 0.0390625 0.0495238 0.67334
0 0.775391 0.775238 0.0429688 0.0419048 0.696777
0 0.991211 0.125714 0.0175781 0.0457143 0.718262
0 0.985352 0.218095 0.0292969 0.04 0.722656
0 0.832031 0.0257143 0.0292969 0.0514286 0.724609
0 0.0229492 0.182857 0.0400391 0.0380952 0.751465
0 0.105469 0.138095 0.0332031 0.0514286 0.751953
0 0.875977 0.790476 0.0371094 0.0495238 0.82959
0 0.730957 0.744762 0.0361328 0.0419048 0.833496
0 0.466309 0.845714 0.0419922 0.0380952 0.836914
0 0.90625 0.0314286 0.0371094 0.0628571 0.838379
0 0.922852 0.810476 0.0390625 0.0552381 0.845703
0 0.82666 0.76 0.0458984 0.0419048 0.848145
0 0.849121 0.112381 0.0400391 0.08 0.858398
0 0.131348 0.0466667 0.0341797 0.0590476 0.858398
0 0.671875 0.770476 0.0488281 0.0552381 0.862793
0 0.574219 0.897143 0.0429688 0.0609524 0.866699
0 0.847656 0.862857 0.0390625 0.0495238 0.873535
0 0.529785 0.938095 0.0439453 0.0742857 0.87793
0 0.812012 0.0447619 0.0322266 0.0704762 0.88916
0 0.890625 0.0666667 0.0410156 0.072381 0.899414
0 0.593262 0.772381 0.0361328 0.04 0.901855
0 0.948242 0.145714 0.0449219 0.0590476 0.90332
