0 0.895996 0.02 0.0341797 0.04 0.348389
0 0.968262 0.179048 0.0283203 0.0266667 0.520996
0 0.0878906 0.153333 0.0332031 0.047619 0.56543
0 0.118164 0.0628571 0.0351562 0.0571429 0.707031
0 0.930664 0.0247619 0.0371094 0.0495238 0.75
0 0.98291 0.215238 0.0341797 0.0380952 0.799805
0 0.775391 0.775238 0.0429688 0.0419048 0.813477
0 0.983398 0.120952 0.0332031 0.0514286 0.827637
0 0.731445 0.744762 0.0371094 0.0419048 0.831055
0 0.477051 0.848571 0.0419922 0.0361905 0.831055
0 0.876465 0.791429 0.0361328 0.0514286 0.842285
0 0.922852 0.811429 0.0390625 0.0533333 0.843262
0 0.80957 0.0380952 0.03125 0.0685714 0.852051
0 0.847656 0.862857 0.0390625 0.0495238 0.858398
0 0.57373 0.898095 0.0419922 0.0590476 0.865723
0 0.939453 0.137143 0.046875 0.0647619 0.866699
0 0.82666 0.759048 0.0458984 0.0438095 0.867188
0 0.671875 0.769524 0.0488281 0.0533333 0.870605
0 0.596191 0.773333 0.0361328 0.0380952 0.885254
0 0.529785 0.938095 0.0439453 0.0742857 0.887695
0 0.882812 0.0542857 0.0390625 0.0742857 0.910645
0 0.845215 0.101905 0.0400391 0.0819048 0.918945
