1 0.770996 0.826667 0.0966797 0.0685714 0.287354
0 0.802246 0.0219048 0.0263672 0.0438095 0.325684
0 0.00976562 0.18 0.0195312 0.0552381 0.34668
0 0.0351562 0.092381 0.0351562 0.0361905 0.488037
1 0.54834 0.773333 0.0771484 0.0952381 0.580078
0 0.928711 0.0247619 0.0410156 0.0495238 0.58252
0 0.124512 0.872381 0.0361328 0.0647619 0.692383
0 0.0454102 0.117143 0.0322266 0.0361905 0.748535
0 0.526855 0.845714 0.0419922 0.0380952 0.800293
0 0.847656 0.860952 0.0410156 0.0533333 0.808594
0 0.780273 0.774286 0.0429688 0.0438095 0.811035
0 0.73291 0.744762 0.0361328 0.0419048 0.819824
0 0.876465 0.791429 0.0380859 0.0514286 0.820801
0 0.21582 0.819048 0.0351562 0.0419048 0.82959
0 0.660645 0.875238 0.0439453 0.0438095 0.82959
0 0.949219 0.192381 0.0449219 0.0533333 0.845703
0 0.128906 0.918095 0.0449219 0.072381 0.847656
0 0.827148 0.76 0.0449219 0.0457143 0.853027
0 0.677734 0.767619 0.0488281 0.0533333 0.856445
0 0.922852 0.811429 0.0390625 0.0533333 0.856445
0 0.130371 0.0571429 0.0419922 0.0761905 0.86377
0 0.529785 0.938095 0.0439453 0.0742857 0.869629
0 0.616699 0.775238 0.0361328 0.0380952 0.882324
0 0.57373 0.897143 0.0439453 0.0609524 0.885254
0 0.920898 0.0542857 0.0449219 0.0780952 0.893555
0 0.833984 0.0771429 0.0390625 0.0819048 0.898438
0 0.891113 0.0733333 0.0419922 0.0819048 0.90332
