0 0.027832 0.137143 0.0322266 0.0342857 0.290771
0 0.949219 0.174286 0.0273438 0.0285714 0.368408
0 0.0219727 0.115238 0.0380859 0.04 0.376953
0 0.0859375 0.968571 0.0429688 0.0628571 0.488037
0 0.161133 0.067619 0.0371094 0.0628571 0.562012
0 0.0625 0.141905 0.03125 0.0361905 0.581055
0 0.143555 0.866667 0.0371094 0.0571429 0.601562
0 0.0708008 0.165714 0.0322266 0.0419048 0.766113
0 0.928711 0.0257143 0.0410156 0.0514286 0.782227
0 0.0717773 0.946667 0.0361328 0.0647619 0.784668
0 0.775879 0.775238 0.0439453 0.0419048 0.796387
0 0.486816 0.849524 0.0419922 0.0380952 0.811523
0 0.732422 0.745714 0.0371094 0.04 0.813965
0 0.876465 0.791429 0.0380859 0.0514286 0.833496
0 0.922852 0.810476 0.0390625 0.0552381 0.841309
0 0.979004 0.213333 0.0400391 0.0457143 0.84668
0 0.529785 0.938095 0.0439453 0.0742857 0.85791
0 0.847656 0.862857 0.0390625 0.0495238 0.860352
0 0.82666 0.759048 0.0458984 0.0438095 0.86084
0 0.671875 0.769524 0.0488281 0.0533333 0.868164
0 0.10498 0.0790476 0.0361328 0.0552381 0.879395
0 0.574219 0.897143 0.0449219 0.0609524 0.879395
0 0.928223 0.126667 0.0458984 0.0704762 0.883789
0 0.600586 0.772381 0.0351562 0.0361905 0.884277
0 0.974609 0.111429 0.046875 0.0590476 0.885254
0 0.808105 0.0333333 0.0302734 0.0666667 0.88916
0 0.875 0.0390476 0.0390625 0.0742857 0.891113
0 0.841797 0.0942857 0.0390625 0.0819048 0.908203
