0 0.105469 0.100952 0.0351562 0.0571429 0.308838
0 0.0478516 0.0857143 0.0429688 0.0495238 0.311768
1 0.770508 0.824762 0.101562 0.0647619 0.511719
0 0.847656 0.862857 0.0390625 0.0495238 0.573242
1 0.54541 0.775238 0.0771484 0.0990476 0.624023
0 0.803223 0.0247619 0.0302734 0.0495238 0.650879
0 0.928223 0.0247619 0.0400391 0.0495238 0.652832
0 0.116699 0.121905 0.0361328 0.0571429 0.665039
0 0.0615234 0.106667 0.0371094 0.0457143 0.680176
0 0.656738 0.875238 0.0439453 0.04 0.688965
0 0.193848 0.828571 0.0380859 0.0495238 0.711914
0 0.0214844 0.18381 0.0332031 0.0361905 0.716309
0 0.109375 0.892381 0.0371094 0.0628571 0.735352
0 0.778809 0.774286 0.0439453 0.0438095 0.735352
0 0.875488 0.789524 0.0361328 0.0514286 0.784668
0 0.953613 0.197143 0.0439453 0.0514286 0.790039
0 0.922852 0.811429 0.0371094 0.0533333 0.79541
0 0.731934 0.744762 0.0361328 0.0419048 0.805664
0 0.118164 0.932381 0.0449219 0.0742857 0.81543
0 0.187012 0.0409524 0.0419922 0.0819048 0.824219
0 0.82666 0.76 0.0458984 0.0457143 0.82666
0 0.675781 0.767619 0.0488281 0.0533333 0.838379
0 0.516113 0.848571 0.0419922 0.0361905 0.848633
0 0.613281 0.774286 0.0351562 0.0361905 0.852051
0 0.834961 0.0809524 0.0410156 0.0819048 0.867676
0 0.530273 0.938095 0.0429688 0.0742857 0.874023
0 0.57373 0.897143 0.0439453 0.0609524 0.886719
0 0.899902 0.0885714 0.0458984 0.0819048 0.888672
0 0.145508 0.0380952 0.0449219 0.0761905 0.897461
0 0.93457 0.072381 0.046875 0.072381 0.902832
