1 0.755371 0.829524 0.0947266 0.0704762 0.263428
0 0.636719 0.878095 0.0488281 0.0419048 0.308838
0 0.0102539 0.0761905 0.0205078 0.0304762 0.316162
0 0.991211 0.185714 0.0175781 0.032381 0.375488
0 0.528809 0.787619 0.0771484 0.12381 0.376709
0 0.0996094 0.915238 0.0351562 0.0628571 0.550293
1 0.52832 0.787619 0.0761719 0.12 0.569336
0 0.0341797 0.159048 0.0410156 0.04 0.640137
0 0.929688 0.0238095 0.0371094 0.047619 0.685547
0 0.0424805 0.18 0.0400391 0.04 0.730469
0 0.0126953 0.101905 0.0253906 0.0285714 0.744141
0 0.986816 0.218095 0.0263672 0.04 0.756836
0 0.775391 0.77619 0.0429688 0.0438095 0.802246
0 0.729492 0.744762 0.0371094 0.0419048 0.835449
0 0.875977 0.790476 0.0371094 0.0495238 0.841797
0 0.835449 0.0314286 0.0341797 0.0628571 0.852539
0 0.456543 0.84381 0.0419922 0.0380952 0.854004
0 0.573242 0.897143 0.0429688 0.0609524 0.861816
0 0.530273 0.937143 0.0429688 0.0761905 0.86377
0 0.922852 0.810476 0.0390625 0.0552381 0.865234
0 0.82666 0.759048 0.0458984 0.0438095 0.865723
0 0.671875 0.769524 0.0488281 0.0571429 0.872559
0 0.123047 0.120952 0.03125 0.0514286 0.880859
0 0.918945 0.0466667 0.0390625 0.0666667 0.881836
0 0.854492 0.122857 0.0410156 0.0780952 0.885742
0 0.958496 0.152381 0.0458984 0.0571429 0.890625
0 0.591309 0.772381 0.0361328 0.04 0.891602
0 0.847656 0.862857 0.0390625 0.0495238 0.89209
0 0.899414 0.08 0.0410156 0.0685714 0.902344
0 0.813965 0.0504762 0.0322266 0.0704762 0.904785
0 0.144043 0.0304762 0.0341797 0.0609524 0.906738
