0 0.0595703 0.138095 0.0390625 0.047619 0.497803
1 0.553223 0.770476 0.0771484 0.0857143 0.539551
0 0.876465 0.790476 0.0341797 0.0495238 0.584473
0 0.898438 0.0257143 0.0351562 0.0514286 0.654297
0 0.150391 0.892381 0.0429688 0.0666667 0.661621
0 0.666016 0.875238 0.0429688 0.04 0.668945
0 0.928711 0.0257143 0.0410156 0.0514286 0.726074
0 0.847656 0.861905 0.0410156 0.0514286 0.729004
0 0.141113 0.113333 0.0458984 0.0819048 0.731934
0 0.780273 0.774286 0.0429688 0.0438095 0.738281
0 0.54541 0.84 0.0419922 0.0419048 0.74707
0 0.573242 0.898095 0.0410156 0.0590476 0.755371
0 0.82666 0.76 0.0458984 0.0457143 0.805664
0 0.73291 0.744762 0.0361328 0.0419048 0.806641
0 0.529785 0.937143 0.0439453 0.0761905 0.814453
0 0.100586 0.0895238 0.0449219 0.072381 0.819824
0 0.922852 0.810476 0.0371094 0.0514286 0.825684
0 0.989258 0.219048 0.0214844 0.0457143 0.826172
0 0.015625 0.127619 0.03125 0.0419048 0.826172
0 0.162598 0.833333 0.0361328 0.0590476 0.830566
0 0.936035 0.18381 0.0439453 0.0552381 0.851562
0 0.681641 0.765714 0.0507812 0.0533333 0.856445
0 0.262207 0.807619 0.0361328 0.0342857 0.864746
0 0.831055 0.0704762 0.0371094 0.0838095 0.869141
0 0.624512 0.780952 0.0380859 0.0457143 0.878906
0 0.877441 0.0419048 0.0419922 0.08 0.89209
