0 0.446289 0.752381 0.0195312 0.0190476 0.252197
0 0.0297852 0.177143 0.0478516 0.0571429 0.292236
0 0.989746 0.165714 0.0205078 0.0380952 0.487793
0 0.73584 0.745714 0.0361328 0.04 0.629883
1 0.583008 0.760952 0.078125 0.0742857 0.648926
0 0.989746 0.11619 0.0205078 0.0457143 0.672363
0 0.928223 0.0247619 0.0400391 0.0495238 0.718262
0 0.679199 0.875238 0.0439453 0.04 0.722168
0 0.602539 0.826667 0.0429688 0.0380952 0.749023
0 0.78125 0.774286 0.0429688 0.0438095 0.772461
0 0.0888672 0.0885714 0.046875 0.0704762 0.79248
0 0.304199 0.796191 0.0322266 0.0342857 0.805176
0 0.234863 0.829524 0.0439453 0.0552381 0.80957
0 0.880859 0.795238 0.0390625 0.0514286 0.824219
0 0.188965 0.899048 0.0439453 0.0647619 0.827148
0 0.821289 0.0447619 0.0390625 0.0819048 0.835938
0 0.82666 0.760952 0.0458984 0.0438095 0.838867
0 0.944824 0.180952 0.0419922 0.0609524 0.844238
0 0.433594 0.809524 0.0351562 0.0342857 0.850586
0 0.57373 0.898095 0.0419922 0.0590476 0.858398
0 0.959473 0.851429 0.0380859 0.0647619 0.858398
0 0.848633 0.86381 0.0410156 0.0514286 0.864746
0 0.134766 0.965714 0.0429688 0.0685714 0.870117
0 0.529785 0.937143 0.0439453 0.0761905 0.87793
0 0.69043 0.76381 0.0488281 0.0533333 0.883789
0 0.671387 0.810476 0.0380859 0.0438095 0.885742
0 0.884277 0.126667 0.0439453 0.0742857 0.891113
0 0.898438 0.0571429 0.0449219 0.0838095 0.908691
