1 0.591309 0.758095 0.0751953 0.0647619 0.292969
0 0.895996 0.80381 0.0361328 0.0533333 0.369873
0 0.012207 0.18 0.0244141 0.0628571 0.552246
0 0.73584 0.744762 0.0361328 0.0419048 0.586426
0 0.928223 0.0247619 0.0400391 0.0495238 0.666504
0 0.614258 0.826667 0.0449219 0.0380952 0.682129
0 0.679688 0.87619 0.0429688 0.0380952 0.688477
0 0.0473633 0.0857143 0.0458984 0.0571429 0.695312
0 0.34668 0.799048 0.03125 0.032381 0.731934
0 0.78125 0.774286 0.0429688 0.0438095 0.742188
0 0.259766 0.819048 0.0410156 0.0533333 0.768066
0 0.813965 0.0333333 0.0380859 0.0666667 0.784668
0 0.880371 0.0257143 0.0322266 0.0514286 0.793945
0 0.82666 0.759048 0.0458984 0.0438095 0.804199
0 0.976562 0.879048 0.0371094 0.0704762 0.807617
0 0.852539 0.865714 0.0390625 0.0514286 0.813477
0 0.0620117 0.112381 0.0458984 0.0609524 0.816406
0 0.476562 0.809524 0.0351562 0.0342857 0.845215
0 0.0800781 0.910476 0.0429688 0.0761905 0.86377
0 0.92627 0.16 0.0419922 0.072381 0.864746
0 0.57373 0.897143 0.0439453 0.0609524 0.864746
0 0.530273 0.937143 0.0429688 0.0761905 0.867676
0 0.689941 0.76381 0.0498047 0.0533333 0.869141
0 0.874512 0.110476 0.0439453 0.0761905 0.875488
0 0.978027 0.106667 0.0439453 0.0533333 0.878906
0 0.139648 0.0380952 0.0390625 0.0685714 0.879395
0 0.682617 0.810476 0.0371094 0.0361905 0.89209
0 0.157715 0.937143 0.0419922 0.072381 0.896973
