1 0.770508 0.825714 0.0957031 0.0628571 0.290771
0 0.862793 0.0190476 0.0283203 0.0380952 0.323242
0 0.162109 0.0561905 0.0429688 0.0780952 0.323975
0 0.850098 0.0257143 0.0205078 0.0438095 0.433838
0 0.0996094 0.879048 0.0332031 0.0552381 0.443359
1 0.563477 0.765714 0.0761719 0.0761905 0.603027
0 0.734863 0.744762 0.0361328 0.0419048 0.65332
0 0.0493164 0.100952 0.0478516 0.0495238 0.657715
0 0.876465 0.790476 0.0361328 0.0495238 0.676758
0 0.674805 0.875238 0.0449219 0.04 0.686523
0 0.78125 0.774286 0.0429688 0.0438095 0.70166
0 0.847656 0.862857 0.0390625 0.0495238 0.702148
0 0.0566406 0.12381 0.046875 0.0571429 0.751465
0 0.82666 0.759048 0.0458984 0.0438095 0.791992
0 0.928223 0.0247619 0.0400391 0.0495238 0.79248
0 0.828125 0.0628571 0.0371094 0.08 0.805176
0 0.912598 0.161905 0.0439453 0.0609524 0.816895
0 0.224609 0.802857 0.0332031 0.04 0.828613
0 0.976562 0.208571 0.0429688 0.047619 0.837891
0 0.143555 0.0314286 0.0449219 0.0628571 0.839355
0 0.336426 0.805714 0.0361328 0.0342857 0.840332
0 0.570801 0.832381 0.0419922 0.0419048 0.841309
0 0.929688 0.817143 0.0371094 0.0533333 0.84668
0 0.688477 0.764762 0.0488281 0.0514286 0.860352
0 0.57373 0.898095 0.0419922 0.0590476 0.861816
0 0.529785 0.937143 0.0439453 0.0761905 0.867676
0 0.13623 0.952381 0.0439453 0.0685714 0.879395
0 0.962402 0.138095 0.0478516 0.0628571 0.89209
0 0.18457 0.861905 0.0449219 0.0666667 0.901855
0 0.64209 0.796191 0.0400391 0.0571429 0.908691
