0 0.835938 0.0171429 0.0214844 0.0342857 0.30542
0 0.866699 0.027619 0.0361328 0.0552381 0.356689
0 0.672363 0.875238 0.0439453 0.04 0.394043
0 0.0805664 0.906667 0.0380859 0.0647619 0.513184
1 0.55957 0.767619 0.0761719 0.0838095 0.581055
0 0.847656 0.862857 0.0390625 0.0495238 0.648926
0 0.733398 0.744762 0.0371094 0.0419048 0.677246
0 0.921387 0.171429 0.0439453 0.0609524 0.700195
0 0.78125 0.774286 0.0429688 0.0438095 0.716309
0 0.928711 0.0257143 0.0410156 0.0514286 0.739746
0 0.875488 0.790476 0.0361328 0.0495238 0.74707
0 0.82666 0.76 0.0458984 0.0457143 0.797363
0 0.924805 0.813333 0.0390625 0.0571429 0.797852
0 0.981445 0.214286 0.0371094 0.047619 0.809082
0 0.124023 0.96381 0.0449219 0.072381 0.82959
0 0.5625 0.835238 0.0429688 0.04 0.839355
0 0.979004 0.152381 0.0419922 0.0533333 0.839844
0 0.530273 0.938095 0.0449219 0.0742857 0.846191
0 0.312988 0.805714 0.0361328 0.0342857 0.84668
0 0.57373 0.898095 0.0419922 0.0590476 0.848145
0 0.635742 0.789524 0.0390625 0.0514286 0.874512
0 0.686523 0.764762 0.0488281 0.0514286 0.888184
0 0.172363 0.872381 0.0439453 0.0685714 0.893555
0 0.20459 0.809524 0.0341797 0.0457143 0.895508
