0 0.0195312 0.133333 0.0390625 0.0571429 0.432129
0 0.624512 0.82381 0.0419922 0.0361905 0.632812
0 0.927246 0.0247619 0.0419922 0.0495238 0.634766
0 0.263672 0.751429 0.0351562 0.0361905 0.654297
0 0.0952148 0.0885714 0.0380859 0.0552381 0.65625
0 0.680176 0.875238 0.0439453 0.04 0.695312
0 0.57666 0.895238 0.0439453 0.0609524 0.78418
0 0.780762 0.773333 0.0439453 0.0457143 0.827637
0 0.411133 0.800952 0.0332031 0.032381 0.828613
0 0.737305 0.745714 0.0371094 0.0438095 0.833008
0 0.273438 0.864762 0.0410156 0.0380952 0.838379
0 0.530273 0.809524 0.0351562 0.0342857 0.841797
0 0.691406 0.809524 0.0351562 0.0380952 0.851562
0 0.927246 0.84381 0.0380859 0.0647619 0.85498
0 0.828125 0.76 0.0449219 0.0457143 0.856934
0 0.689941 0.76381 0.0498047 0.0533333 0.86084
0 0.292969 0.808571 0.0410156 0.0438095 0.86377
0 0.529785 0.937143 0.0439453 0.0761905 0.875
0 0.195312 0.9 0.0429688 0.0666667 0.882812
0 0.947266 0.0819048 0.046875 0.0647619 0.889648
0 0.87793 0.887619 0.0390625 0.0609524 0.890137
0 0.86084 0.0876191 0.0400391 0.0761905 0.894531
0 0.138184 0.835238 0.0439453 0.0742857 0.895996
0 0.907227 0.130476 0.0410156 0.0742857 0.898438
