0 0.680176 0.875238 0.0439453 0.04 0.603516
0 0.285156 0.750476 0.0351562 0.0380952 0.634766
0 0.579102 0.894286 0.0429688 0.0590476 0.674316
0 0.737305 0.745714 0.0371094 0.0438095 0.728027
0 0.626465 0.824762 0.0400391 0.0342857 0.731934
0 0.928223 0.0238095 0.0400391 0.047619 0.754395
0 0.158691 0.81619 0.0439453 0.0704762 0.760254
0 0.781738 0.773333 0.0439453 0.0457143 0.779785
0 0.429199 0.8 0.0361328 0.0342857 0.780762
0 0.940918 0.861905 0.0361328 0.0704762 0.8125
0 0.54541 0.808571 0.0361328 0.032381 0.818359
0 0.831055 0.761905 0.0449219 0.0457143 0.849121
0 0.293945 0.861905 0.0410156 0.0361905 0.851562
0 0.692871 0.809524 0.0361328 0.0380952 0.858398
0 0.303711 0.806667 0.0390625 0.0438095 0.859863
0 0.530273 0.937143 0.0429688 0.0761905 0.862305
0 0.689941 0.761905 0.0498047 0.0533333 0.868164
0 0.20752 0.891429 0.0419922 0.0609524 0.874512
0 0.938477 0.0714286 0.046875 0.0704762 0.892578
0 0.901367 0.117143 0.0390625 0.0742857 0.896484
0 0.889648 0.90381 0.0390625 0.0628571 0.899414
0 0.856934 0.0790476 0.0400391 0.0780952 0.904785
