0 0.928711 0.0247619 0.0390625 0.0495238 0.579102
1 0.976562 0.222857 0.046875 0.08 0.626953
0 0.0336914 0.125714 0.0361328 0.0380952 0.65625
0 0.680176 0.875238 0.0439453 0.04 0.713867
0 0.787598 0.771429 0.0458984 0.0457143 0.763184
0 0.983398 0.93619 0.0332031 0.0742857 0.765625
0 0.59375 0.887619 0.0429688 0.0533333 0.768066
0 0.626953 0.824762 0.0390625 0.0342857 0.77002
0 0.116211 0.958095 0.0449219 0.072381 0.787109
0 0.739258 0.74381 0.0371094 0.0438095 0.791992
0 0.694336 0.809524 0.0371094 0.0380952 0.811035
0 0.483398 0.80381 0.0332031 0.0304762 0.813477
0 0.345215 0.746667 0.0361328 0.0342857 0.815918
0 0.934082 0.967619 0.0419922 0.0647619 0.819336
0 0.572754 0.807619 0.0361328 0.0342857 0.831543
0 0.688965 0.761905 0.0498047 0.0533333 0.840332
0 0.214844 0.774286 0.0429688 0.0552381 0.848633
0 0.910156 0.0371429 0.0429688 0.0742857 0.858398
0 0.337891 0.800952 0.0410156 0.04 0.861816
0 0.848633 0.765714 0.046875 0.0533333 0.861816
0 0.249023 0.87619 0.0410156 0.0457143 0.868164
0 0.846191 0.0590476 0.0400391 0.0838095 0.886719
0 0.534668 0.932381 0.0439453 0.0742857 0.886719
0 0.355957 0.856191 0.0400391 0.04 0.891602
0 0.880859 0.067619 0.0390625 0.0819048 0.89502
