0 0.200195 0.856191 0.0449219 0.0590476 0.4646
0 0.427734 0.920952 0.0429688 0.0590476 0.550293
0 0.0380859 0.129524 0.0410156 0.0457143 0.567383
0 0.625977 0.88 0.0410156 0.0380952 0.671387
0 0.498535 0.747619 0.0322266 0.0285714 0.697266
0 0.928711 0.0247619 0.0390625 0.0495238 0.705078
0 0.540039 0.80381 0.03125 0.0304762 0.711914
0 0.567871 0.901905 0.0478516 0.0666667 0.713867
0 0.0332031 0.109524 0.0449219 0.0514286 0.71582
0 0.679688 0.87619 0.0429688 0.0380952 0.770508
0 0.984375 0.929524 0.03125 0.0990476 0.782715
0 0.581055 0.806667 0.0351562 0.032381 0.815918
0 0.977051 0.162857 0.0361328 0.04 0.822754
0 0.206543 0.874286 0.0439453 0.0609524 0.82959
0 0.647949 0.821905 0.0400391 0.0361905 0.832031
0 0.522461 0.849524 0.0390625 0.0380952 0.84082
1 0.641602 0.757143 0.0761719 0.0628571 0.852051
0 0.384277 0.747619 0.0419922 0.04 0.853516
0 0.745605 0.806667 0.0380859 0.04 0.855469
0 0.891602 0.789524 0.0449219 0.0552381 0.858398
0 0.740234 0.750476 0.046875 0.0457143 0.867676
0 0.452637 0.8 0.0400391 0.0380952 0.874512
0 0.156738 0.839048 0.0361328 0.0590476 0.887207
0 0.206543 0.793333 0.0439453 0.0590476 0.892578
0 0.142578 0.93619 0.0410156 0.0666667 0.897949
0 0.131348 0.0638095 0.0361328 0.0666667 0.903809
0 0.291504 0.830476 0.0419922 0.0457143 0.910645
