0 0.1875 0.851429 0.0488281 0.0647619 0.293945
0 0.824219 0.0180952 0.0253906 0.0361905 0.334229
0 0.0561523 0.967619 0.0361328 0.0647619 0.424072
1 0.617188 0.75619 0.0761719 0.0533333 0.436768
0 0.408203 0.832381 0.0273438 0.0266667 0.505371
0 0.109863 0.964762 0.0458984 0.0704762 0.540527
0 0.19873 0.871429 0.0439453 0.0666667 0.631348
0 0.0986328 0.895238 0.0449219 0.0761905 0.711914
0 0.929688 0.0247619 0.0390625 0.0495238 0.719727
1 0.922363 0.165714 0.0986328 0.114286 0.729492
0 0.614746 0.880952 0.0400391 0.0438095 0.739746
0 0.532715 0.80381 0.0322266 0.0304762 0.748535
0 0.111328 0.0742857 0.0429688 0.0685714 0.75293
0 0.579102 0.807619 0.0351562 0.0304762 0.787598
0 0.435059 0.746667 0.0322266 0.0304762 0.798828
0 0.679688 0.875238 0.0429688 0.04 0.799316
0 0.766602 0.74381 0.0371094 0.04 0.805664
0 0.627441 0.82381 0.0419922 0.0361905 0.808594
0 0.821777 0.767619 0.0419922 0.0419048 0.834473
0 0.695801 0.808571 0.0380859 0.04 0.864258
0 0.329102 0.875238 0.0371094 0.0361905 0.867676
0 0.69043 0.76381 0.0488281 0.0495238 0.873535
0 0.295898 0.751429 0.0410156 0.0438095 0.874512
0 0.399902 0.8 0.0400391 0.0380952 0.875488
0 0.453125 0.851429 0.0390625 0.0380952 0.886719
0 0.54834 0.919048 0.0439453 0.0704762 0.88916
0 0.912598 0.807619 0.0498047 0.072381 0.912598
