1 0.92334 0.159048 0.129883 0.154286 0.294189
0 0.486816 0.781905 0.0302734 0.0285714 0.384766
1 0.619141 0.755238 0.0742188 0.0514286 0.432129
0 0.424805 0.833333 0.0273438 0.0247619 0.486084
0 0.124023 0.949524 0.0449219 0.0742857 0.614258
0 0.0991211 0.0857143 0.0439453 0.0685714 0.685547
0 0.617676 0.881905 0.0400391 0.0419048 0.700684
0 0.117676 0.870476 0.0419922 0.072381 0.721191
0 0.831055 0.768571 0.0410156 0.0438095 0.731934
0 0.679688 0.875238 0.0429688 0.04 0.745605
0 0.928711 0.0247619 0.0410156 0.0495238 0.771484
0 0.449707 0.746667 0.0322266 0.0304762 0.771484
0 0.536621 0.802857 0.0322266 0.032381 0.786133
0 0.579102 0.807619 0.0351562 0.0304762 0.803711
0 0.62793 0.82381 0.0410156 0.0361905 0.818359
0 0.469238 0.851429 0.0400391 0.0380952 0.842285
0 0.21582 0.860952 0.0429688 0.0571429 0.853516
0 0.345215 0.879048 0.0400391 0.04 0.862793
0 0.30957 0.749524 0.0410156 0.04 0.864746
0 0.55127 0.914286 0.0439453 0.0685714 0.867676
0 0.410645 0.8 0.0400391 0.0380952 0.872559
0 0.691895 0.76381 0.0478516 0.0533333 0.874512
0 0.697266 0.809524 0.0390625 0.0419048 0.887207
0 0.925781 0.821905 0.0488281 0.0742857 0.915527
