0 0.0117188 0.128571 0.0234375 0.0514286 0.258057
1 0.885742 0.114286 0.09375 0.140952 0.269043
0 0.10498 0.894286 0.0341797 0.0590476 0.424072
1 0.624512 0.752381 0.0732422 0.0495238 0.463135
0 0.540039 0.80381 0.03125 0.0304762 0.478271
0 0.928711 0.0238095 0.0390625 0.047619 0.491211
0 0.0673828 0.0838095 0.0429688 0.0495238 0.594238
0 0.473633 0.746667 0.0332031 0.0342857 0.661621
0 0.580078 0.807619 0.0332031 0.0304762 0.722656
0 0.074707 0.105714 0.0439453 0.0552381 0.736816
0 0.679688 0.875238 0.0429688 0.04 0.761719
0 0.853027 0.771429 0.0419922 0.0495238 0.785156
0 0.156738 0.915238 0.0439453 0.0704762 0.790039
0 0.154297 0.835238 0.0449219 0.0742857 0.8125
0 0.631348 0.82381 0.0419922 0.0361905 0.818359
0 0.622559 0.88 0.0419922 0.0419048 0.820312
0 0.496094 0.849524 0.0390625 0.0380952 0.830566
0 0.428711 0.8 0.0410156 0.0419048 0.845703
0 0.379395 0.894286 0.0400391 0.047619 0.854492
0 0.338867 0.748571 0.0410156 0.0380952 0.876953
0 0.702148 0.760952 0.0488281 0.047619 0.876953
0 0.711426 0.807619 0.0380859 0.0380952 0.881836
0 0.247559 0.844762 0.0439453 0.0552381 0.889648
0 0.557617 0.909524 0.0449219 0.0666667 0.894531
0 0.953125 0.859048 0.0488281 0.08 0.921387
