0 0.987305 0.910476 0.0253906 0.0914286 0.332764
0 0.62793 0.88 0.0410156 0.0380952 0.348633
0 0.168945 0.80381 0.0390625 0.0609524 0.397705
0 0.108887 0.0990476 0.0361328 0.0609524 0.435547
1 0.715332 0.751429 0.0732422 0.047619 0.518066
0 0.120605 0.12 0.0380859 0.0647619 0.601562
0 0.679688 0.875238 0.0429688 0.04 0.6875
0 0.931152 0.822857 0.0400391 0.072381 0.711914
0 0.544434 0.745714 0.0341797 0.032381 0.758789
0 0.729004 0.814286 0.0419922 0.0438095 0.765625
0 0.928711 0.0247619 0.0410156 0.0495238 0.768555
0 0.552734 0.804762 0.0332031 0.032381 0.802734
0 0.251953 0.77619 0.0390625 0.0438095 0.814941
0 0.847656 0.772381 0.0488281 0.0552381 0.831055
0 0.511719 0.944762 0.0390625 0.0380952 0.837402
0 0.579102 0.893333 0.0429688 0.0571429 0.850098
0 0.664551 0.805714 0.0361328 0.0342857 0.851074
0 0.0649414 0.0942857 0.0419922 0.0552381 0.856445
0 0.955566 0.148571 0.0400391 0.0495238 0.86377
0 0.0283203 0.162857 0.0371094 0.0438095 0.869629
0 0.463379 0.74381 0.0400391 0.0361905 0.87207
0 0.310059 0.834286 0.0439453 0.0419048 0.873047
0 0.325195 0.754286 0.0410156 0.0380952 0.873047
0 0.249023 0.854286 0.0410156 0.0514286 0.875488
0 0.38916 0.828571 0.0419922 0.0419048 0.875977
0 0.150391 0.0371429 0.0449219 0.0742857 0.880859
0 0.474121 0.800952 0.0400391 0.04 0.883789
0 0.545898 0.846667 0.0390625 0.04 0.884277
0 0.89502 0.0857143 0.0361328 0.0609524 0.886719
0 0.855469 0.838095 0.0390625 0.0495238 0.887207
0 0.146973 0.911429 0.0439453 0.0704762 0.891602
