0 0.541504 0.820952 0.0361328 0.0304762 0.33252
0 0.483398 0.973333 0.0214844 0.0495238 0.358887
0 0.20166 0.02 0.0380859 0.04 0.36792
0 0.114258 0.874286 0.0351562 0.0609524 0.468262
0 0.628418 0.88 0.0400391 0.0380952 0.549316
0 0.679688 0.87619 0.0429688 0.0380952 0.606445
0 0.18457 0.87619 0.0429688 0.0609524 0.702148
0 0.568359 0.746667 0.0332031 0.0304762 0.713379
0 0.982422 0.170476 0.0351562 0.0438095 0.714844
0 0.210449 0.773333 0.0361328 0.0457143 0.735352
0 0.0112305 0.113333 0.0224609 0.0438095 0.772949
0 0.928711 0.0247619 0.0410156 0.0495238 0.783691
0 0.771484 0.818095 0.0507812 0.0552381 0.830078
0 0.29834 0.767619 0.0322266 0.0342857 0.833008
0 0.494141 0.74381 0.0429688 0.0361905 0.839355
0 0.57959 0.893333 0.0419922 0.0571429 0.840332
0 0.584473 0.80381 0.0322266 0.0304762 0.844238
0 0.552734 0.846667 0.0390625 0.04 0.850586
0 0.484863 0.8 0.0400391 0.0380952 0.860352
0 0.860352 0.0304762 0.0371094 0.0609524 0.864746
0 0.921875 0.114286 0.0429688 0.0647619 0.866699
0 0.368652 0.753333 0.0400391 0.04 0.869141
0 0.350586 0.826667 0.0410156 0.0419048 0.87207
0 0.709961 0.802857 0.0371094 0.04 0.873047
0 0.429199 0.835238 0.0400391 0.04 0.885742
0 0.287598 0.84381 0.0400391 0.0457143 0.88916
0 0.904297 0.88 0.0390625 0.0609524 0.893555
0 0.533691 0.932381 0.0419922 0.0552381 0.896484
0 0.889648 0.8 0.0527344 0.0685714 0.896973
0 0.0947266 0.0866667 0.0429688 0.0628571 0.90918
