0 0.198242 0.782857 0.0371094 0.0533333 0.284424
0 0.00537109 0.170476 0.0107422 0.047619 0.299805
0 0.0996094 0.893333 0.0351562 0.0647619 0.355469
0 0.960449 0.867619 0.0341797 0.0666667 0.375488
0 0.628418 0.88 0.0400391 0.0380952 0.584473
0 0.989258 0.175238 0.0214844 0.0380952 0.595215
0 0.172363 0.886667 0.0419922 0.0628571 0.75293
0 0.752441 0.812381 0.0517578 0.0552381 0.763184
0 0.560059 0.745714 0.0341797 0.0285714 0.773438
0 0.679688 0.87619 0.0429688 0.0380952 0.78125
0 0.928223 0.0247619 0.0400391 0.0495238 0.806152
0 0.693359 0.801905 0.0390625 0.0419048 0.816895
0 0.0234375 0.112381 0.0410156 0.0419048 0.833984
0 0.283203 0.769524 0.0332031 0.0380952 0.841309
0 0.479492 0.800952 0.0410156 0.04 0.847656
0 0.356445 0.752381 0.0390625 0.0380952 0.852539
0 0.483887 0.74381 0.0400391 0.0361905 0.852539
0 0.571289 0.80381 0.0332031 0.0304762 0.86084
0 0.549805 0.846667 0.0410156 0.04 0.866699
0 0.580078 0.892381 0.0429688 0.0590476 0.867676
0 0.932617 0.127619 0.0410156 0.0609524 0.875488
0 0.52832 0.937143 0.0410156 0.0495238 0.878418
0 0.337891 0.829524 0.0410156 0.04 0.878418
0 0.888672 0.86381 0.0390625 0.0590476 0.879883
0 0.275391 0.846667 0.0410156 0.047619 0.88916
0 0.416992 0.832381 0.0410156 0.0419048 0.892578
0 0.877441 0.788571 0.0498047 0.0609524 0.894043
0 0.114258 0.072381 0.0429688 0.0647619 0.898438
0 0.871582 0.047619 0.0361328 0.0647619 0.904297
