0 0.0981445 0.113333 0.0380859 0.0552381 0.424072
0 0.192383 0.787619 0.0351562 0.0514286 0.424072
0 0.18457 0.86 0.0429688 0.0704762 0.491943
0 0.62793 0.879048 0.0410156 0.04 0.514648
1 0.937012 0.828571 0.0810547 0.110476 0.527344
0 0.254883 0.760952 0.0371094 0.0438095 0.530762
0 0.928711 0.0247619 0.0410156 0.0495238 0.697266
0 0.680176 0.875238 0.0419922 0.04 0.70752
0 0.964355 0.968571 0.0419922 0.0628571 0.765625
0 0.167969 0.0704762 0.0351562 0.0647619 0.775391
0 0.57959 0.891429 0.0419922 0.0609524 0.780273
0 0.652832 0.830476 0.0400391 0.0380952 0.794434
0 0.70459 0.739048 0.0341797 0.0342857 0.803223
0 0.110352 0.134286 0.0429688 0.0666667 0.805176
0 0.0332031 0.18 0.0371094 0.04 0.817383
0 0.774902 0.810476 0.0322266 0.0361905 0.819824
0 0.60791 0.794286 0.0400391 0.0380952 0.834473
0 0.625977 0.741905 0.0410156 0.04 0.836914
0 0.251953 0.846667 0.0410156 0.047619 0.839355
0 0.344727 0.748571 0.0371094 0.0342857 0.84082
0 0.119141 0.948571 0.0449219 0.0761905 0.847656
0 0.333496 0.813333 0.0419922 0.0419048 0.855469
0 0.426758 0.760952 0.0332031 0.0361905 0.855957
0 0.539551 0.928571 0.0400391 0.0628571 0.864746
0 0.48584 0.748571 0.0400391 0.0380952 0.864746
0 0.475586 0.815238 0.0410156 0.0380952 0.866211
0 0.40625 0.825714 0.0390625 0.04 0.872559
0 0.893066 0.868571 0.0361328 0.0533333 0.880859
0 0.54834 0.833333 0.0419922 0.04 0.885742
0 0.116699 0.864762 0.0400391 0.072381 0.88916
0 0.0449219 0.95619 0.0507812 0.0876191 0.891602
0 0.510254 0.899048 0.0400391 0.0838095 0.895996
