0 0.0332031 0.974286 0.0429688 0.0514286 0.260254
0 0.618164 0.744762 0.0332031 0.0304762 0.30542
0 0.116211 0.860952 0.0332031 0.0609524 0.325684
0 0.191406 0.0285714 0.0429688 0.0571429 0.417969
0 0.679688 0.87619 0.0429688 0.0380952 0.577148
0 0.628418 0.879048 0.0400391 0.04 0.648926
0 0.662598 0.804762 0.0322266 0.0361905 0.71875
0 0.580078 0.892381 0.0410156 0.0590476 0.770996
0 0.928711 0.0247619 0.0410156 0.0495238 0.773926
0 0.554199 0.742857 0.0400391 0.0380952 0.780762
0 0.277344 0.751429 0.0371094 0.04 0.78125
0 0.869141 0.0304762 0.0390625 0.0609524 0.802734
0 0.588867 0.84 0.0410156 0.0419048 0.838867
0 0.174316 0.89619 0.0400391 0.0590476 0.841309
0 0.183105 0.801905 0.0361328 0.0571429 0.848633
0 0.534668 0.798095 0.0400391 0.0380952 0.850098
0 0.494141 0.935238 0.0351562 0.0876191 0.856445
0 0.787109 0.811429 0.0390625 0.0457143 0.859375
0 0.915527 0.126667 0.0419922 0.0628571 0.86084
0 0.539551 0.926667 0.0419922 0.0590476 0.862793
0 0.485352 0.84 0.0410156 0.0419048 0.864746
0 0.351562 0.831429 0.0390625 0.04 0.871094
0 0.410645 0.820952 0.0400391 0.0419048 0.873535
0 0.360352 0.761905 0.0332031 0.0342857 0.876465
0 0.423828 0.750476 0.0410156 0.0380952 0.887695
0 0.251953 0.835238 0.0429688 0.0514286 0.893066
0 0.859375 0.855238 0.0429688 0.0533333 0.89502
0 0.133789 0.110476 0.0410156 0.0647619 0.902832
0 0.969238 0.882857 0.0498047 0.0819048 0.921875
