0 0.157227 0.819048 0.0371094 0.0609524 0.292236
0 0.146973 0.900952 0.0400391 0.0647619 0.434082
1 0.887207 0.793333 0.0810547 0.0933333 0.548828
0 0.679688 0.875238 0.0429688 0.04 0.561035
0 0.311523 0.751429 0.0332031 0.0361905 0.573242
0 0.501465 0.915238 0.0380859 0.0857143 0.711914
0 0.928223 0.0257143 0.0419922 0.0514286 0.724609
0 0.65625 0.740952 0.0332031 0.0342857 0.729492
0 0.915527 0.908571 0.0341797 0.0533333 0.736816
0 0.221191 0.777143 0.0341797 0.0495238 0.751465
0 0.627441 0.88 0.0400391 0.0380952 0.76123
0 0.586426 0.741905 0.0400391 0.0361905 0.775879
0 0.214355 0.864762 0.0380859 0.0533333 0.810547
0 0.716797 0.806667 0.03125 0.0361905 0.812988
0 0.0830078 0.157143 0.0410156 0.0552381 0.820801
0 0.151367 0.0847619 0.0410156 0.0704762 0.836914
0 0.579102 0.892381 0.0410156 0.0590476 0.84375
0 0.618164 0.83619 0.0410156 0.0419048 0.844238
0 0.838379 0.827619 0.0400391 0.0514286 0.857422
0 0.29541 0.820952 0.0419922 0.0419048 0.86084
0 0.0766602 0.920952 0.0400391 0.0704762 0.86377
0 0.574707 0.796191 0.0400391 0.0380952 0.871094
0 0.539551 0.928571 0.0419922 0.0628571 0.873535
0 0.443359 0.818095 0.0410156 0.04 0.873535
0 0.39209 0.76 0.0322266 0.0342857 0.875977
0 0.516602 0.837143 0.0410156 0.04 0.876953
0 0.870605 0.067619 0.0419922 0.0742857 0.895508
0 0.383301 0.827619 0.0400391 0.04 0.896484
0 0.45459 0.749524 0.0400391 0.04 0.902832
