0 0.0581055 0.14381 0.0419922 0.04 0.307129
0 0.0546875 0.120952 0.0429688 0.04 0.425781
0 0.123047 0.08 0.0410156 0.0685714 0.435547
0 0.672363 0.740952 0.0322266 0.0342857 0.4646
0 0.931641 0.926667 0.0390625 0.0628571 0.488037
0 0.680176 0.87619 0.0439453 0.0380952 0.629883
0 0.928711 0.0257143 0.0410156 0.0514286 0.69043
0 0.735352 0.809524 0.0332031 0.0342857 0.697266
0 0.0512695 0.0828571 0.0458984 0.0361905 0.708496
0 0.600098 0.741905 0.0400391 0.0361905 0.741699
0 0.627441 0.88 0.0400391 0.0380952 0.756836
0 0.856445 0.838095 0.0371094 0.0533333 0.758789
0 0.32373 0.749524 0.0361328 0.0361905 0.780762
0 0.0664062 0.165714 0.0390625 0.0457143 0.782715
0 0.504883 0.910476 0.0390625 0.0838095 0.808105
0 0.310059 0.818095 0.0458984 0.04 0.818359
0 0.629395 0.834286 0.0400391 0.0419048 0.836914
0 0.193848 0.0285714 0.0341797 0.0571429 0.841309
0 0.227051 0.86 0.0419922 0.0552381 0.84668
0 0.0908203 0.901905 0.0410156 0.0742857 0.848633
0 0.404297 0.76 0.0332031 0.0342857 0.850098
0 0.57959 0.892381 0.0419922 0.0590476 0.852539
0 0.586426 0.796191 0.0400391 0.0380952 0.858398
0 0.23291 0.772381 0.0361328 0.0514286 0.868164
0 0.855469 0.0409524 0.0429688 0.0780952 0.873047
0 0.540039 0.928571 0.0410156 0.0628571 0.876953
0 0.527344 0.835238 0.0410156 0.04 0.879395
0 0.454102 0.817143 0.0410156 0.0419048 0.879395
0 0.46582 0.747619 0.0410156 0.04 0.881348
0 0.137695 0.102857 0.0410156 0.0685714 0.890625
0 0.391602 0.827619 0.0390625 0.04 0.892578
