0 0.597168 0.744762 0.0341797 0.0304762 0.258057
0 0.157227 0.827619 0.0371094 0.0590476 0.375244
0 0.0883789 0.904762 0.0380859 0.072381 0.394043
0 0.0336914 0.167619 0.0419922 0.0533333 0.435547
0 0.24707 0.757143 0.0429688 0.047619 0.439453
1 0.806152 0.755238 0.0732422 0.0552381 0.473145
0 0.87207 0.821905 0.0410156 0.0628571 0.567871
0 0.62793 0.879048 0.0410156 0.0361905 0.683105
0 0.679688 0.875238 0.0429688 0.04 0.744629
0 0.928223 0.0257143 0.0419922 0.0514286 0.760254
0 0.145996 0.92381 0.0380859 0.0571429 0.774414
0 0.631836 0.805714 0.0332031 0.0304762 0.798828
0 0.572754 0.842857 0.0400391 0.04 0.820312
0 0.756348 0.806667 0.0361328 0.04 0.82373
0 0.57959 0.893333 0.0419922 0.0571429 0.84668
0 0.529785 0.74381 0.0400391 0.0361905 0.848633
0 0.463867 0.839048 0.0410156 0.04 0.85498
0 0.48877 0.954286 0.0322266 0.0838095 0.859863
0 0.538574 0.927619 0.0400391 0.0571429 0.860352
0 0.336426 0.76381 0.0361328 0.0342857 0.862793
0 0.824707 0.83619 0.0439453 0.0495238 0.864746
0 0.51123 0.799048 0.0419922 0.04 0.865234
0 0.222656 0.852381 0.0449219 0.0590476 0.871582
0 0.162109 0.0742857 0.0390625 0.0685714 0.87207
0 0.937012 0.841905 0.0498047 0.0761905 0.883789
0 0.386719 0.822857 0.0410156 0.0419048 0.883789
0 0.889648 0.0638095 0.0390625 0.0742857 0.883789
0 0.401855 0.750476 0.0400391 0.0380952 0.886719
0 0.327148 0.83619 0.0390625 0.0419048 0.886719
0 0.945312 0.151429 0.0429688 0.0514286 0.889648
0 0.955078 0.947619 0.0390625 0.0704762 0.901855
0 0.03125 0.11619 0.0429688 0.0495238 0.916016
