0 0.0361328 0.971429 0.0410156 0.0571429 0.380127
1 0.918457 0.815238 0.0830078 0.106667 0.402344
0 0.0424805 0.151429 0.0380859 0.0361905 0.456543
0 0.10498 0.961905 0.0517578 0.0761905 0.482178
0 0.873535 0.853333 0.0380859 0.0533333 0.608887
0 0.123047 0.12 0.0429688 0.0647619 0.624023
0 0.62793 0.88 0.0410156 0.0380952 0.638672
0 0.841309 0.0285714 0.0400391 0.0571429 0.657715
0 0.928223 0.0247619 0.0400391 0.0495238 0.718262
0 0.0483398 0.17619 0.0419922 0.0438095 0.739746
0 0.244141 0.766667 0.0351562 0.047619 0.761719
0 0.6875 0.74 0.0351562 0.0361905 0.769043
0 0.333984 0.749524 0.0351562 0.0361905 0.775879
0 0.753906 0.809524 0.03125 0.0342857 0.77832
0 0.680176 0.87619 0.0419922 0.0380952 0.781738
0 0.102539 0.882857 0.0410156 0.0742857 0.793945
0 0.507812 0.90381 0.0390625 0.0819048 0.80957
0 0.580078 0.892381 0.0410156 0.0590476 0.812988
0 0.612793 0.741905 0.0419922 0.0361905 0.827148
0 0.946777 0.948571 0.0419922 0.0685714 0.833008
0 0.240723 0.853333 0.0400391 0.0533333 0.833984
0 0.321777 0.814286 0.0419922 0.04 0.835449
0 0.181152 0.0485714 0.0341797 0.0666667 0.835938
0 0.597168 0.794286 0.0419922 0.0380952 0.846191
0 0.416504 0.76 0.0322266 0.0342857 0.851074
0 0.640625 0.831429 0.0410156 0.04 0.854492
0 0.463867 0.81619 0.0410156 0.04 0.856934
0 0.540039 0.928571 0.0410156 0.0590476 0.869141
0 0.475098 0.747619 0.0400391 0.04 0.875488
0 0.538086 0.835238 0.0410156 0.04 0.875977
0 0.398438 0.826667 0.0390625 0.0380952 0.88916
