0 0.486816 0.972381 0.0263672 0.0552381 0.360352
0 0.981445 0.980952 0.03125 0.0380952 0.41626
0 0.877441 0.854286 0.0341797 0.047619 0.439453
0 0.745117 0.820952 0.0410156 0.0419048 0.466309
0 0.679688 0.875238 0.0429688 0.04 0.466797
0 0.0288086 0.16381 0.0439453 0.0457143 0.47998
0 0.628418 0.88 0.0400391 0.0380952 0.569336
0 0.790039 0.740952 0.0351562 0.0419048 0.571289
0 0.179199 0.879048 0.0439453 0.0704762 0.629395
0 0.0351562 0.181905 0.0410156 0.0438095 0.643555
0 0.928223 0.0247619 0.0419922 0.0495238 0.705078
0 0.699707 0.740952 0.0400391 0.0380952 0.733398
0 0.312012 0.751429 0.0322266 0.0361905 0.773926
0 0.246094 0.766667 0.046875 0.047619 0.774414
0 0.253906 0.818095 0.0371094 0.0438095 0.797852
0 0.3125 0.832381 0.0410156 0.0380952 0.811523
0 0.0996094 0.152381 0.0351562 0.0495238 0.817383
0 0.399902 0.747619 0.0361328 0.0361905 0.819336
0 0.580078 0.892381 0.0410156 0.0590476 0.840332
0 0.0449219 0.958095 0.0507812 0.0838095 0.845703
0 0.666016 0.792381 0.0410156 0.0419048 0.845703
0 0.48291 0.758095 0.0341797 0.0342857 0.845703
0 0.541016 0.808571 0.0390625 0.04 0.858398
0 0.177734 0.80381 0.0410156 0.0609524 0.868164
0 0.537598 0.747619 0.0400391 0.04 0.87207
0 0.539551 0.927619 0.0419922 0.0609524 0.875977
0 0.382812 0.807619 0.0410156 0.0380952 0.876953
0 0.523926 0.87619 0.0419922 0.0761905 0.881348
0 0.602539 0.825714 0.0410156 0.04 0.881836
0 0.45752 0.819048 0.0400391 0.0457143 0.893066
0 0.125488 0.925714 0.0419922 0.0685714 0.896484
0 0.103027 0.877143 0.0419922 0.0742857 0.918945
