0 0.487793 0.967619 0.0302734 0.0647619 0.3125
0 0.751465 0.800952 0.0458984 0.04 0.426025
0 0.0112305 0.118095 0.0224609 0.0419048 0.426025
0 0.679688 0.875238 0.0429688 0.04 0.526367
0 0.76416 0.820952 0.0380859 0.0419048 0.541992
0 0.125977 0.0761905 0.0390625 0.072381 0.588379
0 0.928711 0.0247619 0.0410156 0.0495238 0.657715
0 0.716309 0.740952 0.0380859 0.0380952 0.664062
0 0.628418 0.88 0.0400391 0.0380952 0.672852
0 0.189453 0.867619 0.0449219 0.0666667 0.729004
0 0.0214844 0.186667 0.0410156 0.0495238 0.733398
0 0.896484 0.874286 0.03125 0.0495238 0.75293
0 0.807129 0.744762 0.0341797 0.0419048 0.75293
0 0.0844727 0.160952 0.0361328 0.0438095 0.762207
0 0.0541992 0.947619 0.0537109 0.0819048 0.763184
0 0.678223 0.793333 0.0400391 0.0438095 0.780762
0 0.57959 0.893333 0.0400391 0.0571429 0.80127
0 0.411133 0.746667 0.0351562 0.0342857 0.813477
0 0.266602 0.813333 0.0351562 0.0419048 0.819824
0 0.494629 0.757143 0.0322266 0.0361905 0.82959
0 0.260254 0.764762 0.0361328 0.04 0.830078
0 0.321289 0.751429 0.0332031 0.0361905 0.833008
0 0.614258 0.824762 0.0410156 0.0380952 0.842773
0 0.554688 0.807619 0.0390625 0.0380952 0.851562
0 0.547363 0.747619 0.0400391 0.04 0.857422
0 0.189453 0.795238 0.0410156 0.0590476 0.86084
0 0.528809 0.871429 0.0419922 0.0742857 0.869141
0 0.540527 0.927619 0.0419922 0.0609524 0.870117
0 0.325195 0.830476 0.0351562 0.0380952 0.875977
0 0.393066 0.806667 0.0400391 0.0361905 0.879395
0 0.470703 0.81619 0.0390625 0.0438095 0.880859
0 0.135742 0.913333 0.0410156 0.0666667 0.892578
0 0.113281 0.86381 0.0410156 0.0742857 0.900879
