0 0.62793 0.878095 0.0410156 0.0380952 0.357422
0 0.0161133 0.192381 0.0322266 0.0380952 0.427979
0 0.468262 0.744762 0.0361328 0.0342857 0.659668
0 0.856445 0.838095 0.0410156 0.0533333 0.661621
0 0.928223 0.0257143 0.0400391 0.0514286 0.665039
0 0.679688 0.875238 0.0429688 0.04 0.712891
0 0.744141 0.789524 0.0390625 0.04 0.713379
0 0.686035 0.820952 0.0400391 0.0380952 0.782227
0 0.57959 0.892381 0.0419922 0.0590476 0.785645
0 0.618652 0.804762 0.0400391 0.0361905 0.79248
0 0.315918 0.761905 0.0361328 0.0380952 0.816406
0 0.321289 0.807619 0.0371094 0.0380952 0.820801
0 0.253418 0.831429 0.0439453 0.0514286 0.826172
0 0.540039 0.929524 0.0410156 0.0647619 0.836914
0 0.37207 0.751429 0.0332031 0.0361905 0.838379
0 0.524902 0.802857 0.0400391 0.0438095 0.848145
0 0.55957 0.846667 0.0449219 0.0590476 0.850586
0 0.603027 0.747619 0.0400391 0.04 0.853516
0 0.452148 0.802857 0.0410156 0.0361905 0.85791
0 0.54834 0.75619 0.0341797 0.0342857 0.861328
0 0.499023 0.927619 0.0351562 0.0876191 0.866699
0 0.112305 0.86381 0.0371094 0.0666667 0.868164
0 0.374023 0.827619 0.0351562 0.0361905 0.879883
0 0.244141 0.766667 0.0390625 0.047619 0.88623
0 0.189453 0.861905 0.0429688 0.0590476 0.892578
0 0.160156 0.810476 0.0429688 0.0666667 0.896484
0 0.105469 0.94381 0.0351562 0.0590476 0.911621
