0 0.62793 0.879048 0.0410156 0.04 0.473877
0 0.839844 0.765714 0.03125 0.0380952 0.488281
0 0.800781 0.821905 0.0449219 0.047619 0.592285
0 0.679688 0.875238 0.0429688 0.04 0.694824
0 0.580566 0.892381 0.0419922 0.0590476 0.750488
0 0.216309 0.851429 0.0439453 0.0609524 0.786133
0 0.928711 0.0247619 0.0410156 0.0495238 0.788574
0 0.432617 0.746667 0.0332031 0.0342857 0.796387
0 0.705566 0.790476 0.0400391 0.0419048 0.808594
0 0.749023 0.741905 0.0410156 0.0361905 0.81543
0 0.289551 0.811429 0.0341797 0.0419048 0.815918
0 0.580566 0.806667 0.0400391 0.04 0.831055
0 0.283203 0.761905 0.0371094 0.0380952 0.831055
0 0.516602 0.759048 0.0332031 0.0361905 0.835938
0 0.34082 0.749524 0.0332031 0.0361905 0.842285
0 0.492676 0.958095 0.0322266 0.0838095 0.852051
0 0.416016 0.80381 0.0410156 0.0380952 0.859375
0 0.640137 0.821905 0.0400391 0.04 0.864746
0 0.211914 0.780952 0.0410156 0.0533333 0.874023
0 0.568359 0.747619 0.0390625 0.04 0.878418
0 0.932129 0.913333 0.0361328 0.0628571 0.879395
0 0.498047 0.808571 0.0410156 0.0438095 0.882324
0 0.0830078 0.908571 0.0410156 0.072381 0.882812
0 0.540527 0.928571 0.0419922 0.0628571 0.887695
0 0.345215 0.829524 0.0361328 0.0361905 0.889648
0 0.158203 0.889524 0.0410156 0.0647619 0.893066
0 0.130859 0.840952 0.0429688 0.0704762 0.902832
0 0.540527 0.860952 0.0439453 0.0685714 0.906738
