0 0.874512 0.818095 0.0341797 0.0514286 0.260986
0 0.964844 0.868571 0.0664062 0.110476 0.289062
0 0.654297 0.741905 0.0390625 0.04 0.411377
0 0.0102539 0.190476 0.0205078 0.0266667 0.424072
0 0.62793 0.879048 0.0410156 0.04 0.453125
0 0.0664062 0.135238 0.046875 0.0571429 0.487793
0 0.0805664 0.16 0.0439453 0.0609524 0.499756
1 0.96582 0.871429 0.0683594 0.11619 0.650391
0 0.0913086 0.969524 0.0419922 0.0609524 0.697266
0 0.679688 0.87619 0.0429688 0.0380952 0.731934
0 0.928223 0.0247619 0.0400391 0.0495238 0.738281
0 0.81543 0.822857 0.03125 0.0380952 0.740234
0 0.57959 0.892381 0.0419922 0.0590476 0.773926
0 0.685547 0.825714 0.0390625 0.04 0.790039
0 0.539062 0.929524 0.0390625 0.0609524 0.800293
0 0.214355 0.837143 0.0380859 0.0514286 0.80127
0 0.516602 0.889524 0.0410156 0.08 0.810059
0 0.219238 0.777143 0.0361328 0.0419048 0.814941
0 0.737793 0.739048 0.0361328 0.0380952 0.819824
0 0.568848 0.830476 0.0400391 0.0419048 0.823242
0 0.365723 0.748571 0.0361328 0.0342857 0.825195
0 0.630859 0.793333 0.0410156 0.04 0.829102
0 0.142578 0.919048 0.0429688 0.0704762 0.845703
0 0.27832 0.84 0.0371094 0.0419048 0.853027
0 0.140137 0.110476 0.0361328 0.0609524 0.857422
0 0.279297 0.75619 0.0351562 0.0419048 0.871094
0 0.353027 0.810476 0.0419922 0.04 0.872559
0 0.505371 0.746667 0.0419922 0.0380952 0.875977
0 0.5 0.813333 0.0410156 0.0419048 0.880371
0 0.447754 0.759048 0.0341797 0.032381 0.887207
0 0.423828 0.82381 0.0390625 0.04 0.890625
0 0.929199 0.909524 0.0361328 0.0628571 0.896484
0 0.0727539 0.922857 0.0400391 0.0742857 0.899902
0 0.141602 0.837143 0.0410156 0.0666667 0.904785
