0 0.484863 0.97619 0.0244141 0.04 0.349854
0 0.0371094 0.972381 0.0371094 0.0552381 0.387939
0 0.628906 0.879048 0.0410156 0.04 0.407227
0 0.854004 0.788571 0.0361328 0.0495238 0.54834
0 0.725098 0.822857 0.0419922 0.0419048 0.608887
0 0.685059 0.742857 0.0400391 0.0380952 0.667969
0 0.0424805 0.155238 0.0400391 0.047619 0.669922
0 0.580566 0.891429 0.0419922 0.0571429 0.680176
0 0.168457 0.890476 0.0419922 0.0704762 0.697266
0 0.680176 0.875238 0.0419922 0.04 0.708496
0 0.928711 0.0247619 0.0410156 0.0495238 0.744141
0 0.984375 0.907619 0.03125 0.0933333 0.783203
0 0.157715 0.0371429 0.0419922 0.0742857 0.790039
0 0.0522461 0.177143 0.0439453 0.0533333 0.790039
0 0.242188 0.825714 0.0371094 0.047619 0.79248
0 0.241211 0.771429 0.0371094 0.0419048 0.801758
0 0.388672 0.748571 0.0351562 0.0342857 0.803711
0 0.653809 0.791429 0.0400391 0.04 0.806152
0 0.527344 0.808571 0.0410156 0.04 0.834473
0 0.855957 0.840952 0.0341797 0.047619 0.84082
0 0.112305 0.140952 0.0371094 0.0533333 0.845215
0 0.30127 0.753333 0.0322266 0.0361905 0.845215
0 0.773926 0.740952 0.0341797 0.0380952 0.853027
0 0.521484 0.880952 0.0429688 0.0780952 0.857422
0 0.540039 0.928571 0.0410156 0.0628571 0.858398
0 0.527832 0.746667 0.0400391 0.0380952 0.86084
0 0.59082 0.827619 0.0410156 0.0438095 0.864258
0 0.303223 0.835238 0.0361328 0.04 0.869629
0 0.165527 0.815238 0.0419922 0.0685714 0.874023
0 0.470703 0.76 0.0332031 0.0342857 0.875977
0 0.373535 0.809524 0.0419922 0.0380952 0.87793
0 0.96582 0.96381 0.0390625 0.0685714 0.896484
0 0.445801 0.820952 0.0400391 0.0419048 0.898926
0 0.114746 0.941905 0.0419922 0.0704762 0.900391
0 0.0942383 0.890476 0.0419922 0.0780952 0.908691
