0 0.898926 0.780952 0.0439453 0.0609524 0.42749
0 0.928223 0.0257143 0.0439453 0.0514286 0.491699
0 0.62793 0.879048 0.0410156 0.04 0.49707
0 0.956055 0.867619 0.0371094 0.0704762 0.605469
0 0.57959 0.893333 0.0419922 0.0571429 0.676758
0 0.0537109 0.952381 0.0527344 0.0914286 0.745605
0 0.553223 0.740952 0.0380859 0.0342857 0.757324
0 0.679688 0.875238 0.0429688 0.04 0.773438
0 0.711426 0.809524 0.0419922 0.0419048 0.79541
0 0.839844 0.871429 0.0429688 0.0552381 0.808594
0 0.33252 0.815238 0.0400391 0.0457143 0.818359
0 0.38916 0.807619 0.0341797 0.0380952 0.82373
0 0.38623 0.760952 0.0361328 0.0361905 0.82666
0 0.633301 0.752381 0.0322266 0.0342857 0.833008
0 0.520508 0.880952 0.0410156 0.0819048 0.834473
0 0.188477 0.854286 0.0390625 0.0590476 0.838379
0 0.449219 0.749524 0.0332031 0.0361905 0.848633
0 0.836426 0.804762 0.0419922 0.0514286 0.849121
0 0.538574 0.930476 0.0439453 0.0628571 0.854492
0 0.439453 0.822857 0.0351562 0.0342857 0.854492
0 0.507324 0.800952 0.0419922 0.0361905 0.856445
0 0.692383 0.748571 0.0410156 0.0419048 0.858887
0 0.186523 0.900952 0.0410156 0.0571429 0.861328
0 0.263184 0.825714 0.0400391 0.0438095 0.875488
0 0.628906 0.818095 0.0410156 0.0438095 0.881836
0 0.32373 0.75619 0.0380859 0.0380952 0.881836
0 0.965332 0.945714 0.0439453 0.0742857 0.885254
0 0.174316 0.798095 0.0400391 0.0609524 0.888184
0 0.580078 0.797143 0.0390625 0.04 0.891602
0 0.240234 0.770476 0.0410156 0.0514286 0.89502
