0 0.938965 0.844762 0.0322266 0.0628571 0.302246
0 0.175293 0.0304762 0.0380859 0.0609524 0.302246
0 0.872559 0.766667 0.0439453 0.0514286 0.435303
0 0.628418 0.88 0.0400391 0.0380952 0.538574
0 0.310059 0.82 0.0478516 0.0438095 0.668457
0 0.679688 0.875238 0.0429688 0.04 0.73877
0 0.57959 0.891429 0.0400391 0.0571429 0.74707
0 0.928223 0.0247619 0.0419922 0.0495238 0.761719
0 0.809082 0.792381 0.0478516 0.0495238 0.766602
0 0.513672 0.893333 0.0390625 0.0838095 0.797852
0 0.683105 0.805714 0.0419922 0.0419048 0.816895
0 0.371582 0.807619 0.0341797 0.0380952 0.820801
0 0.42627 0.749524 0.0322266 0.0361905 0.831055
0 0.60791 0.753333 0.0341797 0.0361905 0.832031
0 0.539551 0.929524 0.0400391 0.0647619 0.841309
0 0.665527 0.749524 0.0400391 0.0438095 0.841309
0 0.366699 0.760952 0.0361328 0.0361905 0.84375
0 0.794434 0.849524 0.0419922 0.0533333 0.84668
0 0.493652 0.801905 0.0419922 0.0380952 0.859863
0 0.303711 0.758095 0.0371094 0.0380952 0.873047
0 0.154297 0.818095 0.0410156 0.0666667 0.875
0 0.421875 0.82381 0.0351562 0.0361905 0.875977
0 0.165527 0.873333 0.0380859 0.0590476 0.882324
0 0.932129 0.902857 0.0419922 0.0685714 0.886719
0 0.150879 0.933333 0.0380859 0.0609524 0.896484
0 0.560547 0.799048 0.0390625 0.04 0.896973
0 0.21875 0.77619 0.0410156 0.0514286 0.896973
0 0.606445 0.82381 0.0429688 0.0514286 0.898438
0 0.241211 0.833333 0.0410156 0.047619 0.901367
