0 0.751953 0.802857 0.046875 0.0438095 0.274902
0 0.150391 0.829524 0.0332031 0.0590476 0.470459
0 0.98291 0.917143 0.0341797 0.0780952 0.559082
0 0.899902 0.924762 0.0419922 0.0666667 0.575195
0 0.62793 0.88 0.0410156 0.0380952 0.674316
0 0.928223 0.0247619 0.0400391 0.0495238 0.676758
0 0.680176 0.875238 0.0439453 0.04 0.713379
0 0.759277 0.815238 0.0439453 0.0457143 0.73584
0 0.936035 0.814286 0.0458984 0.0704762 0.746582
0 0.873535 0.824762 0.0439453 0.0571429 0.75
0 0.411621 0.806667 0.0341797 0.0361905 0.801758
0 0.483887 0.747619 0.0322266 0.0361905 0.815918
0 0.422363 0.76 0.0361328 0.0342857 0.824219
0 0.675781 0.750476 0.0332031 0.0419048 0.837402
0 0.57959 0.892381 0.0419922 0.0590476 0.850586
0 0.734375 0.750476 0.0390625 0.0419048 0.852051
0 0.351074 0.754286 0.0380859 0.0380952 0.86084
0 0.531738 0.799048 0.0419922 0.0361905 0.86377
0 0.295898 0.818095 0.0390625 0.04 0.868164
0 0.460938 0.821905 0.0371094 0.0361905 0.869141
0 0.530762 0.866667 0.0439453 0.072381 0.87207
0 0.663086 0.811429 0.0410156 0.0419048 0.872559
0 0.117188 0.934286 0.0390625 0.0666667 0.873047
0 0.538086 0.928571 0.0449219 0.0666667 0.875
0 0.20752 0.77619 0.0400391 0.0514286 0.878418
0 0.616699 0.796191 0.0380859 0.0380952 0.878906
0 0.35498 0.812381 0.0419922 0.0438095 0.879395
0 0.222656 0.834286 0.0351562 0.0457143 0.891602
0 0.0830078 0.907619 0.0429688 0.0780952 0.899414
0 0.271973 0.762857 0.0400391 0.04 0.899902
0 0.244141 0.870476 0.0390625 0.0495238 0.908691
