0 0.628418 0.88 0.0400391 0.0380952 0.296631
0 0.125977 0.84381 0.0371094 0.072381 0.359131
0 0.0922852 0.964762 0.0400391 0.0704762 0.449219
0 0.981445 0.966667 0.0371094 0.0666667 0.521973
0 0.564453 0.741905 0.0390625 0.032381 0.530762
0 0.929688 0.0247619 0.0390625 0.0495238 0.638184
0 0.850098 0.811429 0.0439453 0.0571429 0.657715
0 0.911133 0.791429 0.0449219 0.0628571 0.679688
0 0.86084 0.887619 0.0419922 0.0571429 0.684082
0 0.580078 0.892381 0.0429688 0.0590476 0.730957
0 0.679688 0.873333 0.0429688 0.04 0.755859
0 0.728027 0.812381 0.0419922 0.0438095 0.758789
0 0.396973 0.806667 0.0322266 0.0361905 0.788086
0 0.705078 0.750476 0.0429688 0.0457143 0.818848
0 0.34082 0.813333 0.0410156 0.0419048 0.825195
0 0.250977 0.767619 0.0429688 0.0495238 0.827148
0 0.460938 0.749524 0.0332031 0.0361905 0.82959
0 0.646973 0.751429 0.0341797 0.04 0.830078
0 0.397949 0.76 0.0361328 0.0342857 0.831055
0 0.537598 0.928571 0.0439453 0.0628571 0.836914
0 0.522949 0.874286 0.0439453 0.08 0.84668
0 0.0654297 0.934286 0.0449219 0.0819048 0.851562
0 0.514648 0.8 0.0410156 0.0380952 0.860352
0 0.446777 0.822857 0.0361328 0.0380952 0.862793
0 0.201172 0.847619 0.0371094 0.0533333 0.863281
0 0.205566 0.888571 0.0380859 0.0552381 0.867188
0 0.640625 0.815238 0.0410156 0.0419048 0.873535
0 0.593262 0.796191 0.0380859 0.0380952 0.878418
0 0.333496 0.755238 0.0380859 0.04 0.879883
0 0.273926 0.822857 0.0400391 0.0419048 0.882812
0 0.186035 0.790476 0.0400391 0.0571429 0.885254
