0 0.541504 0.741905 0.0361328 0.032381 0.343018
0 0.948242 0.853333 0.0371094 0.0685714 0.443115
0 0.628418 0.879048 0.0400391 0.04 0.459229
0 0.580078 0.893333 0.0410156 0.0571429 0.525879
0 0.517578 0.886667 0.0410156 0.0857143 0.62207
0 0.928223 0.0257143 0.0439453 0.0514286 0.680176
0 0.886719 0.774286 0.0429688 0.0590476 0.718262
0 0.0458984 0.958095 0.0507812 0.0838095 0.735352
0 0.538574 0.929524 0.0400391 0.0609524 0.739746
0 0.322754 0.815238 0.0400391 0.0457143 0.772949
0 0.680176 0.875238 0.0439453 0.04 0.801758
0 0.696289 0.807619 0.0410156 0.0419048 0.802734
0 0.825684 0.916191 0.0400391 0.0457143 0.816895
0 0.438477 0.750476 0.03125 0.0342857 0.82373
0 0.376953 0.760952 0.0351562 0.032381 0.828613
0 0.381836 0.807619 0.0332031 0.0342857 0.830078
0 0.621094 0.751429 0.0332031 0.0361905 0.837402
0 0.824219 0.8 0.0410156 0.0457143 0.849609
0 0.817383 0.86 0.0429688 0.0552381 0.856445
0 0.500977 0.800952 0.0410156 0.0361905 0.859375
0 0.679199 0.748571 0.0400391 0.0419048 0.861816
0 0.314453 0.75619 0.0371094 0.0380952 0.867188
0 0.252441 0.829524 0.0400391 0.0438095 0.867676
0 0.164551 0.806667 0.0400391 0.0628571 0.880859
0 0.431641 0.82381 0.0351562 0.0361905 0.882324
0 0.570312 0.798095 0.0390625 0.0419048 0.882324
0 0.178223 0.864762 0.0361328 0.0571429 0.883301
0 0.168457 0.916191 0.0380859 0.0571429 0.887207
0 0.617676 0.82 0.0419922 0.047619 0.898438
0 0.947754 0.922857 0.0458984 0.0704762 0.905273
0 0.22998 0.772381 0.0400391 0.047619 0.908691
