0 0.424805 0.806667 0.0332031 0.0361905 0.595215
0 0.928223 0.0247619 0.0419922 0.0495238 0.693848
0 0.62793 0.88 0.0410156 0.0380952 0.726562
0 0.960938 0.842857 0.0429688 0.0704762 0.729004
0 0.894531 0.84381 0.0410156 0.0609524 0.75
0 0.680176 0.875238 0.0439453 0.04 0.759277
0 0.507324 0.744762 0.0341797 0.0342857 0.773926
0 0.312988 0.815238 0.0419922 0.0380952 0.820312
0 0.14209 0.90381 0.0380859 0.0628571 0.822754
0 0.580078 0.892381 0.0410156 0.0590476 0.837891
0 0.446777 0.759048 0.0361328 0.032381 0.849121
0 0.243652 0.827619 0.0361328 0.04 0.856445
0 0.762695 0.752381 0.0390625 0.0419048 0.858887
0 0.369629 0.754286 0.0380859 0.0380952 0.859375
0 0.555664 0.798095 0.0410156 0.0380952 0.862793
0 0.371094 0.811429 0.0410156 0.0457143 0.86377
0 0.287598 0.860952 0.0361328 0.0380952 0.864258
0 0.474609 0.822857 0.0351562 0.0380952 0.864258
0 0.701172 0.752381 0.0390625 0.0419048 0.864258
0 0.636719 0.796191 0.0390625 0.0380952 0.867188
0 0.797852 0.830476 0.0449219 0.0533333 0.873047
0 0.686523 0.809524 0.0410156 0.0419048 0.873535
0 0.536621 0.928571 0.0498047 0.0628571 0.883789
0 0.228516 0.769524 0.0390625 0.0457143 0.893066
0 0.288574 0.760952 0.0400391 0.0438095 0.894043
0 0.539551 0.859048 0.0439453 0.072381 0.89502
0 0.100098 0.878095 0.0439453 0.08 0.911621
