0 0.208984 0.779048 0.0332031 0.0457143 0.544922
0 0.928223 0.0247619 0.0419922 0.0495238 0.603516
0 0.62793 0.88 0.0410156 0.0380952 0.61377
0 0.1875 0.857143 0.0410156 0.0571429 0.615234
0 0.554688 0.742857 0.0332031 0.0342857 0.683594
0 0.680176 0.875238 0.0439453 0.04 0.694824
0 0.874512 0.884762 0.0419922 0.0628571 0.742676
0 0.396973 0.808571 0.0380859 0.0361905 0.744629
0 0.759277 0.754286 0.0341797 0.0380952 0.795898
0 0.451172 0.805714 0.0332031 0.0380952 0.800293
0 0.495605 0.758095 0.0361328 0.0304762 0.814941
0 0.580566 0.892381 0.0419922 0.0590476 0.820312
0 0.608398 0.796191 0.0410156 0.0380952 0.834961
0 0.748535 0.808571 0.0400391 0.04 0.841309
0 0.498535 0.820952 0.0361328 0.0380952 0.845215
0 0.538086 0.927619 0.0449219 0.0609524 0.851562
0 0.822754 0.766667 0.0400391 0.047619 0.856934
0 0.937012 0.882857 0.0439453 0.0666667 0.864746
0 0.383301 0.858095 0.0361328 0.0361905 0.865234
0 0.279785 0.818095 0.0361328 0.0361905 0.867188
0 0.319824 0.75619 0.0400391 0.0419048 0.868164
0 0.26416 0.76 0.0380859 0.0419048 0.874023
0 0.675781 0.798095 0.0390625 0.0419048 0.874512
0 0.345703 0.813333 0.0390625 0.0380952 0.884277
0 0.418457 0.752381 0.0361328 0.0380952 0.884277
0 0.561523 0.837143 0.0449219 0.0666667 0.888184
0 0.113281 0.934286 0.0449219 0.0742857 0.900879
0 0.137695 0.829524 0.0449219 0.0742857 0.903809
