0 0.62793 0.88 0.0410156 0.0380952 0.428955
0 0.921875 0.94381 0.0527344 0.0971429 0.435303
0 0.595215 0.741905 0.0322266 0.032381 0.530762
0 0.679688 0.875238 0.0429688 0.04 0.653809
0 0.234375 0.773333 0.0332031 0.0419048 0.69043
0 0.928711 0.0247619 0.0410156 0.0495238 0.714844
0 0.711914 0.739048 0.0371094 0.0380952 0.771484
0 0.416016 0.804762 0.0390625 0.0438095 0.782227
0 0.869629 0.792381 0.0419922 0.0533333 0.78418
0 0.46875 0.805714 0.0351562 0.0342857 0.800293
0 0.0732422 0.921905 0.0371094 0.072381 0.807617
0 0.225098 0.83619 0.0361328 0.0457143 0.808105
0 0.57959 0.892381 0.0419922 0.0590476 0.833008
0 0.538086 0.928571 0.0429688 0.0628571 0.838379
0 0.302246 0.815238 0.0361328 0.0380952 0.838867
0 0.09375 0.962857 0.0371094 0.0666667 0.839355
0 0.64209 0.796191 0.0419922 0.0380952 0.839844
0 0.533203 0.755238 0.0351562 0.032381 0.845215
0 0.804199 0.76381 0.0361328 0.0457143 0.85791
0 0.352051 0.755238 0.0400391 0.04 0.861816
0 0.515625 0.819048 0.0351562 0.0380952 0.865723
0 0.448242 0.856191 0.0371094 0.0361905 0.871582
0 0.585938 0.82 0.0429688 0.0590476 0.874512
0 0.713867 0.8 0.0390625 0.0419048 0.875977
0 0.80957 0.821905 0.0429688 0.047619 0.877441
0 0.454102 0.750476 0.0371094 0.0380952 0.888672
0 0.366699 0.811429 0.0380859 0.0380952 0.88916
0 0.286133 0.75619 0.0390625 0.0419048 0.889648
0 0.166016 0.80381 0.0449219 0.0685714 0.90332
0 0.145996 0.892381 0.0458984 0.0742857 0.906738
0 0.967285 0.919048 0.0458984 0.0704762 0.907715
