0 0.62793 0.88 0.0410156 0.0380952 0.315674
0 0.166992 0.878095 0.0410156 0.0647619 0.592285
0 0.928223 0.0257143 0.0419922 0.0514286 0.65625
0 0.580078 0.893333 0.0410156 0.0571429 0.685547
0 0.835938 0.853333 0.0429688 0.0609524 0.719727
0 0.679688 0.875238 0.0429688 0.04 0.748535
0 0.438477 0.807619 0.0332031 0.0380952 0.790527
0 0.915527 0.860952 0.0439453 0.0647619 0.800293
0 0.530762 0.744762 0.0322266 0.0342857 0.811035
0 0.384277 0.809524 0.0419922 0.0419048 0.82373
0 0.58252 0.797143 0.0400391 0.0361905 0.850586
0 0.470703 0.758095 0.0351562 0.0304762 0.856934
0 0.536621 0.927619 0.0478516 0.0609524 0.859375
0 0.791992 0.758095 0.0410156 0.0457143 0.859375
0 0.262207 0.820952 0.0361328 0.0380952 0.859863
0 0.714844 0.808571 0.0390625 0.04 0.868164
0 0.731445 0.750476 0.0332031 0.0380952 0.868652
0 0.486816 0.820952 0.0361328 0.0380952 0.87207
0 0.65625 0.795238 0.0390625 0.04 0.873047
0 0.247559 0.76381 0.0400391 0.0457143 0.877441
0 0.393555 0.752381 0.0371094 0.0380952 0.878418
0 0.334473 0.859048 0.0361328 0.0342857 0.878418
0 0.0913086 0.962857 0.0439453 0.0742857 0.879395
0 0.119141 0.852381 0.0429688 0.0780952 0.885742
0 0.330566 0.814286 0.0380859 0.0361905 0.891113
0 0.304199 0.759048 0.0380859 0.04 0.895508
0 0.548828 0.847619 0.0429688 0.0647619 0.900879
