0 0.685059 0.74 0.0361328 0.0361905 0.451172
0 0.201172 0.847619 0.0390625 0.0533333 0.668945
0 0.628418 0.88 0.0400391 0.0380952 0.67627
0 0.928711 0.0247619 0.0410156 0.0495238 0.742676
0 0.769043 0.810476 0.0400391 0.04 0.755859
0 0.567383 0.741905 0.0332031 0.032381 0.763672
0 0.893555 0.907619 0.0410156 0.0628571 0.76709
0 0.457031 0.805714 0.0332031 0.0380952 0.775391
0 0.508301 0.758095 0.0361328 0.0304762 0.784668
0 0.40332 0.807619 0.0390625 0.0419048 0.793945
0 0.774414 0.75619 0.0351562 0.0419048 0.822754
0 0.680176 0.874286 0.0439453 0.0419048 0.823242
0 0.621094 0.796191 0.0390625 0.0342857 0.833008
0 0.580566 0.892381 0.0419922 0.0590476 0.84082
0 0.288574 0.817143 0.0341797 0.0342857 0.84082
0 0.537598 0.927619 0.0439453 0.0609524 0.856445
0 0.406738 0.858095 0.0361328 0.0361905 0.861816
0 0.353027 0.812381 0.0380859 0.0361905 0.869141
0 0.503906 0.819048 0.0351562 0.0380952 0.869629
0 0.837402 0.774286 0.0419922 0.0552381 0.871582
0 0.686523 0.798095 0.0390625 0.0419048 0.873535
0 0.568848 0.832381 0.0439453 0.0647619 0.877441
0 0.946777 0.894286 0.0458984 0.0704762 0.884277
0 0.430176 0.752381 0.0380859 0.0380952 0.893066
0 0.271973 0.757143 0.0380859 0.04 0.901855
0 0.329102 0.757143 0.0390625 0.04 0.90332
0 0.147461 0.820952 0.0449219 0.072381 0.919434
0 0.123535 0.918095 0.0458984 0.0761905 0.921387
