0 0.808594 0.752381 0.0371094 0.0419048 0.390137
0 0.28125 0.759048 0.0351562 0.04 0.51709
0 0.147461 0.815238 0.0390625 0.0685714 0.648926
0 0.62793 0.879048 0.0410156 0.04 0.683594
0 0.928711 0.0247619 0.0410156 0.0495238 0.692383
0 0.523926 0.804762 0.0341797 0.032381 0.697266
0 0.456543 0.806667 0.0380859 0.04 0.765625
0 0.680176 0.875238 0.0439453 0.04 0.770996
0 0.57959 0.891429 0.0419922 0.0571429 0.781738
0 0.621582 0.748571 0.0361328 0.0342857 0.805176
0 0.695801 0.740952 0.0341797 0.0342857 0.816895
0 0.836426 0.916191 0.0419922 0.0457143 0.834961
0 0.169434 0.868571 0.0361328 0.0609524 0.839844
0 0.287598 0.822857 0.0361328 0.0380952 0.841797
0 0.180664 0.908571 0.0390625 0.0647619 0.84668
0 0.740234 0.805714 0.0410156 0.0457143 0.85498
0 0.899902 0.82 0.0380859 0.0552381 0.857422
0 0.351074 0.751429 0.0380859 0.0361905 0.857422
0 0.339844 0.811429 0.0351562 0.0342857 0.85791
0 0.582031 0.818095 0.0351562 0.0361905 0.862305
0 0.401855 0.808571 0.0380859 0.0361905 0.862305
0 0.537598 0.927619 0.0458984 0.0609524 0.865723
0 0.82959 0.845714 0.0458984 0.0609524 0.870117
0 0.654297 0.794286 0.0429688 0.0495238 0.872559
0 0.540527 0.851429 0.0361328 0.0342857 0.875977
0 0.444824 0.749524 0.0400391 0.04 0.884766
0 0.223145 0.833333 0.0439453 0.0552381 0.887695
0 0.0874023 0.900952 0.0419922 0.08 0.888184
0 0.54541 0.749524 0.0361328 0.0361905 0.891602
0 0.942871 0.929524 0.0439453 0.0761905 0.89209
0 0.494141 0.919048 0.0371094 0.0819048 0.898438
0 0.96875 0.906667 0.0410156 0.0761905 0.914551
0 0.21875 0.774286 0.0429688 0.0514286 0.921387
