0 0.654297 0.740952 0.0332031 0.0342857 0.256348
0 0.830566 0.918095 0.0400391 0.0457143 0.414551
0 0.260254 0.761905 0.0361328 0.0380952 0.425781
0 0.62793 0.879048 0.0410156 0.04 0.583008
0 0.886719 0.866667 0.0488281 0.0685714 0.67334
0 0.764648 0.742857 0.0371094 0.0380952 0.678711
0 0.928711 0.0247619 0.0410156 0.0495238 0.708496
0 0.439941 0.802857 0.0380859 0.0438095 0.736816
0 0.494629 0.80381 0.0341797 0.0342857 0.758789
0 0.680176 0.875238 0.0439453 0.04 0.773438
0 0.583984 0.751429 0.0351562 0.032381 0.787598
0 0.57959 0.892381 0.0419922 0.0590476 0.822266
0 0.268555 0.824762 0.0390625 0.0380952 0.832031
0 0.507324 0.854286 0.0361328 0.0361905 0.850586
0 0.32666 0.812381 0.0341797 0.032381 0.852051
0 0.192383 0.851429 0.0449219 0.0647619 0.852539
0 0.546875 0.819048 0.0351562 0.0380952 0.85498
0 0.388184 0.808571 0.0380859 0.0361905 0.857422
0 0.132324 0.964762 0.0400391 0.0666667 0.858887
0 0.690918 0.799048 0.0400391 0.04 0.859863
0 0.317383 0.753333 0.0371094 0.04 0.861328
0 0.86084 0.790476 0.0341797 0.0495238 0.86377
0 0.538086 0.927619 0.0449219 0.0609524 0.871582
0 0.782227 0.819048 0.0410156 0.0533333 0.875
0 0.0478516 0.955238 0.0566406 0.0895238 0.876953
0 0.135742 0.90381 0.0351562 0.0590476 0.878906
0 0.200684 0.780952 0.0439453 0.0571429 0.885742
0 0.406738 0.751429 0.0400391 0.04 0.88623
0 0.504883 0.748571 0.0371094 0.0380952 0.887207
0 0.623047 0.801905 0.0429688 0.0495238 0.888184
0 0.115234 0.852381 0.0371094 0.0666667 0.891113
0 0.484863 0.948571 0.0322266 0.0838095 0.899414
0 0.928223 0.849524 0.0419922 0.0685714 0.899414
