0 0.328613 0.752381 0.0341797 0.0380952 0.276367
0 0.147949 0.0257143 0.0400391 0.0514286 0.567383
0 0.164551 0.771429 0.0419922 0.0571429 0.590332
0 0.928711 0.0247619 0.0410156 0.0495238 0.643555
0 0.240723 0.871429 0.0380859 0.047619 0.645508
0 0.65918 0.748571 0.0371094 0.0419048 0.69873
0 0.17334 0.786667 0.0419922 0.0609524 0.709961
0 0.0595703 0.953333 0.0390625 0.0704762 0.722656
0 0.840332 0.917143 0.0419922 0.0438095 0.762207
0 0.106934 0.0580952 0.0439453 0.0666667 0.763184
0 0.569336 0.801905 0.0332031 0.0342857 0.775391
0 0.679688 0.874286 0.0429688 0.0419048 0.789551
0 0.109375 0.957143 0.0449219 0.0666667 0.796387
0 0.62793 0.88 0.0410156 0.0380952 0.802246
0 0.492188 0.801905 0.0390625 0.0419048 0.807617
0 0.358887 0.809524 0.0361328 0.0342857 0.818848
0 0.537109 0.928571 0.0449219 0.0628571 0.824219
0 0.303711 0.819048 0.0371094 0.0380952 0.829102
0 0.205078 0.840952 0.0351562 0.0514286 0.832031
0 0.431641 0.806667 0.0390625 0.0361905 0.849121
0 0.634766 0.82 0.0351562 0.0361905 0.852051
0 0.708008 0.782857 0.0410156 0.0457143 0.85498
0 0.803223 0.822857 0.0458984 0.0533333 0.855469
0 0.893066 0.895238 0.0419922 0.0647619 0.855957
0 0.757324 0.746667 0.0322266 0.0380952 0.85791
0 0.949707 0.875238 0.0361328 0.0590476 0.858398
0 0.59668 0.746667 0.0371094 0.0380952 0.86084
0 0.57959 0.892381 0.0400391 0.0552381 0.870117
0 0.407715 0.749524 0.0361328 0.0361905 0.871094
0 0.583496 0.846667 0.0361328 0.0361905 0.871582
0 0.238281 0.768571 0.0429688 0.0514286 0.887207
0 0.249512 0.82381 0.0439453 0.0514286 0.887695
0 0.512207 0.886667 0.0400391 0.0742857 0.891113
0 0.124512 0.84381 0.0419922 0.072381 0.89502
0 0.486328 0.749524 0.0390625 0.04 0.911133
