0 0.83252 0.918095 0.0419922 0.0457143 0.534668
0 0.928223 0.0247619 0.0419922 0.0495238 0.67334
0 0.445312 0.807619 0.0371094 0.0380952 0.676758
0 0.62793 0.879048 0.0410156 0.04 0.715332
0 0.669434 0.740952 0.0322266 0.0342857 0.727539
0 0.779297 0.744762 0.0351562 0.0380952 0.73877
0 0.26709 0.762857 0.0341797 0.0361905 0.77832
0 0.0654297 0.935238 0.0449219 0.0838095 0.783691
0 0.597168 0.749524 0.0361328 0.0361905 0.79541
0 0.502441 0.802857 0.0361328 0.0361905 0.802734
0 0.679688 0.875238 0.0429688 0.04 0.80957
0 0.126465 0.838095 0.0380859 0.0685714 0.819336
0 0.57959 0.892381 0.0419922 0.0590476 0.819824
0 0.70752 0.801905 0.0400391 0.0419048 0.830566
0 0.907715 0.890476 0.0419922 0.0628571 0.831543
0 0.518066 0.853333 0.0361328 0.0342857 0.845215
0 0.941895 0.866667 0.0419922 0.072381 0.848633
0 0.331543 0.811429 0.0341797 0.0342857 0.849609
0 0.275879 0.82381 0.0361328 0.0361905 0.852051
0 0.797363 0.825714 0.0439453 0.0514286 0.856934
0 0.873535 0.8 0.0380859 0.0533333 0.862793
0 0.149414 0.94381 0.0371094 0.0628571 0.86377
0 0.487793 0.937143 0.0322266 0.0838095 0.86377
0 0.558594 0.819048 0.0351562 0.0380952 0.864258
0 0.537109 0.927619 0.046875 0.0609524 0.864746
0 0.146484 0.890476 0.0351562 0.0628571 0.866699
0 0.328125 0.754286 0.0371094 0.0380952 0.875
0 0.393066 0.808571 0.0380859 0.0361905 0.876953
0 0.419922 0.751429 0.0390625 0.04 0.882324
0 0.518555 0.748571 0.0371094 0.0380952 0.883301
0 0.208496 0.777143 0.0439453 0.0571429 0.884277
0 0.632812 0.798095 0.0429688 0.0495238 0.884766
0 0.203125 0.844762 0.0449219 0.0590476 0.897949
