0 0.824219 0.759048 0.0351562 0.04 0.406982
0 0.631836 0.748571 0.0371094 0.0342857 0.488037
0 0.291016 0.757143 0.0351562 0.04 0.567383
0 0.628418 0.88 0.0400391 0.0380952 0.583008
0 0.166504 0.841905 0.0400391 0.0609524 0.595703
0 0.928711 0.0257143 0.0410156 0.0514286 0.638184
0 0.155762 0.807619 0.0400391 0.0685714 0.659668
0 0.53418 0.804762 0.03125 0.0285714 0.703613
0 0.680176 0.874286 0.0439453 0.0419048 0.719238
0 0.464355 0.804762 0.0400391 0.0438095 0.783691
0 0.57959 0.892381 0.0419922 0.0552381 0.804688
0 0.710938 0.740952 0.0332031 0.0342857 0.811035
0 0.291992 0.821905 0.0371094 0.0361905 0.833496
0 0.197754 0.897143 0.0400391 0.0647619 0.833984
0 0.847656 0.859048 0.0429688 0.0571429 0.838379
0 0.912109 0.830476 0.0390625 0.0609524 0.843262
0 0.178711 0.859048 0.0371094 0.0609524 0.847168
0 0.837402 0.918095 0.0419922 0.0457143 0.848633
0 0.594238 0.819048 0.0341797 0.0380952 0.852539
0 0.232422 0.829524 0.0449219 0.0552381 0.855469
0 0.537109 0.927619 0.046875 0.0609524 0.861328
0 0.344238 0.809524 0.0361328 0.0342857 0.861816
0 0.666992 0.792381 0.0410156 0.0419048 0.86377
0 0.365234 0.751429 0.0371094 0.0361905 0.864258
0 0.552246 0.849524 0.0361328 0.0380952 0.865234
0 0.755371 0.809524 0.0400391 0.0419048 0.868164
0 0.407715 0.807619 0.0380859 0.0380952 0.874512
0 0.559082 0.747619 0.0361328 0.0361905 0.879883
0 0.455566 0.749524 0.0400391 0.04 0.893066
0 0.222656 0.772381 0.0449219 0.0514286 0.894043
0 0.0976562 0.884762 0.0410156 0.0780952 0.894531
0 0.497559 0.910476 0.0380859 0.0838095 0.895996
0 0.979492 0.926667 0.0410156 0.0780952 0.910645
0 0.959473 0.953333 0.0439453 0.0780952 0.92041
