0 0.834473 0.915238 0.0439453 0.047619 0.49585
0 0.628418 0.879048 0.0400391 0.04 0.578613
0 0.793945 0.748571 0.0371094 0.0380952 0.61084
0 0.513184 0.801905 0.0341797 0.0342857 0.612793
0 0.679688 0.875238 0.0429688 0.04 0.678711
0 0.682617 0.740952 0.0332031 0.0342857 0.709961
0 0.138184 0.82381 0.0380859 0.0704762 0.719727
0 0.450684 0.807619 0.0361328 0.0380952 0.739746
0 0.928223 0.0247619 0.0400391 0.0495238 0.74707
0 0.272949 0.759048 0.0361328 0.04 0.783691
0 0.0761719 0.918095 0.0429688 0.08 0.784668
0 0.580078 0.891429 0.0410156 0.0571429 0.833008
0 0.334961 0.810476 0.0351562 0.0361905 0.842773
0 0.609863 0.746667 0.0380859 0.0380952 0.843262
0 0.166016 0.92381 0.0390625 0.0647619 0.843262
0 0.530273 0.852381 0.0351562 0.0361905 0.851074
0 0.338379 0.751429 0.0380859 0.0361905 0.852539
0 0.282227 0.822857 0.0371094 0.0380952 0.85498
0 0.156738 0.87619 0.0361328 0.0609524 0.857422
0 0.570312 0.818095 0.0351562 0.0361905 0.862305
0 0.925781 0.908571 0.0429688 0.072381 0.862793
0 0.213867 0.773333 0.0429688 0.0533333 0.867676
0 0.538086 0.927619 0.0449219 0.0609524 0.868164
0 0.723633 0.801905 0.0410156 0.0457143 0.871582
0 0.815918 0.834286 0.0419922 0.0571429 0.874512
0 0.955566 0.885714 0.0439453 0.0761905 0.876953
0 0.213867 0.838095 0.0449219 0.0571429 0.882812
0 0.397461 0.808571 0.0390625 0.0361905 0.885742
0 0.433594 0.750476 0.0390625 0.0380952 0.887207
0 0.531738 0.748571 0.0380859 0.0380952 0.888672
0 0.642578 0.797143 0.0429688 0.047619 0.893066
0 0.883301 0.806667 0.0439453 0.0590476 0.904785
0 0.491211 0.928571 0.0351562 0.0819048 0.907715
