0 0.0942383 0.969524 0.0380859 0.0609524 0.259521
0 0.150879 0.0238095 0.0400391 0.047619 0.358887
0 0.314453 0.752381 0.0351562 0.0380952 0.362793
0 0.18457 0.829524 0.0390625 0.0552381 0.499756
0 0.991211 0.962857 0.0175781 0.0742857 0.533691
0 0.928223 0.0257143 0.0419922 0.0514286 0.616211
0 0.169922 0.792381 0.0390625 0.0647619 0.620117
0 0.107422 0.0571429 0.0449219 0.0685714 0.652832
0 0.197266 0.84381 0.0351562 0.0533333 0.697754
0 0.480957 0.801905 0.0380859 0.0419048 0.705078
0 0.426758 0.779048 0.0371094 0.0304762 0.714844
0 0.225098 0.877143 0.0361328 0.047619 0.724609
0 0.838867 0.915238 0.0410156 0.0438095 0.725098
0 0.557617 0.80381 0.0332031 0.0304762 0.773926
0 0.62793 0.88 0.0410156 0.0380952 0.77832
0 0.300293 0.817143 0.0361328 0.0380952 0.817383
0 0.680176 0.875238 0.0439453 0.04 0.819824
0 0.352539 0.809524 0.0371094 0.0342857 0.823242
0 0.741699 0.74381 0.0322266 0.0361905 0.834473
0 0.693359 0.787619 0.0429688 0.047619 0.834961
0 0.537598 0.928571 0.0439453 0.0628571 0.838867
0 0.584961 0.747619 0.0371094 0.0361905 0.857422
0 0.573242 0.847619 0.0371094 0.0380952 0.859863
0 0.783203 0.814286 0.0546875 0.0628571 0.860352
0 0.421875 0.806667 0.0390625 0.0361905 0.866211
0 0.244629 0.826667 0.0439453 0.0533333 0.866699
0 0.620605 0.82 0.0361328 0.0361905 0.872559
0 0.9375 0.86 0.0351562 0.0590476 0.874512
0 0.393555 0.750476 0.0371094 0.0380952 0.881836
0 0.580078 0.893333 0.0410156 0.0571429 0.884277
0 0.231445 0.769524 0.0429688 0.0495238 0.884766
0 0.476074 0.749524 0.0400391 0.04 0.890625
0 0.878906 0.881905 0.0429688 0.0647619 0.891113
0 0.116699 0.854286 0.0419922 0.0742857 0.901367
0 0.507324 0.894286 0.0400391 0.0780952 0.90332
