0 0.246094 0.775238 0.0390625 0.0419048 0.28125
0 0.943848 0.970476 0.0400391 0.0590476 0.354736
0 0.628418 0.88 0.0400391 0.0380952 0.379639
0 0.478516 0.971429 0.0253906 0.0571429 0.47998
0 0.98291 0.946667 0.0322266 0.0761905 0.528809
0 0.680176 0.875238 0.0439453 0.04 0.651367
0 0.928711 0.0247619 0.0410156 0.0495238 0.680176
0 0.625488 0.740952 0.0341797 0.0342857 0.739746
0 0.480957 0.804762 0.0322266 0.032381 0.763184
0 0.580078 0.893333 0.0410156 0.0571429 0.78125
0 0.738281 0.74 0.0371094 0.0361905 0.788086
0 0.558105 0.753333 0.0361328 0.032381 0.838379
0 0.746582 0.805714 0.0419922 0.0457143 0.839355
0 0.481445 0.854286 0.0351562 0.0361905 0.845215
0 0.851074 0.841905 0.0439453 0.0571429 0.857422
0 0.317871 0.812381 0.0361328 0.032381 0.859863
0 0.246582 0.830476 0.0380859 0.0419048 0.859863
0 0.529297 0.819048 0.0351562 0.0380952 0.86084
0 0.300293 0.755238 0.0380859 0.0361905 0.862793
0 0.538574 0.927619 0.0439453 0.0609524 0.86377
0 0.37793 0.810476 0.0371094 0.0361905 0.870117
0 0.898926 0.817143 0.0439453 0.0647619 0.874512
0 0.0942383 0.885714 0.0380859 0.072381 0.875488
0 0.664062 0.797143 0.0429688 0.04 0.882812
0 0.379883 0.753333 0.0390625 0.04 0.882812
0 0.833496 0.775238 0.0341797 0.0495238 0.88623
0 0.114746 0.931429 0.0341797 0.0609524 0.891113
0 0.479004 0.750476 0.0380859 0.0380952 0.892578
0 0.170898 0.870476 0.046875 0.072381 0.894043
0 0.604004 0.810476 0.0419922 0.0514286 0.908691
0 0.184082 0.790476 0.0439453 0.0647619 0.910645
