0 0.449219 0.748571 0.0351562 0.0380952 0.333984
0 0.107422 0.0580952 0.0429688 0.0666667 0.515137
0 0.98291 0.209524 0.0341797 0.0457143 0.561035
0 0.589355 0.794286 0.0380859 0.0419048 0.669922
0 0.143555 0.027619 0.0371094 0.0552381 0.702148
0 0.894043 0.826667 0.0341797 0.0533333 0.727539
0 0.864746 0.917143 0.0400391 0.0438095 0.730469
0 0.773438 0.745714 0.0371094 0.04 0.751953
0 0.244141 0.750476 0.0390625 0.0457143 0.754395
0 0.646973 0.801905 0.0341797 0.0380952 0.762207
0 0.62793 0.879048 0.0410156 0.04 0.770996
0 0.929199 0.0257143 0.0419922 0.0514286 0.77832
0 0.286621 0.866667 0.0400391 0.0380952 0.79248
0 0.125 0.859048 0.0371094 0.0647619 0.80127
0 0.205566 0.892381 0.0361328 0.0514286 0.808594
0 0.95459 0.866667 0.0380859 0.0685714 0.811035
0 0.679688 0.875238 0.0429688 0.04 0.821289
0 0.580566 0.893333 0.0419922 0.0571429 0.833496
0 0.709961 0.837143 0.0371094 0.04 0.833496
0 0.0825195 0.913333 0.0380859 0.0704762 0.836914
0 0.429688 0.806667 0.0351562 0.032381 0.838379
0 0.509766 0.746667 0.0390625 0.0342857 0.843262
0 0.841309 0.764762 0.0380859 0.04 0.847656
0 0.953125 0.249524 0.0429688 0.0495238 0.849609
0 0.825684 0.845714 0.0400391 0.0457143 0.850586
0 0.284668 0.815238 0.0419922 0.0457143 0.859375
0 0.114258 0.941905 0.0429688 0.0704762 0.860352
0 0.95166 0.137143 0.0400391 0.0609524 0.86084
0 0.236328 0.824762 0.0351562 0.0457143 0.861328
0 0.361816 0.811429 0.0380859 0.0380952 0.864746
0 0.370605 0.752381 0.0419922 0.0380952 0.864746
0 0.42041 0.847619 0.0361328 0.0342857 0.868652
0 0.583984 0.746667 0.0390625 0.0380952 0.875977
0 0.941406 0.935238 0.0410156 0.072381 0.878418
0 0.710938 0.750476 0.0371094 0.0419048 0.878418
0 0.535645 0.928571 0.0498047 0.0628571 0.880859
0 0.17334 0.788571 0.0419922 0.0685714 0.882812
0 0.535645 0.8 0.0380859 0.0380952 0.883789
0 0.568359 0.84381 0.0410156 0.0495238 0.898438
