0 0.211426 0.764762 0.0400391 0.0438095 0.310547
0 0.628418 0.88 0.0400391 0.0380952 0.3125
0 0.994141 0.960952 0.0117188 0.0552381 0.329834
0 0.564453 0.792381 0.0351562 0.0419048 0.358398
0 0.855469 0.792381 0.0351562 0.0533333 0.377197
0 0.106934 0.0580952 0.0439453 0.0666667 0.470215
0 0.0649414 0.94 0.0478516 0.0819048 0.47998
0 0.992188 0.273333 0.015625 0.0438095 0.504395
0 0.927246 0.0257143 0.0419922 0.0514286 0.524902
0 0.858398 0.952381 0.03125 0.0266667 0.532715
0 0.739258 0.744762 0.0390625 0.0419048 0.540527
0 0.992188 0.168571 0.015625 0.047619 0.599609
0 0.419434 0.750476 0.0361328 0.0380952 0.620117
0 0.143555 0.0266667 0.0371094 0.0533333 0.74707
0 0.90625 0.895238 0.0390625 0.0609524 0.76416
0 0.620117 0.8 0.0332031 0.0342857 0.775391
0 0.932129 0.834286 0.0361328 0.0571429 0.802246
0 0.680664 0.87619 0.0429688 0.0380952 0.807617
0 0.36084 0.850476 0.0361328 0.0361905 0.809082
0 0.800293 0.76381 0.0419922 0.0419048 0.815918
0 0.23291 0.873333 0.0361328 0.04 0.822754
0 0.769531 0.832381 0.0371094 0.0457143 0.836914
0 0.652832 0.839048 0.0380859 0.04 0.838867
0 0.854004 0.915238 0.0380859 0.04 0.845215
0 0.22998 0.827619 0.0341797 0.0438095 0.847168
0 0.57959 0.892381 0.0419922 0.0552381 0.847656
0 0.272461 0.81619 0.0410156 0.047619 0.850586
0 0.537109 0.927619 0.046875 0.0609524 0.854492
0 0.334473 0.815238 0.0380859 0.0380952 0.855957
0 0.154297 0.931429 0.0351562 0.0571429 0.858398
0 0.32666 0.755238 0.0419922 0.04 0.859375
0 0.48584 0.747619 0.0380859 0.0361905 0.861328
0 0.406738 0.807619 0.0341797 0.0304762 0.862793
0 0.552734 0.749524 0.0390625 0.04 0.868164
0 0.508301 0.800952 0.0400391 0.0361905 0.870117
0 0.674805 0.748571 0.0371094 0.0419048 0.872559
0 0.154785 0.806667 0.0419922 0.0704762 0.882812
0 0.112305 0.875238 0.0371094 0.0666667 0.883789
0 0.554199 0.848571 0.0419922 0.0552381 0.905273
