0 0.793457 0.785714 0.0361328 0.0438095 0.278076
0 0.984863 0.124762 0.0263672 0.04 0.323975
0 0.106934 0.0571429 0.0439453 0.0685714 0.422363
0 0.991211 0.220952 0.0175781 0.0571429 0.496094
0 0.439453 0.749524 0.0351562 0.0361905 0.612305
0 0.144043 0.0266667 0.0361328 0.0533333 0.659668
0 0.58252 0.795238 0.0380859 0.0438095 0.685547
0 0.233398 0.75619 0.0371094 0.0495238 0.702148
0 0.928711 0.0247619 0.0410156 0.0495238 0.735352
0 0.94873 0.855238 0.0361328 0.0647619 0.754395
0 0.859863 0.916191 0.0419922 0.0419048 0.782715
0 0.0991211 0.960952 0.0419922 0.0742857 0.79541
0 0.758301 0.742857 0.0478516 0.0457143 0.79541
0 0.628418 0.879048 0.0400391 0.04 0.797363
0 0.679688 0.877143 0.0429688 0.0361905 0.79834
0 0.401367 0.848571 0.0351562 0.032381 0.813965
0 0.27002 0.868571 0.0361328 0.0380952 0.818359
0 0.635742 0.8 0.0351562 0.0380952 0.823242
0 0.808594 0.839048 0.0390625 0.0438095 0.834473
0 0.880859 0.812381 0.0390625 0.0590476 0.835938
0 0.580078 0.893333 0.0429688 0.0571429 0.837891
0 0.0776367 0.92 0.0400391 0.072381 0.845215
0 0.188965 0.902857 0.0341797 0.0533333 0.845703
0 0.688477 0.837143 0.0371094 0.0361905 0.848145
0 0.357422 0.754286 0.0410156 0.0380952 0.851562
0 0.972656 0.260952 0.0429688 0.0495238 0.853516
0 0.828125 0.76381 0.0390625 0.0419048 0.854492
0 0.536621 0.928571 0.0478516 0.0590476 0.855957
0 0.351562 0.813333 0.0390625 0.0380952 0.858398
0 0.572266 0.747619 0.0390625 0.04 0.861328
0 0.421875 0.805714 0.0351562 0.0342857 0.862793
0 0.931641 0.922857 0.0390625 0.0666667 0.866699
0 0.52832 0.800952 0.0371094 0.0361905 0.867676
0 0.120605 0.866667 0.0380859 0.0685714 0.869629
0 0.233887 0.826667 0.0341797 0.0457143 0.869629
0 0.50293 0.746667 0.0371094 0.0342857 0.871094
0 0.564453 0.845714 0.0410156 0.0495238 0.875977
0 0.279785 0.814286 0.0419922 0.047619 0.877441
0 0.699219 0.749524 0.0371094 0.04 0.881836
0 0.970215 0.152381 0.0419922 0.0533333 0.883789
0 0.166016 0.795238 0.0429688 0.0704762 0.902832
