0 0.106934 0.0590476 0.0439453 0.0685714 0.522949
0 0.679688 0.747619 0.0351562 0.0361905 0.528809
0 0.356934 0.750476 0.0341797 0.0342857 0.544434
0 0.928223 0.0247619 0.0419922 0.0495238 0.69043
0 0.51709 0.8 0.0380859 0.0419048 0.707031
0 0.144531 0.0266667 0.0371094 0.0533333 0.726074
0 0.271484 0.864762 0.0371094 0.0380952 0.765625
0 0.680176 0.87619 0.0439453 0.0380952 0.782715
0 0.588867 0.8 0.0332031 0.0380952 0.802734
0 0.184082 0.779048 0.0400391 0.0571429 0.804199
0 0.629395 0.88 0.0400391 0.0380952 0.804688
0 0.57959 0.892381 0.0400391 0.0590476 0.813477
0 0.311035 0.818095 0.0380859 0.0361905 0.824219
0 0.841309 0.914286 0.0419922 0.0457143 0.82666
0 0.214355 0.835238 0.0361328 0.047619 0.836426
0 0.883789 0.789524 0.0390625 0.0514286 0.850098
0 0.602539 0.844762 0.0371094 0.04 0.854004
0 0.618164 0.746667 0.0371094 0.0380952 0.855957
0 0.43457 0.749524 0.0371094 0.0361905 0.857422
0 0.834473 0.838095 0.0458984 0.0571429 0.858398
0 0.538574 0.928571 0.0439453 0.0628571 0.859375
0 0.144043 0.92381 0.0380859 0.0571429 0.861328
0 0.668457 0.822857 0.0361328 0.0380952 0.867188
0 0.786133 0.75619 0.0332031 0.0419048 0.870605
0 0.371094 0.808571 0.0351562 0.0361905 0.874023
0 0.972168 0.907619 0.0361328 0.0628571 0.874512
0 0.505859 0.749524 0.0390625 0.04 0.875
0 0.919922 0.928571 0.0390625 0.0666667 0.875977
0 0.735352 0.777143 0.0410156 0.0457143 0.877441
0 0.453125 0.804762 0.0371094 0.0361905 0.882812
0 0.135742 0.831429 0.0429688 0.0742857 0.894043
0 0.257812 0.821905 0.0429688 0.047619 0.897461
0 0.081543 0.920952 0.0380859 0.0704762 0.905273
0 0.255371 0.762857 0.0419922 0.0438095 0.913086
0 0.523438 0.872381 0.0429688 0.0685714 0.915527
