0 0.76416 0.750476 0.0458984 0.0419048 0.258057
0 0.195801 0.889524 0.0361328 0.0571429 0.297119
0 0.85791 0.952381 0.0341797 0.0304762 0.386475
0 0.106934 0.0580952 0.0439453 0.0666667 0.393799
0 0.716309 0.744762 0.0400391 0.0419048 0.449219
0 0.12207 0.96381 0.0371094 0.0571429 0.450928
0 0.197754 0.770476 0.0400391 0.0552381 0.462646
0 0.989258 0.959048 0.0214844 0.0819048 0.507812
0 0.928223 0.0247619 0.0400391 0.0495238 0.530762
0 0.550781 0.793333 0.0390625 0.0438095 0.590332
0 0.959473 0.974286 0.0400391 0.0514286 0.592285
0 0.395996 0.749524 0.0361328 0.0361905 0.663086
0 0.608887 0.799048 0.0341797 0.0361905 0.67334
0 0.775391 0.769524 0.0390625 0.0419048 0.695312
0 0.144043 0.0266667 0.0380859 0.0533333 0.707031
0 0.32373 0.855238 0.0341797 0.0342857 0.789062
0 0.225098 0.830476 0.0322266 0.0457143 0.80127
0 0.148438 0.817143 0.0429688 0.0761905 0.80127
0 0.680176 0.875238 0.0439453 0.04 0.809082
0 0.628906 0.88 0.0390625 0.0380952 0.818359
0 0.0463867 0.959048 0.0517578 0.0819048 0.818848
0 0.104492 0.888571 0.0371094 0.0666667 0.825195
0 0.911133 0.813333 0.0449219 0.0609524 0.827148
0 0.828613 0.773333 0.0361328 0.0495238 0.830078
0 0.728027 0.827619 0.0361328 0.0438095 0.833496
0 0.847656 0.917143 0.0390625 0.04 0.834961
0 0.39209 0.807619 0.0341797 0.0342857 0.85791
0 0.628418 0.840952 0.0380859 0.0361905 0.858887
0 0.536621 0.927619 0.0498047 0.0647619 0.86377
0 0.486328 0.802857 0.0390625 0.0361905 0.866699
0 0.53418 0.748571 0.0410156 0.0419048 0.866699
0 0.323242 0.818095 0.0371094 0.04 0.868164
0 0.580078 0.892381 0.0410156 0.0590476 0.870117
0 0.650391 0.747619 0.0371094 0.04 0.872559
0 0.878906 0.868571 0.0429688 0.0609524 0.874023
0 0.468262 0.749524 0.0380859 0.0361905 0.878906
0 0.26709 0.818095 0.0419922 0.047619 0.880371
0 0.29541 0.758095 0.0419922 0.0380952 0.890625
0 0.543457 0.857143 0.0419922 0.0609524 0.911133
