0 0.995605 0.133333 0.00878906 0.0495238 0.266602
0 0.0844727 0.971429 0.0458984 0.0571429 0.317139
0 0.994141 0.964762 0.0117188 0.0590476 0.333496
0 0.429199 0.749524 0.0341797 0.0361905 0.378906
0 0.107422 0.0580952 0.0429688 0.0666667 0.395752
0 0.574219 0.796191 0.0371094 0.0457143 0.653809
0 0.62793 0.879048 0.0410156 0.04 0.660645
0 0.746094 0.742857 0.046875 0.0457143 0.69043
0 0.143555 0.0266667 0.0371094 0.0533333 0.697266
0 0.928223 0.0257143 0.0419922 0.0514286 0.700195
0 0.938965 0.844762 0.0341797 0.0590476 0.718262
0 0.249023 0.866667 0.0371094 0.0419048 0.735352
0 0.857422 0.916191 0.0390625 0.0380952 0.780762
0 0.171387 0.917143 0.0361328 0.0552381 0.786133
0 0.0742188 0.926667 0.0390625 0.0704762 0.790039
0 0.983398 0.16381 0.0332031 0.0533333 0.790527
0 0.679688 0.879048 0.0429688 0.0361905 0.796387
0 0.984375 0.268571 0.03125 0.0419048 0.804688
0 0.22168 0.759048 0.0390625 0.0514286 0.808594
0 0.62793 0.8 0.0332031 0.0380952 0.816895
0 0.232422 0.827619 0.0332031 0.0438095 0.827148
0 0.57959 0.893333 0.0419922 0.0571429 0.835938
0 0.870117 0.801905 0.0390625 0.0571429 0.838379
0 0.791016 0.837143 0.0371094 0.047619 0.842285
0 0.414062 0.806667 0.0351562 0.032381 0.843262
0 0.519043 0.800952 0.0380859 0.0361905 0.847656
0 0.342285 0.755238 0.0419922 0.0361905 0.847656
0 0.813965 0.76381 0.0400391 0.0419048 0.850586
0 0.379883 0.847619 0.0371094 0.0342857 0.851562
0 0.537109 0.929524 0.046875 0.0609524 0.855469
0 0.275391 0.81619 0.0429688 0.047619 0.860352
0 0.342285 0.814286 0.0361328 0.0361905 0.862793
0 0.669434 0.838095 0.0361328 0.0380952 0.864258
0 0.687012 0.748571 0.0361328 0.0419048 0.866699
0 0.494629 0.747619 0.0380859 0.0361905 0.874023
0 0.560059 0.847619 0.0419922 0.0533333 0.883789
0 0.562012 0.748571 0.0400391 0.0380952 0.884277
0 0.116211 0.869524 0.0371094 0.0666667 0.884277
0 0.918945 0.907619 0.0390625 0.0590476 0.889648
0 0.160156 0.801905 0.0429688 0.072381 0.898438
