0 0.0400391 0.968571 0.0410156 0.0628571 0.285889
0 0.105469 0.977143 0.0410156 0.0457143 0.34082
0 0.702637 0.749524 0.0400391 0.0438095 0.395752
0 0.106934 0.0580952 0.0439453 0.0666667 0.431641
0 0.195312 0.77619 0.0390625 0.0590476 0.441406
0 0.928711 0.0247619 0.0410156 0.0495238 0.487793
0 0.540527 0.798095 0.0380859 0.0457143 0.534668
0 0.384277 0.749524 0.0341797 0.0361905 0.586426
0 0.17627 0.897143 0.0361328 0.0533333 0.61084
0 0.143555 0.0266667 0.0371094 0.0533333 0.666504
0 0.221191 0.830476 0.0322266 0.0457143 0.731934
0 0.60498 0.797143 0.0341797 0.04 0.75
0 0.0981445 0.898095 0.0361328 0.0666667 0.773926
0 0.90332 0.806667 0.0371094 0.0552381 0.8125
0 0.983398 0.933333 0.0332031 0.0761905 0.822266
0 0.62793 0.880952 0.0390625 0.04 0.826172
0 0.845215 0.917143 0.0400391 0.04 0.836426
0 0.680176 0.875238 0.0439453 0.04 0.84082
0 0.707031 0.826667 0.0371094 0.0419048 0.842285
0 0.144043 0.820952 0.0419922 0.072381 0.844238
0 0.580078 0.892381 0.0410156 0.0590476 0.847656
0 0.306152 0.858095 0.0361328 0.032381 0.852051
0 0.812988 0.765714 0.0361328 0.0457143 0.860352
0 0.319824 0.815238 0.0380859 0.0380952 0.862305
0 0.537598 0.927619 0.0458984 0.0647619 0.862793
0 0.761719 0.772381 0.0390625 0.0438095 0.863281
0 0.864746 0.858095 0.0419922 0.0590476 0.866699
0 0.458008 0.749524 0.0371094 0.0361905 0.870117
0 0.475098 0.80381 0.0380859 0.0380952 0.871094
0 0.620605 0.841905 0.0361328 0.0380952 0.872559
0 0.26416 0.82 0.0439453 0.047619 0.875977
0 0.384766 0.808571 0.0351562 0.032381 0.876953
0 0.63916 0.747619 0.0380859 0.04 0.876953
0 0.946289 0.964762 0.0410156 0.0704762 0.881836
0 0.524902 0.749524 0.0400391 0.04 0.885254
0 0.279785 0.76 0.0419922 0.0419048 0.888672
0 0.536621 0.860952 0.0419922 0.0647619 0.901367
