0 0.690918 0.749524 0.0361328 0.04 0.308838
0 0.855957 0.954286 0.0361328 0.0304762 0.368164
0 0.738281 0.754286 0.046875 0.0457143 0.371826
0 0.979492 0.965714 0.03125 0.0533333 0.388428
0 0.107422 0.0571429 0.0429688 0.0685714 0.394043
0 0.370605 0.750476 0.0361328 0.0380952 0.480225
0 0.928711 0.0238095 0.0390625 0.047619 0.532715
0 0.188477 0.777143 0.0410156 0.0609524 0.594727
0 0.528809 0.798095 0.0380859 0.0419048 0.614746
0 0.286133 0.861905 0.0410156 0.0361905 0.672852
0 0.143555 0.0266667 0.0371094 0.0533333 0.697266
0 0.15918 0.912381 0.0371094 0.0571429 0.709961
0 0.21875 0.832381 0.0332031 0.0457143 0.763184
0 0.890625 0.796191 0.046875 0.0533333 0.783691
0 0.596191 0.798095 0.0341797 0.0380952 0.791504
0 0.6875 0.822857 0.0351562 0.0380952 0.813477
0 0.57959 0.892381 0.0400391 0.0590476 0.826172
0 0.680176 0.87619 0.0439453 0.0419048 0.830566
0 0.628906 0.880952 0.0390625 0.04 0.833984
0 0.0908203 0.908571 0.0390625 0.072381 0.840332
0 0.316406 0.817143 0.0390625 0.0380952 0.844727
0 0.61084 0.844762 0.0380859 0.04 0.845703
0 0.536621 0.928571 0.0478516 0.0666667 0.847656
0 0.37793 0.807619 0.0351562 0.0342857 0.855469
0 0.842773 0.916191 0.0410156 0.0419048 0.859863
0 0.446777 0.749524 0.0380859 0.0361905 0.861328
0 0.749512 0.775238 0.0419922 0.0457143 0.865234
0 0.515625 0.750476 0.0390625 0.0419048 0.867676
0 0.464355 0.804762 0.0380859 0.0361905 0.873047
0 0.629395 0.747619 0.0380859 0.04 0.875
0 0.140625 0.825714 0.0429688 0.0742857 0.880371
0 0.799805 0.760952 0.0371094 0.0438095 0.888672
0 0.980957 0.92381 0.0361328 0.0647619 0.89209
0 0.26123 0.819048 0.0419922 0.0457143 0.89209
0 0.530273 0.866667 0.0410156 0.0647619 0.896484
0 0.850098 0.848571 0.0439453 0.0552381 0.897461
0 0.933594 0.944762 0.0410156 0.0685714 0.904785
0 0.266602 0.760952 0.0410156 0.04 0.906738
