0 0.993164 0.96 0.0136719 0.0685714 0.278809
0 0.558105 0.797143 0.0380859 0.0438095 0.289062
0 0.956543 0.973333 0.0419922 0.0533333 0.439453
0 0.841309 0.78 0.0380859 0.0514286 0.503418
0 0.106934 0.0580952 0.0439453 0.0666667 0.561523
0 0.407227 0.749524 0.0351562 0.0361905 0.56543
0 0.727539 0.748571 0.0371094 0.0380952 0.586914
0 0.203125 0.768571 0.0390625 0.0552381 0.603516
0 0.213379 0.880952 0.0400391 0.0514286 0.627441
0 0.0532227 0.952381 0.0537109 0.0838095 0.636719
0 0.92334 0.824762 0.0380859 0.0609524 0.65625
0 0.62793 0.88 0.0410156 0.0380952 0.713379
0 0.928711 0.0247619 0.0410156 0.0495238 0.716309
0 0.143555 0.027619 0.0371094 0.0552381 0.727539
0 0.786621 0.766667 0.0419922 0.0438095 0.738281
0 0.749512 0.828571 0.0361328 0.0457143 0.740234
0 0.893555 0.88381 0.0410156 0.0609524 0.758789
0 0.137207 0.948571 0.0361328 0.0571429 0.761719
0 0.850586 0.916191 0.0390625 0.0419048 0.772461
0 0.342773 0.854286 0.0351562 0.032381 0.772949
0 0.614746 0.798095 0.0341797 0.0380952 0.775879
0 0.225586 0.830476 0.0351562 0.0457143 0.789062
0 0.679688 0.875238 0.0429688 0.04 0.807617
0 0.328613 0.815238 0.0361328 0.0380952 0.844727
0 0.63916 0.84 0.0361328 0.0380952 0.849121
0 0.399414 0.807619 0.0351562 0.0342857 0.85791
0 0.535645 0.928571 0.0498047 0.0628571 0.865723
0 0.57959 0.892381 0.0419922 0.0590476 0.866699
0 0.662598 0.747619 0.0380859 0.04 0.867188
0 0.10791 0.88381 0.0380859 0.0685714 0.867676
0 0.151855 0.812381 0.0439453 0.0742857 0.868164
0 0.478027 0.748571 0.0361328 0.0342857 0.868652
0 0.27002 0.818095 0.0419922 0.047619 0.875488
0 0.311035 0.757143 0.0419922 0.04 0.875977
0 0.497559 0.802857 0.0380859 0.0361905 0.881836
0 0.549316 0.851429 0.0419922 0.0571429 0.885254
0 0.543457 0.749524 0.0400391 0.04 0.885742
