0 0.61084 0.794286 0.0380859 0.0380952 0.522949
0 0.928223 0.0257143 0.0419922 0.0514286 0.544434
0 0.683594 0.805714 0.0332031 0.0342857 0.592285
0 0.971191 0.26381 0.0419922 0.047619 0.631348
0 0.969727 0.891429 0.0371094 0.0685714 0.645508
0 0.143555 0.0266667 0.0371094 0.0533333 0.652832
0 0.0820312 0.969524 0.0410156 0.0609524 0.693848
0 0.62793 0.879048 0.0410156 0.04 0.734863
0 0.810547 0.752381 0.0371094 0.0419048 0.762207
0 0.679688 0.875238 0.0429688 0.04 0.785645
0 0.154785 0.890476 0.0439453 0.0742857 0.795898
0 0.344727 0.860952 0.0371094 0.0380952 0.8125
0 0.96875 0.970476 0.0390625 0.0590476 0.815918
0 0.871094 0.917143 0.0429688 0.047619 0.818848
0 0.282715 0.747619 0.0380859 0.0361905 0.820312
0 0.938965 0.180952 0.0458984 0.0685714 0.831543
0 0.144531 0.83619 0.0371094 0.0685714 0.833496
0 0.777832 0.841905 0.0380859 0.0457143 0.842773
0 0.45166 0.805714 0.0341797 0.0342857 0.84375
0 0.473633 0.846667 0.0351562 0.0361905 0.849121
0 0.390137 0.810476 0.0361328 0.0361905 0.853516
0 0.26123 0.870476 0.0341797 0.0380952 0.856445
0 0.251953 0.82 0.0371094 0.0438095 0.85791
0 0.57959 0.891429 0.0419922 0.0571429 0.861328
0 0.881348 0.779048 0.0419922 0.0571429 0.862793
0 0.894043 0.197143 0.0419922 0.0666667 0.865723
0 0.20166 0.768571 0.0419922 0.0628571 0.869629
0 0.871094 0.861905 0.0410156 0.0552381 0.872559
0 0.531738 0.744762 0.0361328 0.0342857 0.873047
0 0.557129 0.797143 0.0380859 0.0361905 0.873535
0 0.536621 0.929524 0.0478516 0.0647619 0.874023
0 0.745117 0.752381 0.0371094 0.0419048 0.875488
0 0.628418 0.74381 0.0400391 0.04 0.878418
0 0.303223 0.810476 0.0419922 0.0438095 0.879395
0 0.0942383 0.894286 0.0380859 0.0704762 0.884277
0 0.58252 0.839048 0.0400391 0.047619 0.887695
0 0.407715 0.750476 0.0419922 0.0380952 0.888184
0 0.903809 0.0752381 0.0400391 0.0704762 0.890625
