0 0.106934 0.0590476 0.0439453 0.0685714 0.458496
0 0.757812 0.81619 0.0332031 0.04 0.464844
0 0.90918 0.0933333 0.0253906 0.0457143 0.503418
0 0.671387 0.8 0.0380859 0.0380952 0.659668
0 0.143066 0.0266667 0.0361328 0.0533333 0.661621
0 0.928223 0.0247619 0.0400391 0.0495238 0.713379
0 0.882324 0.920952 0.0439453 0.0552381 0.759766
0 0.712891 0.74381 0.0390625 0.04 0.771973
0 0.680176 0.875238 0.0439453 0.04 0.780273
0 0.216309 0.84381 0.0439453 0.0571429 0.79248
0 0.202637 0.787619 0.0400391 0.0552381 0.796387
0 0.426758 0.856191 0.0371094 0.0361905 0.810059
0 0.427246 0.808571 0.0361328 0.0361905 0.811035
0 0.34668 0.746667 0.0390625 0.0342857 0.813477
0 0.533691 0.84 0.0361328 0.0342857 0.81543
0 0.977051 0.910476 0.0361328 0.0761905 0.816895
0 0.482422 0.805714 0.0351562 0.0342857 0.820801
0 0.873047 0.782857 0.0390625 0.0533333 0.823242
0 0.628418 0.88 0.0400391 0.0380952 0.82959
0 0.344727 0.806667 0.0410156 0.04 0.843262
0 0.537109 0.928571 0.046875 0.0628571 0.851562
0 0.260742 0.749524 0.0410156 0.047619 0.854492
0 0.863281 0.864762 0.0390625 0.0495238 0.85498
0 0.863281 0.0666667 0.0410156 0.0838095 0.85791
0 0.292969 0.813333 0.0332031 0.0342857 0.863281
0 0.565918 0.744762 0.0361328 0.0342857 0.864258
0 0.960449 0.926667 0.0361328 0.0704762 0.864746
0 0.874512 0.179048 0.0419922 0.072381 0.866699
0 0.588867 0.794286 0.0371094 0.0342857 0.868164
0 0.354004 0.860952 0.0322266 0.0304762 0.869141
0 0.799805 0.760952 0.0390625 0.0438095 0.871582
0 0.57959 0.892381 0.0419922 0.0590476 0.873535
0 0.929688 0.935238 0.0371094 0.072381 0.875488
0 0.148438 0.891429 0.0410156 0.0685714 0.881836
0 0.95459 0.115238 0.0458984 0.0628571 0.883789
0 0.445312 0.750476 0.0429688 0.0380952 0.884766
0 0.132812 0.839048 0.0371094 0.0666667 0.885254
0 0.62207 0.831429 0.0390625 0.04 0.885742
0 0.816406 0.04 0.0371094 0.08 0.89502
0 0.92334 0.811429 0.0439453 0.0685714 0.897949
