0 0.70166 0.759048 0.0439453 0.04 0.292236
0 0.699707 0.801905 0.0361328 0.0342857 0.313721
0 0.107422 0.0580952 0.0429688 0.0666667 0.427979
0 0.696289 0.789524 0.0410156 0.032381 0.54248
0 0.143555 0.0266667 0.0371094 0.0533333 0.665039
0 0.928223 0.0247619 0.0400391 0.0495238 0.685547
0 0.841797 0.0228571 0.03125 0.0457143 0.730469
0 0.62793 0.88 0.0410156 0.0380952 0.759766
0 0.780762 0.811429 0.0458984 0.0533333 0.774414
0 0.226074 0.773333 0.0380859 0.0495238 0.80127
0 0.978516 0.911429 0.0390625 0.0780952 0.814941
0 0.537109 0.928571 0.046875 0.0590476 0.814941
0 0.679688 0.87619 0.0429688 0.0380952 0.823242
0 0.580078 0.893333 0.0410156 0.0571429 0.830078
0 0.494629 0.804762 0.0341797 0.032381 0.832031
0 0.452637 0.853333 0.0380859 0.0380952 0.843262
0 0.365234 0.746667 0.0390625 0.0342857 0.843262
0 0.887695 0.877143 0.0410156 0.0514286 0.84375
0 0.44043 0.807619 0.0351562 0.0380952 0.844238
0 0.882812 0.791429 0.0390625 0.0514286 0.847168
0 0.554199 0.837143 0.0361328 0.0361905 0.847168
0 0.154785 0.81619 0.0380859 0.0628571 0.848145
0 0.307129 0.812381 0.0341797 0.0361905 0.855957
0 0.950195 0.968571 0.0371094 0.0628571 0.856445
0 0.127441 0.962857 0.0458984 0.0742857 0.857422
0 0.888184 0.924762 0.0419922 0.0552381 0.857422
0 0.384766 0.859048 0.03125 0.0342857 0.85791
0 0.978516 0.217143 0.0390625 0.0419048 0.860352
0 0.643555 0.828571 0.0371094 0.0419048 0.860352
0 0.742188 0.744762 0.0390625 0.0380952 0.861328
0 0.584473 0.744762 0.0361328 0.0342857 0.863281
0 0.60498 0.793333 0.0380859 0.032381 0.86377
0 0.818848 0.764762 0.0380859 0.0438095 0.864258
0 0.841309 0.124762 0.0400391 0.0780952 0.864746
0 0.985352 0.137143 0.0292969 0.0495238 0.868164
0 0.926758 0.0847619 0.0449219 0.0704762 0.875977
0 0.282715 0.747619 0.0400391 0.0438095 0.875977
0 0.360352 0.806667 0.0429688 0.04 0.879395
0 0.45459 0.750476 0.0419922 0.0380952 0.894043
0 0.236328 0.835238 0.0449219 0.0552381 0.901367
0 0.17041 0.870476 0.0400391 0.0685714 0.904297
0 0.972656 0.952381 0.0351562 0.072381 0.905273
0 0.932129 0.822857 0.0439453 0.0685714 0.926758
