0 0.921387 0.0542857 0.0263672 0.0438095 0.284424
0 0.106934 0.0580952 0.0439453 0.0666667 0.323975
0 0.850586 0.80381 0.0371094 0.0495238 0.366455
0 0.60498 0.790476 0.0400391 0.0380952 0.575195
0 0.965332 0.884762 0.0341797 0.0666667 0.614746
0 0.671387 0.804762 0.0361328 0.0361905 0.643555
0 0.143555 0.027619 0.0371094 0.0552381 0.683594
0 0.914551 0.850476 0.0341797 0.0590476 0.713379
0 0.928711 0.0247619 0.0390625 0.0495238 0.714844
0 0.326172 0.860952 0.0371094 0.0380952 0.744141
0 0.62793 0.88 0.0410156 0.0380952 0.750488
0 0.243652 0.875238 0.0341797 0.04 0.788574
0 0.245605 0.822857 0.0361328 0.0457143 0.791504
0 0.867676 0.917143 0.0439453 0.047619 0.79834
0 0.797363 0.749524 0.0361328 0.04 0.800781
0 0.963379 0.966667 0.0400391 0.0666667 0.815918
0 0.679688 0.875238 0.0429688 0.04 0.816406
0 0.137207 0.844762 0.0380859 0.0704762 0.825684
0 0.090332 0.902857 0.0380859 0.0685714 0.826172
0 0.869629 0.772381 0.0400391 0.0438095 0.82666
0 0.857422 0.854286 0.0390625 0.0514286 0.833984
0 0.190918 0.775238 0.0419922 0.0647619 0.834961
0 0.95459 0.191429 0.0458984 0.0590476 0.839355
0 0.269043 0.747619 0.0400391 0.04 0.84082
0 0.141602 0.906667 0.0449219 0.072381 0.854492
0 0.757324 0.84 0.0361328 0.0419048 0.862305
0 0.524902 0.745714 0.0380859 0.0361905 0.866699
0 0.457031 0.847619 0.0371094 0.0342857 0.867188
0 0.612793 0.744762 0.0400391 0.0380952 0.870605
0 0.537109 0.929524 0.046875 0.0647619 0.87207
0 0.297852 0.812381 0.0429688 0.0438095 0.87207
0 0.381348 0.811429 0.0380859 0.0342857 0.873047
0 0.733398 0.750476 0.0371094 0.0419048 0.873047
0 0.396973 0.750476 0.0419922 0.0380952 0.874512
0 0.580078 0.893333 0.0410156 0.0571429 0.875488
0 0.550293 0.799048 0.0380859 0.0361905 0.876953
0 0.918945 0.0961905 0.0410156 0.0704762 0.87793
0 0.445312 0.806667 0.0351562 0.032381 0.886719
0 0.914062 0.218095 0.0429688 0.0628571 0.886719
0 0.577637 0.840952 0.0400391 0.047619 0.890625
