0 0.978027 0.17619 0.0283203 0.0361905 0.271729
0 0.106934 0.0580952 0.0439453 0.0666667 0.279541
0 0.937988 0.889524 0.0341797 0.0609524 0.393555
0 0.631348 0.797143 0.0361328 0.0361905 0.538574
0 0.308105 0.750476 0.0341797 0.0380952 0.643555
0 0.712402 0.804762 0.0380859 0.047619 0.668945
0 0.837402 0.764762 0.0361328 0.04 0.684082
0 0.680176 0.874286 0.0439453 0.0419048 0.685059
0 0.143555 0.027619 0.0371094 0.0552381 0.707031
0 0.928223 0.0257143 0.0419922 0.0514286 0.708496
0 0.628418 0.88 0.0400391 0.0380952 0.714844
0 0.893555 0.886667 0.0449219 0.0628571 0.736816
0 0.299805 0.865714 0.03125 0.032381 0.754395
0 0.663086 0.74381 0.0410156 0.04 0.773926
0 0.98877 0.145714 0.0224609 0.0552381 0.781738
0 0.164062 0.819048 0.0390625 0.0647619 0.788574
0 0.499512 0.844762 0.0361328 0.0361905 0.814941
0 0.407715 0.809524 0.0361328 0.0342857 0.815918
0 0.876953 0.0304762 0.0390625 0.0609524 0.818359
0 0.180664 0.868571 0.0449219 0.0685714 0.824219
0 0.580078 0.892381 0.0410156 0.0590476 0.828125
0 0.931152 0.242857 0.0419922 0.0552381 0.833008
0 0.875977 0.919048 0.0410156 0.047619 0.834961
0 0.974121 0.90381 0.0361328 0.0704762 0.834961
0 0.536133 0.931429 0.046875 0.0647619 0.845215
0 0.225098 0.757143 0.0419922 0.0552381 0.84668
0 0.570312 0.795238 0.0390625 0.0361905 0.854492
0 0.464355 0.806667 0.0341797 0.032381 0.856934
0 0.814453 0.849524 0.0390625 0.0457143 0.858887
0 0.902344 0.791429 0.0429688 0.0590476 0.86377
0 0.269043 0.815238 0.0341797 0.0380952 0.864258
0 0.380371 0.859048 0.0380859 0.0380952 0.864746
0 0.545898 0.745714 0.0371094 0.0361905 0.872559
0 0.424805 0.750476 0.0410156 0.0380952 0.874512
0 0.595215 0.837143 0.0400391 0.0438095 0.880859
0 0.107422 0.875238 0.0371094 0.0628571 0.881836
0 0.76709 0.755238 0.0361328 0.04 0.883789
0 0.908691 0.144762 0.0458984 0.072381 0.885742
0 0.112793 0.935238 0.0400391 0.0685714 0.886719
0 0.318359 0.808571 0.0410156 0.04 0.893555
0 0.858887 0.142857 0.0419922 0.0761905 0.90332
