0 0.880371 0.92 0.0400391 0.0533333 0.376953
0 0.107422 0.0590476 0.0429688 0.0647619 0.493652
0 0.86084 0.773333 0.0380859 0.0495238 0.573242
0 0.656738 0.796191 0.0361328 0.0380952 0.682129
0 0.143555 0.0266667 0.0371094 0.0533333 0.685547
0 0.743164 0.809524 0.0332031 0.0419048 0.687012
0 0.680176 0.874286 0.0439453 0.0419048 0.717285
0 0.977539 0.906667 0.0371094 0.072381 0.729004
0 0.334473 0.748571 0.0380859 0.0342857 0.773926
0 0.928223 0.0247619 0.0419922 0.0495238 0.776855
0 0.188965 0.798095 0.0400391 0.0571429 0.787598
0 0.523438 0.84 0.0351562 0.0342857 0.806641
0 0.952637 0.914286 0.0341797 0.0685714 0.815918
0 0.412598 0.856191 0.0380859 0.0361905 0.828613
0 0.628418 0.88 0.0400391 0.0380952 0.833496
0 0.205078 0.850476 0.0449219 0.0628571 0.834961
0 0.336426 0.861905 0.0322266 0.032381 0.845215
0 0.476074 0.805714 0.0341797 0.0342857 0.849121
0 0.538574 0.929524 0.0439453 0.0609524 0.851562
0 0.421387 0.807619 0.0380859 0.0380952 0.851562
0 0.583008 0.794286 0.0371094 0.0342857 0.852051
0 0.919434 0.917143 0.0380859 0.0666667 0.852539
0 0.57959 0.892381 0.0419922 0.0590476 0.855957
0 0.89209 0.20381 0.0419922 0.0647619 0.856445
0 0.248047 0.751429 0.0429688 0.0514286 0.857422
0 0.970703 0.126667 0.046875 0.0590476 0.859375
0 0.697266 0.742857 0.0390625 0.0380952 0.861328
0 0.558594 0.744762 0.0371094 0.0342857 0.864746
0 0.284668 0.814286 0.0341797 0.0361905 0.865723
0 0.335449 0.806667 0.0419922 0.04 0.869141
0 0.878418 0.0961905 0.0419922 0.0780952 0.87207
0 0.438477 0.750476 0.0410156 0.0380952 0.875977
0 0.790039 0.758095 0.0390625 0.0457143 0.876465
0 0.123535 0.851429 0.0380859 0.0647619 0.882324
0 0.611816 0.832381 0.0400391 0.0419048 0.888672
0 0.91748 0.804762 0.0439453 0.0666667 0.889648
0 0.137207 0.90381 0.0400391 0.0666667 0.89502
0 0.848633 0.859048 0.0371094 0.0457143 0.898438
0 0.829102 0.0742857 0.0390625 0.0838095 0.951172
