0 0.112793 0.872381 0.0576172 0.106667 0.287109
0 0.929688 0.967619 0.0390625 0.0647619 0.636719
0 0.804688 0.822857 0.0429688 0.0533333 0.645508
0 0.928711 0.0247619 0.0410156 0.0495238 0.714844
0 0.078125 0.0857143 0.0449219 0.0647619 0.715332
0 0.143555 0.0266667 0.0371094 0.0533333 0.722656
0 0.87207 0.854286 0.0371094 0.0590476 0.731934
0 0.292969 0.758095 0.0371094 0.0380952 0.77002
0 0.680176 0.875238 0.0439453 0.04 0.791016
0 0.979492 0.167619 0.0410156 0.0571429 0.791504
0 0.62793 0.88 0.0410156 0.0380952 0.799316
0 0.635742 0.826667 0.0371094 0.0342857 0.800293
0 0.893555 0.799048 0.0371094 0.0552381 0.816895
0 0.580078 0.893333 0.0410156 0.0571429 0.819824
0 0.978027 0.909524 0.0361328 0.0742857 0.825684
0 0.682617 0.797143 0.0371094 0.0361905 0.830078
0 0.481445 0.804762 0.0371094 0.0361905 0.834961
0 0.484863 0.851429 0.0322266 0.0342857 0.845703
0 0.416992 0.744762 0.0371094 0.0342857 0.850098
0 0.532227 0.845714 0.0371094 0.0380952 0.854004
0 0.244629 0.76 0.0380859 0.0495238 0.856445
0 0.728516 0.813333 0.0390625 0.0419048 0.858887
0 0.553223 0.804762 0.0341797 0.032381 0.86084
0 0.418457 0.802857 0.0419922 0.04 0.86084
0 0.704102 0.74381 0.0371094 0.0361905 0.865234
0 0.850586 0.774286 0.0390625 0.047619 0.865723
0 0.148438 0.941905 0.0429688 0.0704762 0.870117
0 0.25293 0.87619 0.0429688 0.0457143 0.871094
0 0.536621 0.930476 0.0478516 0.0666667 0.87207
0 0.302734 0.818095 0.0410156 0.04 0.872559
0 0.342285 0.74381 0.0380859 0.04 0.875977
0 0.369629 0.809524 0.0341797 0.0342857 0.879395
0 0.524414 0.746667 0.0410156 0.0380952 0.879395
0 0.844727 0.124762 0.0371094 0.0742857 0.879395
0 0.92334 0.1 0.0419922 0.0666667 0.880859
0 0.938965 0.921905 0.0380859 0.0609524 0.892578
0 0.796387 0.760952 0.0419922 0.0514286 0.899902
0 0.244629 0.820952 0.0380859 0.0495238 0.901855
0 0.937012 0.830476 0.0439453 0.072381 0.906738
0 0.854004 0.0742857 0.0400391 0.0761905 0.911133
