0 0.758789 0.813333 0.0371094 0.0457143 0.458984
0 0.628418 0.88 0.0400391 0.0380952 0.638672
0 0.143555 0.0266667 0.0371094 0.0533333 0.666504
0 0.928223 0.0247619 0.0419922 0.0495238 0.69043
0 0.594727 0.831429 0.0351562 0.0361905 0.75293
0 0.497559 0.851429 0.0361328 0.0342857 0.821777
0 0.978027 0.909524 0.0380859 0.0780952 0.822754
0 0.266113 0.760952 0.0380859 0.0438095 0.825195
0 0.52002 0.804762 0.0361328 0.032381 0.828613
0 0.438965 0.854286 0.0322266 0.032381 0.828613
0 0.833496 0.827619 0.0419922 0.0590476 0.831543
0 0.680176 0.875238 0.0439453 0.04 0.834473
0 0.339355 0.811429 0.0341797 0.0342857 0.839844
0 0.461426 0.806667 0.0361328 0.0361905 0.843262
0 0.647461 0.794286 0.0371094 0.0342857 0.84375
0 0.892578 0.798095 0.0390625 0.0571429 0.845703
0 0.902832 0.937143 0.0439453 0.0609524 0.847656
0 0.57959 0.893333 0.0419922 0.0571429 0.850098
0 0.394531 0.744762 0.0371094 0.0342857 0.851562
0 0.186523 0.905714 0.0449219 0.0666667 0.856445
0 0.319336 0.744762 0.0371094 0.0419048 0.859863
0 0.983398 0.154286 0.0332031 0.0457143 0.860352
0 0.536133 0.930476 0.0488281 0.0628571 0.870117
0 0.916992 0.898095 0.0371094 0.0552381 0.870605
0 0.392578 0.804762 0.0410156 0.04 0.871094
0 0.691406 0.82 0.0390625 0.0438095 0.872559
0 0.477051 0.748571 0.0419922 0.0380952 0.874512
0 0.933594 0.234286 0.0371094 0.0533333 0.875488
0 0.641602 0.744762 0.0371094 0.0380952 0.884766
0 0.210449 0.837143 0.0400391 0.0552381 0.885742
0 0.271484 0.82381 0.0429688 0.047619 0.88916
0 0.909668 0.161905 0.0419922 0.0609524 0.889648
0 0.778809 0.751429 0.0400391 0.0438095 0.890137
0 0.207031 0.774286 0.0371094 0.0514286 0.891113
0 0.841797 0.773333 0.0390625 0.0457143 0.89502
0 0.933105 0.0847619 0.0419922 0.0666667 0.900879
0 0.937012 0.830476 0.0439453 0.072381 0.90625
