0 0.606445 0.772381 0.0332031 0.0247619 0.373535
0 0.928223 0.0247619 0.0419922 0.0495238 0.441162
0 0.0996094 0.0647619 0.0449219 0.0685714 0.487793
0 0.772949 0.814286 0.0361328 0.047619 0.631836
0 0.143066 0.027619 0.0361328 0.0552381 0.735352
0 0.606445 0.829524 0.0371094 0.032381 0.784668
0 0.506836 0.849524 0.0371094 0.0342857 0.810059
0 0.841797 0.831429 0.046875 0.0590476 0.813477
0 0.62793 0.88 0.0410156 0.0380952 0.814453
0 0.680176 0.875238 0.0439453 0.04 0.816406
0 0.399902 0.74381 0.0380859 0.032381 0.82373
0 0.451172 0.854286 0.03125 0.032381 0.832031
0 0.893066 0.798095 0.0380859 0.0571429 0.835449
0 0.57959 0.892381 0.0419922 0.0590476 0.835938
0 0.977051 0.908571 0.0361328 0.072381 0.838379
0 0.907715 0.940952 0.0419922 0.0647619 0.84375
0 0.466309 0.806667 0.0361328 0.0361905 0.849609
0 0.658203 0.793333 0.0390625 0.0361905 0.854004
0 0.52832 0.804762 0.0351562 0.032381 0.856445
0 0.700684 0.819048 0.0400391 0.0457143 0.856934
0 0.273438 0.759048 0.0371094 0.04 0.86084
0 0.970215 0.14381 0.0419922 0.0514286 0.868164
0 0.325195 0.744762 0.0390625 0.0419048 0.873535
0 0.202148 0.89619 0.0449219 0.0628571 0.874512
0 0.347168 0.809524 0.0341797 0.0342857 0.876465
0 0.535645 0.929524 0.0498047 0.0609524 0.87793
0 0.399414 0.804762 0.0410156 0.04 0.879395
0 0.658203 0.744762 0.0371094 0.0380952 0.884766
0 0.89502 0.14381 0.0419922 0.0628571 0.885742
0 0.486328 0.748571 0.0429688 0.0380952 0.887695
0 0.783691 0.751429 0.0400391 0.0438095 0.889648
0 0.21875 0.771429 0.0351562 0.0495238 0.891113
0 0.922852 0.90381 0.0390625 0.0590476 0.891602
0 0.844727 0.772381 0.0390625 0.047619 0.893066
0 0.908203 0.212381 0.0390625 0.0552381 0.897461
0 0.219238 0.831429 0.0380859 0.0514286 0.897949
0 0.917969 0.0638095 0.0429688 0.0742857 0.897949
0 0.278809 0.822857 0.0419922 0.0457143 0.897949
0 0.937012 0.830476 0.0439453 0.072381 0.904297
