0 0.944824 0.962857 0.0419922 0.0742857 0.300537
0 0.0512695 0.953333 0.0654297 0.0933333 0.337158
0 0.995117 0.272381 0.00976562 0.0495238 0.40625
0 0.107422 0.0580952 0.0449219 0.0666667 0.608887
0 0.237793 0.770476 0.0380859 0.0514286 0.700195
0 0.144043 0.027619 0.0361328 0.0552381 0.703613
0 0.928711 0.0247619 0.0410156 0.0495238 0.721191
0 0.62793 0.88 0.0410156 0.0380952 0.75293
0 0.71582 0.805714 0.0371094 0.0419048 0.760742
0 0.795898 0.817143 0.0449219 0.0571429 0.779297
0 0.16748 0.801905 0.0380859 0.0609524 0.793945
0 0.680664 0.87619 0.0429688 0.0380952 0.810547
0 0.374023 0.745714 0.0390625 0.0361905 0.813477
0 0.979004 0.912381 0.0380859 0.08 0.815918
0 0.537109 0.928571 0.0449219 0.0590476 0.830566
0 0.895996 0.882857 0.0439453 0.0590476 0.832031
0 0.245605 0.831429 0.0439453 0.0514286 0.836426
0 0.464355 0.852381 0.0380859 0.0361905 0.838379
0 0.314941 0.811429 0.0341797 0.0342857 0.84375
0 0.960449 0.206667 0.0419922 0.0514286 0.84375
0 0.88623 0.792381 0.0419922 0.0533333 0.845703
0 0.564453 0.835238 0.0390625 0.0361905 0.84668
0 0.399902 0.857143 0.0322266 0.0342857 0.848145
0 0.500488 0.805714 0.0361328 0.0342857 0.851074
0 0.369629 0.806667 0.0400391 0.04 0.856445
0 0.755859 0.745714 0.0390625 0.04 0.856934
0 0.180176 0.86 0.0400391 0.0666667 0.858398
0 0.826172 0.767619 0.0390625 0.0419048 0.861328
0 0.143066 0.949524 0.0458984 0.0704762 0.862793
0 0.597168 0.744762 0.0361328 0.0342857 0.866211
0 0.614746 0.793333 0.0380859 0.032381 0.869141
0 0.445801 0.807619 0.0380859 0.0380952 0.869141
0 0.655762 0.827619 0.0380859 0.04 0.870117
0 0.57959 0.893333 0.0419922 0.0571429 0.870605
0 0.293457 0.746667 0.0380859 0.0419048 0.871582
0 0.979004 0.964762 0.0361328 0.0704762 0.874512
0 0.89209 0.925714 0.0419922 0.0533333 0.875488
0 0.458984 0.750476 0.0429688 0.0380952 0.878906
0 0.829102 0.0933333 0.0371094 0.08 0.884277
0 0.976562 0.128571 0.0429688 0.0552381 0.889648
0 0.912598 0.0685714 0.0458984 0.072381 0.890625
0 0.934082 0.827619 0.0439453 0.0704762 0.917969
