0 0.209473 0.870476 0.0478516 0.0495238 0.448975
0 0.123535 0.964762 0.0458984 0.0704762 0.556152
0 0.913574 0.947619 0.0439453 0.0666667 0.669922
0 0.144043 0.0266667 0.0380859 0.0533333 0.676758
0 0.0942383 0.9 0.0595703 0.108571 0.686523
0 0.0952148 0.0714286 0.0458984 0.0704762 0.727051
0 0.928711 0.0257143 0.0410156 0.0514286 0.76416
0 0.674316 0.74381 0.0361328 0.0361905 0.779297
0 0.614258 0.828571 0.0371094 0.0342857 0.779297
0 0.628418 0.88 0.0400391 0.0380952 0.797363
0 0.680176 0.875238 0.0439453 0.04 0.800781
0 0.786621 0.81619 0.0458984 0.0514286 0.805176
0 0.281738 0.759048 0.0380859 0.04 0.812012
0 0.57959 0.893333 0.0400391 0.0571429 0.821289
0 0.353516 0.809524 0.0371094 0.0342857 0.826172
0 0.978027 0.908571 0.0361328 0.0761905 0.827148
0 0.893555 0.798095 0.0390625 0.0571429 0.829102
0 0.462891 0.854286 0.03125 0.032381 0.82959
0 0.516113 0.848571 0.0380859 0.0361905 0.836914
0 0.710938 0.817143 0.0390625 0.0419048 0.847168
0 0.66748 0.796191 0.0380859 0.0380952 0.847168
0 0.217773 0.887619 0.0449219 0.0571429 0.847656
0 0.846191 0.773333 0.0419922 0.0495238 0.850098
0 0.849121 0.834286 0.0537109 0.0761905 0.851074
0 0.47168 0.805714 0.0371094 0.0342857 0.852539
0 0.536133 0.930476 0.0488281 0.0628571 0.859375
0 0.535645 0.804762 0.0341797 0.032381 0.860352
0 0.406738 0.804762 0.0400391 0.04 0.860352
0 0.40625 0.74381 0.0371094 0.032381 0.86084
0 0.332031 0.745714 0.0371094 0.04 0.865723
0 0.227539 0.825714 0.0390625 0.0514286 0.867676
0 0.49707 0.748571 0.0429688 0.0380952 0.871582
0 0.885742 0.187619 0.0390625 0.0590476 0.87793
0 0.95459 0.132381 0.0400391 0.0514286 0.878906
0 0.229492 0.764762 0.0351562 0.047619 0.880859
0 0.287109 0.820952 0.0410156 0.0419048 0.881348
0 0.789551 0.754286 0.0419922 0.0495238 0.883789
0 0.881348 0.12381 0.0419922 0.072381 0.885742
0 0.928711 0.909524 0.0371094 0.0590476 0.893066
0 0.904785 0.0419048 0.0419922 0.0761905 0.89502
0 0.937012 0.830476 0.0439453 0.072381 0.906738
