0 0.788574 0.906667 0.0419922 0.0457143 0.375244
0 0.0566406 0.0609524 0.0390625 0.0533333 0.384521
0 0.936035 0.970476 0.0400391 0.0590476 0.524902
0 0.124023 0.858095 0.0566406 0.100952 0.590332
0 0.816895 0.830476 0.0419922 0.0457143 0.702637
0 0.62793 0.879048 0.0410156 0.04 0.730469
0 0.928223 0.0247619 0.0400391 0.0495238 0.741211
0 0.0688477 0.0895238 0.0458984 0.0647619 0.751465
0 0.423828 0.744762 0.0371094 0.0342857 0.754395
0 0.875977 0.859048 0.046875 0.072381 0.757324
0 0.140625 0.0285714 0.0351562 0.0571429 0.76709
0 0.989746 0.262857 0.0205078 0.0457143 0.774902
0 0.977051 0.909524 0.0361328 0.0742857 0.782227
0 0.680664 0.875238 0.0429688 0.04 0.785645
0 0.644043 0.825714 0.0361328 0.0361905 0.787598
0 0.539551 0.845714 0.0361328 0.0342857 0.791504
0 0.893555 0.799048 0.0371094 0.0552381 0.795898
0 0.494141 0.851429 0.0332031 0.0342857 0.808594
0 0.249023 0.757143 0.0410156 0.047619 0.8125
0 0.580566 0.893333 0.0419922 0.0571429 0.816406
0 0.296387 0.758095 0.0361328 0.0380952 0.838379
0 0.964844 0.155238 0.0410156 0.0552381 0.843262
0 0.5625 0.804762 0.0332031 0.032381 0.844238
0 0.310547 0.817143 0.0410156 0.0419048 0.84668
0 0.34668 0.74381 0.0371094 0.04 0.849609
0 0.689941 0.799048 0.0380859 0.0361905 0.856934
0 0.851562 0.774286 0.0390625 0.047619 0.865723
0 0.486328 0.804762 0.0371094 0.0361905 0.867676
0 0.716797 0.742857 0.0371094 0.0380952 0.868652
0 0.375 0.808571 0.0332031 0.032381 0.869629
0 0.537109 0.930476 0.046875 0.0628571 0.871094
0 0.271973 0.873333 0.0419922 0.04 0.875488
0 0.539551 0.746667 0.0400391 0.0380952 0.875977
0 0.42334 0.802857 0.0419922 0.04 0.876953
0 0.82666 0.0847619 0.0361328 0.0780952 0.883789
0 0.252441 0.819048 0.0380859 0.0457143 0.884277
0 0.736328 0.811429 0.0390625 0.0419048 0.885742
0 0.943848 0.927619 0.0380859 0.0647619 0.886719
0 0.908203 0.0771429 0.0390625 0.0666667 0.893555
0 0.160645 0.927619 0.0439453 0.0685714 0.894043
0 0.842285 0.0457143 0.0380859 0.0761905 0.897461
0 0.937012 0.830476 0.0439453 0.0685714 0.905273
0 0.798828 0.761905 0.0429688 0.0533333 0.919922
