0 0.14209 0.9 0.0419922 0.0666667 0.501465
0 0.102539 0.114286 0.0410156 0.0533333 0.515137
0 0.62793 0.88 0.0410156 0.0380952 0.67334
0 0.680176 0.87619 0.0439453 0.0380952 0.73584
0 0.919434 0.927619 0.0380859 0.072381 0.754395
0 0.575684 0.840952 0.0341797 0.0361905 0.765137
0 0.164551 0.812381 0.0595703 0.0933333 0.773438
0 0.928711 0.0247619 0.0410156 0.0495238 0.784668
0 0.0917969 0.0790476 0.0390625 0.0590476 0.786133
0 0.899902 0.0885714 0.0419922 0.0704762 0.791504
0 0.979004 0.909524 0.0380859 0.0742857 0.80127
0 0.668457 0.82381 0.0380859 0.032381 0.808105
0 0.893066 0.799048 0.0380859 0.0552381 0.808105
0 0.368652 0.86381 0.0419922 0.04 0.814453
0 0.305664 0.75619 0.0371094 0.0380952 0.818359
0 0.260742 0.753333 0.0371094 0.0438095 0.827637
0 0.464844 0.742857 0.0390625 0.0342857 0.833984
0 0.973633 0.12381 0.046875 0.0609524 0.843262
0 0.374023 0.74381 0.0371094 0.04 0.850098
0 0.520996 0.801905 0.0361328 0.0342857 0.850586
0 0.532227 0.848571 0.0332031 0.032381 0.853027
0 0.0253906 0.107619 0.0429688 0.047619 0.853516
0 0.57959 0.892381 0.0419922 0.0590476 0.857422
0 0.608398 0.80381 0.0351562 0.0342857 0.857422
0 0.754883 0.745714 0.0371094 0.0361905 0.858887
0 0.963867 0.96 0.0390625 0.0685714 0.864746
0 0.761719 0.809524 0.0390625 0.0419048 0.867188
0 0.851562 0.774286 0.0390625 0.047619 0.867188
0 0.609863 0.745714 0.0419922 0.0361905 0.867676
0 0.716309 0.800952 0.0380859 0.04 0.872559
0 0.344727 0.814286 0.0410156 0.04 0.874023
0 0.449707 0.802857 0.0419922 0.04 0.875977
0 0.539551 0.928571 0.0400391 0.0590476 0.876953
0 0.811523 0.777143 0.0429688 0.0647619 0.87793
0 0.240234 0.877143 0.0429688 0.0514286 0.878418
0 0.855469 0.849524 0.0410156 0.0609524 0.882324
0 0.288086 0.812381 0.0371094 0.04 0.883789
0 0.899902 0.194286 0.0439453 0.0647619 0.888184
0 0.396973 0.806667 0.0341797 0.0361905 0.897461
0 0.968262 0.254286 0.0419922 0.047619 0.898926
0 0.937012 0.830476 0.0439453 0.072381 0.906738
