0 0.716309 0.74381 0.0341797 0.04 0.369873
0 0.807617 0.913333 0.0429688 0.047619 0.42041
0 0.898926 0.9 0.0361328 0.0590476 0.507324
0 0.735352 0.887619 0.0429688 0.0457143 0.606445
0 0.0371094 0.111429 0.0351562 0.04 0.675781
0 0.03125 0.15619 0.0410156 0.0380952 0.714844
0 0.523438 0.74381 0.0371094 0.032381 0.729004
0 0.761719 0.744762 0.0351562 0.0342857 0.74707
0 0.929688 0.0257143 0.0390625 0.0514286 0.74707
0 0.609375 0.839048 0.0351562 0.0361905 0.76709
0 0.233398 0.861905 0.0390625 0.04 0.773926
0 0.978027 0.214286 0.0419922 0.0514286 0.796387
0 0.978027 0.910476 0.0361328 0.072381 0.806152
0 0.67627 0.822857 0.0380859 0.0342857 0.812988
0 0.720703 0.801905 0.0371094 0.0419048 0.814941
0 0.680176 0.87619 0.0439453 0.0380952 0.817871
0 0.281738 0.749524 0.0361328 0.04 0.823242
0 0.344727 0.754286 0.0371094 0.0380952 0.827148
0 0.631348 0.804762 0.0341797 0.032381 0.830566
0 0.565918 0.84381 0.0322266 0.0342857 0.839844
0 0.762207 0.809524 0.0380859 0.0419048 0.841797
0 0.571777 0.799048 0.0341797 0.0361905 0.845215
0 0.628418 0.88 0.0400391 0.0380952 0.852539
0 0.648926 0.745714 0.0400391 0.04 0.858398
0 0.437012 0.805714 0.0322266 0.0342857 0.859863
0 0.370605 0.812381 0.0400391 0.04 0.866699
0 0.494629 0.800952 0.0419922 0.04 0.867188
0 0.353027 0.869524 0.0400391 0.04 0.873535
0 0.953125 0.125714 0.0429688 0.0571429 0.874512
0 0.851562 0.775238 0.0390625 0.0495238 0.875
0 0.419922 0.741905 0.0371094 0.0361905 0.875
0 0.8125 0.0342857 0.0390625 0.0685714 0.881348
0 0.468262 0.857143 0.0419922 0.0380952 0.883301
0 0.89502 0.0342857 0.0439453 0.0685714 0.883789
0 0.57959 0.893333 0.0419922 0.0571429 0.884277
0 0.85498 0.82381 0.0419922 0.0590476 0.884277
0 0.535645 0.927619 0.0419922 0.0647619 0.885254
0 0.971191 0.968571 0.0400391 0.0628571 0.885742
0 0.317383 0.810476 0.0371094 0.0361905 0.88623
0 0.912598 0.21619 0.0400391 0.0628571 0.892578
0 0.939941 0.833333 0.0419922 0.0742857 0.896973
0 0.85791 0.14 0.0419922 0.0780952 0.922852
