0 0.996094 0.226667 0.0078125 0.072381 0.260742
0 0.0429688 0.0790476 0.0390625 0.0438095 0.263672
0 0.894531 0.801905 0.0351562 0.0495238 0.285889
0 0.735352 0.887619 0.0429688 0.0457143 0.324707
0 0.804688 0.911429 0.0429688 0.047619 0.335938
0 0.202148 0.86381 0.0410156 0.0438095 0.360596
0 0.9375 0.969524 0.0429688 0.0609524 0.460449
0 0.928223 0.0247619 0.0419922 0.0495238 0.597656
0 0.601074 0.84 0.0341797 0.0342857 0.627441
0 0.0537109 0.10381 0.0410156 0.047619 0.675293
0 0.856445 0.0295238 0.0371094 0.0590476 0.687012
0 0.503906 0.742857 0.0390625 0.0342857 0.76123
0 0.628418 0.88 0.0400391 0.0380952 0.763672
0 0.680176 0.874286 0.0439453 0.0419048 0.786133
0 0.720703 0.801905 0.0371094 0.0419048 0.796387
0 0.760254 0.74381 0.0361328 0.0361905 0.804199
0 0.977051 0.909524 0.0361328 0.0704762 0.808594
0 0.419434 0.805714 0.0322266 0.0342857 0.810547
0 0.981445 0.145714 0.0371094 0.0552381 0.81543
0 0.676758 0.822857 0.0371094 0.0342857 0.816406
0 0.269043 0.752381 0.0361328 0.0419048 0.836914
0 0.626953 0.804762 0.0351562 0.032381 0.838379
0 0.558105 0.844762 0.0322266 0.0361905 0.850098
0 0.557617 0.8 0.0351562 0.0342857 0.851562
0 0.400879 0.741905 0.0380859 0.04 0.851562
0 0.329102 0.75619 0.0371094 0.0419048 0.85498
0 0.57959 0.893333 0.0419922 0.0571429 0.855469
0 0.761719 0.808571 0.0390625 0.04 0.856934
0 0.362793 0.814286 0.0419922 0.04 0.860352
0 0.64209 0.745714 0.0400391 0.04 0.864746
0 0.850586 0.773333 0.0390625 0.0495238 0.867188
0 0.438477 0.859048 0.0429688 0.0419048 0.868164
0 0.30957 0.811429 0.0371094 0.0380952 0.870117
0 0.833008 0.805714 0.0410156 0.0647619 0.871094
0 0.537598 0.927619 0.0419922 0.0609524 0.876465
0 0.9375 0.831429 0.0429688 0.0704762 0.887695
0 0.313477 0.870476 0.0410156 0.0419048 0.88916
0 0.477539 0.800952 0.0410156 0.04 0.890625
0 0.970215 0.966667 0.0400391 0.0666667 0.893066
0 0.918945 0.0657143 0.0449219 0.0780952 0.897461
0 0.888184 0.191429 0.0439453 0.0704762 0.902344
0 0.837402 0.0885714 0.0400391 0.0819048 0.902832
0 0.955078 0.247619 0.0390625 0.0495238 0.902832
