0 0.302734 0.75619 0.0351562 0.0419048 0.606934
0 0.893555 0.8 0.0371094 0.0533333 0.669922
0 0.903809 0.901905 0.0517578 0.0895238 0.695312
0 0.62793 0.88 0.0410156 0.0380952 0.69873
0 0.928711 0.0247619 0.0410156 0.0495238 0.702148
0 0.679688 0.87619 0.0429688 0.0380952 0.764648
0 0.665039 0.825714 0.0332031 0.032381 0.78125
0 0.98291 0.135238 0.0341797 0.0571429 0.796875
0 0.910156 0.10381 0.0410156 0.0666667 0.803711
0 0.259766 0.754286 0.0371094 0.0419048 0.809082
0 0.12793 0.915238 0.0449219 0.0704762 0.810059
0 0.978027 0.907619 0.0380859 0.0742857 0.813477
0 0.524902 0.848571 0.0322266 0.032381 0.813965
0 0.513672 0.802857 0.0351562 0.0361905 0.816406
0 0.455566 0.74381 0.0380859 0.032381 0.82959
0 0.568359 0.840952 0.0332031 0.0361905 0.831055
0 0.113281 0.106667 0.0410156 0.0571429 0.831543
0 0.599609 0.80381 0.0351562 0.0342857 0.834961
0 0.349609 0.86381 0.0410156 0.04 0.836426
0 0.847168 0.841905 0.0419922 0.0609524 0.836426
0 0.580078 0.892381 0.0429688 0.0590476 0.838867
0 0.157715 0.819048 0.0595703 0.0952381 0.839355
0 0.759766 0.809524 0.0390625 0.0419048 0.848145
0 0.712891 0.8 0.0390625 0.0380952 0.849121
0 0.034668 0.102857 0.0419922 0.0495238 0.851562
0 0.751953 0.74381 0.0351562 0.0361905 0.852051
0 0.338867 0.814286 0.0410156 0.04 0.85791
0 0.444336 0.801905 0.0410156 0.0380952 0.858398
0 0.597656 0.744762 0.0410156 0.0342857 0.858398
0 0.985352 0.262857 0.0292969 0.0419048 0.862305
0 0.104492 0.067619 0.0390625 0.0590476 0.868164
0 0.222656 0.884762 0.0429688 0.0590476 0.869141
0 0.810059 0.774286 0.0439453 0.0628571 0.872559
0 0.540039 0.927619 0.0410156 0.0571429 0.87793
0 0.851562 0.774286 0.0390625 0.047619 0.881348
0 0.393555 0.807619 0.0332031 0.0342857 0.881836
0 0.960938 0.955238 0.0371094 0.0666667 0.882812
0 0.368652 0.74381 0.0380859 0.04 0.883301
0 0.918457 0.213333 0.0439453 0.0609524 0.888184
0 0.282227 0.813333 0.0371094 0.0419048 0.89209
0 0.9375 0.830476 0.0429688 0.0685714 0.907715
