0 0.0175781 0.110476 0.0332031 0.0457143 0.439209
0 0.157227 0.886667 0.046875 0.0704762 0.608398
0 0.168457 0.808571 0.0634766 0.0971429 0.642578
0 0.628418 0.88 0.0400391 0.0380952 0.70752
0 0.0786133 0.0895238 0.0400391 0.0571429 0.74707
0 0.680176 0.875238 0.0439453 0.04 0.754883
0 0.893555 0.799048 0.0371094 0.0552381 0.766113
0 0.925293 0.940952 0.0439453 0.0838095 0.768555
0 0.671875 0.82381 0.0371094 0.032381 0.768555
0 0.928223 0.0247619 0.0419922 0.0495238 0.77002
0 0.309082 0.755238 0.0361328 0.04 0.803711
0 0.261719 0.754286 0.0351562 0.0457143 0.810547
0 0.978027 0.908571 0.0361328 0.072381 0.8125
0 0.257324 0.873333 0.0419922 0.0438095 0.814941
0 0.860352 0.852381 0.0390625 0.0590476 0.819336
0 0.58252 0.84 0.0341797 0.0342857 0.824219
0 0.474121 0.742857 0.0380859 0.0342857 0.826172
0 0.758301 0.744762 0.0361328 0.0380952 0.836426
0 0.530273 0.800952 0.0351562 0.0361905 0.84668
0 0.540039 0.847619 0.0332031 0.0342857 0.849609
0 0.401367 0.807619 0.0332031 0.0342857 0.854004
0 0.888184 0.0742857 0.0380859 0.0685714 0.854492
0 0.580078 0.891429 0.0410156 0.0571429 0.854492
0 0.761719 0.808571 0.0390625 0.04 0.85498
0 0.456055 0.802857 0.0410156 0.04 0.858398
0 0.851562 0.774286 0.0390625 0.047619 0.862305
0 0.718262 0.8 0.0380859 0.0380952 0.863281
0 0.615234 0.804762 0.0351562 0.032381 0.86377
0 0.388184 0.862857 0.0419922 0.0380952 0.871582
0 0.350098 0.814286 0.0400391 0.04 0.871582
0 0.620117 0.745714 0.0410156 0.0361905 0.874023
0 0.81543 0.781905 0.0410156 0.0666667 0.882812
0 0.379883 0.742857 0.0371094 0.0380952 0.887207
0 0.540039 0.927619 0.0410156 0.0571429 0.889648
0 0.966797 0.96381 0.0390625 0.0685714 0.891113
0 0.958984 0.111429 0.046875 0.0628571 0.892578
0 0.882324 0.171429 0.0439453 0.0685714 0.897949
0 0.294434 0.812381 0.0361328 0.04 0.899902
0 0.9375 0.830476 0.0429688 0.072381 0.904785
0 0.945312 0.24381 0.0429688 0.0533333 0.912598
