0 0.10498 0.0295238 0.0419922 0.0590476 0.344727
0 0.996094 0.268571 0.0078125 0.0533333 0.411377
0 0.302246 0.75619 0.0341797 0.0419048 0.41626
0 0.193359 0.871429 0.0488281 0.0590476 0.42041
0 0.0444336 0.1 0.0400391 0.0514286 0.45459
0 0.11377 0.933333 0.0439453 0.0761905 0.640137
0 0.990723 0.138095 0.0185547 0.047619 0.654297
0 0.149902 0.826667 0.0595703 0.0952381 0.718262
0 0.62793 0.879048 0.0410156 0.04 0.736816
0 0.208008 0.893333 0.0449219 0.0647619 0.75
0 0.92334 0.117143 0.0400391 0.0628571 0.763184
0 0.679688 0.87619 0.0429688 0.0380952 0.768066
0 0.893555 0.798095 0.0371094 0.0571429 0.785156
0 0.928223 0.0257143 0.0419922 0.0514286 0.787598
0 0.560547 0.842857 0.0351562 0.0361905 0.791504
0 0.330566 0.865714 0.0419922 0.04 0.798828
0 0.518555 0.850476 0.0332031 0.032381 0.818848
0 0.708496 0.8 0.0361328 0.0380952 0.819336
0 0.978027 0.911429 0.0380859 0.0780952 0.821777
0 0.895508 0.88381 0.0527344 0.0876191 0.823242
0 0.116211 0.0561905 0.0371094 0.0628571 0.825195
0 0.504883 0.80381 0.0371094 0.0342857 0.825195
0 0.447266 0.74381 0.0390625 0.032381 0.826172
0 0.661133 0.825714 0.0371094 0.032381 0.829102
0 0.580078 0.893333 0.0429688 0.0571429 0.836426
0 0.746094 0.742857 0.0371094 0.0380952 0.838867
0 0.937988 0.229524 0.0439453 0.0552381 0.843262
0 0.333008 0.815238 0.0410156 0.0380952 0.847168
0 0.363281 0.74381 0.0371094 0.04 0.851562
0 0.59082 0.804762 0.0351562 0.032381 0.857422
0 0.837402 0.835238 0.0458984 0.0628571 0.86084
0 0.38916 0.808571 0.0341797 0.0361905 0.863281
0 0.438965 0.802857 0.0419922 0.04 0.867676
0 0.755371 0.808571 0.0380859 0.04 0.868164
0 0.851562 0.774286 0.0390625 0.047619 0.869141
0 0.539551 0.928571 0.0419922 0.0590476 0.872559
0 0.583984 0.746667 0.0410156 0.0380952 0.874023
0 0.275879 0.814286 0.0380859 0.04 0.874512
0 0.808105 0.771429 0.0439453 0.0647619 0.876465
0 0.258789 0.754286 0.0371094 0.0419048 0.881836
0 0.957031 0.948571 0.0390625 0.0685714 0.895996
0 0.9375 0.830476 0.0429688 0.0685714 0.908203
