0 0.73584 0.888571 0.0419922 0.0438095 0.285645
0 0.713867 0.744762 0.0390625 0.0419048 0.581055
0 0.613281 0.839048 0.0351562 0.0361905 0.650879
0 0.928223 0.0247619 0.0400391 0.0495238 0.693848
0 0.547363 0.741905 0.0380859 0.032381 0.736816
0 0.989258 0.213333 0.0214844 0.0457143 0.785645
0 0.980469 0.97619 0.0351562 0.047619 0.791504
0 0.677246 0.822857 0.0380859 0.0342857 0.800781
0 0.0180664 0.12 0.0341797 0.0419048 0.80127
0 0.680176 0.875238 0.0439453 0.04 0.802246
0 0.720703 0.801905 0.0371094 0.0419048 0.816895
0 0.375488 0.753333 0.0361328 0.0361905 0.820312
0 0.581543 0.8 0.0361328 0.0342857 0.833008
0 0.572754 0.842857 0.0322266 0.0361905 0.838379
0 0.62793 0.879048 0.0410156 0.04 0.841309
0 0.892578 0.799048 0.0390625 0.0552381 0.843262
0 0.98291 0.920952 0.0341797 0.0780952 0.844238
0 0.309082 0.745714 0.0341797 0.0361905 0.84668
0 0.918945 0.929524 0.0390625 0.072381 0.847656
0 0.770508 0.74381 0.0371094 0.0361905 0.851074
0 0.930664 0.184762 0.0449219 0.0609524 0.852051
0 0.501465 0.852381 0.0419922 0.0438095 0.857422
0 0.461914 0.805714 0.0332031 0.0342857 0.857422
0 0.652832 0.745714 0.0400391 0.04 0.858887
0 0.632812 0.804762 0.0351562 0.0361905 0.859375
0 0.407227 0.865714 0.0410156 0.04 0.861816
0 0.988281 0.152381 0.0234375 0.0457143 0.863281
0 0.764648 0.808571 0.0390625 0.04 0.865234
0 0.387695 0.812381 0.0410156 0.04 0.865234
0 0.519043 0.799048 0.0419922 0.04 0.865234
0 0.286133 0.86 0.0390625 0.0361905 0.870117
0 0.447754 0.741905 0.0380859 0.0361905 0.871094
0 0.851562 0.775238 0.0390625 0.0495238 0.873535
0 0.902832 0.0752381 0.0419922 0.0704762 0.876465
0 0.57959 0.893333 0.0419922 0.0571429 0.87793
0 0.881348 0.841905 0.0419922 0.0609524 0.880859
0 0.942871 0.839048 0.0419922 0.0742857 0.895508
0 0.324219 0.811429 0.0371094 0.0380952 0.898926
0 0.861328 0.14381 0.0390625 0.0742857 0.900879
0 0.533691 0.929524 0.0419922 0.0685714 0.901367
0 0.822266 0.0533333 0.0390625 0.0838095 0.932129
