0 0.863281 0.02 0.03125 0.04 0.306641
0 0.00830078 0.125714 0.0166016 0.0342857 0.418457
0 0.615234 0.839048 0.0351562 0.032381 0.435547
0 0.989746 0.953333 0.0205078 0.0857143 0.458008
0 0.565918 0.74381 0.0361328 0.032381 0.554199
0 0.739746 0.888571 0.0419922 0.0438095 0.555176
0 0.714355 0.741905 0.0419922 0.0438095 0.645508
0 0.680176 0.875238 0.0439453 0.04 0.774902
0 0.928223 0.0247619 0.0400391 0.0495238 0.803711
0 0.628418 0.88 0.0400391 0.0380952 0.820312
0 0.583008 0.799048 0.0351562 0.0361905 0.826172
0 0.676758 0.82381 0.0371094 0.032381 0.82666
0 0.519531 0.851429 0.0410156 0.0419048 0.82959
0 0.340332 0.744762 0.0341797 0.0342857 0.835449
0 0.57373 0.84381 0.0322266 0.0342857 0.840332
0 0.78418 0.807619 0.0410156 0.0419048 0.84668
0 0.405762 0.752381 0.0361328 0.0342857 0.84668
0 0.632812 0.805714 0.0351562 0.0342857 0.847656
0 0.89209 0.8 0.0400391 0.0609524 0.849121
0 0.534668 0.8 0.0419922 0.0380952 0.856934
0 0.655273 0.745714 0.0390625 0.04 0.859375
0 0.724121 0.801905 0.0380859 0.0419048 0.864258
0 0.532715 0.930476 0.0419922 0.0666667 0.866699
0 0.337891 0.860952 0.0410156 0.0380952 0.867676
0 0.57959 0.893333 0.0419922 0.0571429 0.869141
0 0.445801 0.86381 0.0419922 0.0438095 0.870117
0 0.412598 0.812381 0.0419922 0.04 0.87207
0 0.888184 0.13619 0.0439453 0.0780952 0.875977
0 0.851562 0.775238 0.0390625 0.0533333 0.876465
0 0.330078 0.810476 0.0371094 0.0361905 0.878906
0 0.78418 0.747619 0.0371094 0.04 0.880371
0 0.469238 0.740952 0.0380859 0.0380952 0.883301
0 0.885254 0.845714 0.0419922 0.0609524 0.885742
0 0.485352 0.80381 0.0332031 0.0342857 0.885742
0 0.95166 0.852381 0.0419922 0.0704762 0.88916
0 0.82666 0.0619048 0.0380859 0.0780952 0.897949
0 0.952148 0.122857 0.0410156 0.0590476 0.898438
0 0.95166 0.187619 0.0400391 0.0552381 0.918457
