0 0.0302734 0.122857 0.0390625 0.047619 0.394043
0 0.615723 0.838095 0.0341797 0.0342857 0.422119
0 0.578613 0.741905 0.0361328 0.032381 0.431152
0 0.928223 0.0247619 0.0419922 0.0495238 0.620117
0 0.744141 0.888571 0.0429688 0.0438095 0.782227
0 0.680176 0.875238 0.0439453 0.04 0.806641
0 0.677734 0.822857 0.0371094 0.0342857 0.822266
0 0.486328 0.741905 0.0390625 0.04 0.824219
0 0.583496 0.799048 0.0341797 0.0361905 0.82959
0 0.431152 0.752381 0.0361328 0.0342857 0.838379
0 0.627441 0.88 0.0400391 0.0380952 0.842285
0 0.57373 0.84381 0.0322266 0.0342857 0.842773
0 0.372559 0.744762 0.0361328 0.0342857 0.84375
0 0.525879 0.850476 0.0419922 0.04 0.850098
0 0.977539 0.20381 0.0410156 0.0457143 0.853516
0 0.981934 0.144762 0.0361328 0.0609524 0.85498
0 0.658691 0.745714 0.0400391 0.04 0.85498
0 0.536621 0.800952 0.0400391 0.04 0.85791
0 0.853516 0.0761905 0.0390625 0.08 0.860352
0 0.750488 0.810476 0.0400391 0.047619 0.86084
0 0.495117 0.802857 0.0332031 0.0361905 0.86084
0 0.939941 0.247619 0.0400391 0.0495238 0.864746
0 0.808594 0.808571 0.0410156 0.04 0.869629
0 0.436035 0.810476 0.0400391 0.04 0.871582
0 0.466309 0.861905 0.0400391 0.04 0.87207
0 0.90332 0.808571 0.0390625 0.0590476 0.873047
0 0.633301 0.804762 0.0361328 0.0361905 0.873535
0 0.57959 0.893333 0.0419922 0.0571429 0.881836
0 0.851562 0.774286 0.0390625 0.047619 0.882324
0 0.794434 0.750476 0.0380859 0.0457143 0.885742
0 0.973145 0.88381 0.0439453 0.0761905 0.888184
0 0.533203 0.929524 0.0410156 0.0685714 0.891113
0 0.345215 0.810476 0.0361328 0.0361905 0.892578
0 0.910156 0.0685714 0.0410156 0.072381 0.893555
0 0.382324 0.857143 0.0400391 0.0380952 0.895508
0 0.908203 0.14381 0.0390625 0.0628571 0.90332
0 0.899902 0.857143 0.0439453 0.0647619 0.910645
