0 0.805176 0.0180952 0.0283203 0.0361905 0.253662
0 0.0209961 0.162857 0.0400391 0.04 0.290527
0 0.716309 0.74381 0.0341797 0.04 0.567383
0 0.886719 0.0228571 0.0351562 0.0457143 0.586426
0 0.611328 0.839048 0.0351562 0.0361905 0.594238
0 0.809082 0.914286 0.0419922 0.0495238 0.643066
0 0.734863 0.887619 0.0419922 0.0457143 0.69873
0 0.905762 0.906667 0.0361328 0.0685714 0.708984
0 0.0322266 0.112381 0.0351562 0.0419048 0.712402
0 0.928711 0.0247619 0.0410156 0.0495238 0.730469
0 0.531738 0.742857 0.0361328 0.0342857 0.76416
0 0.680176 0.875238 0.0439453 0.04 0.804688
0 0.962402 0.206667 0.0458984 0.0552381 0.806152
0 0.676758 0.82381 0.0371094 0.032381 0.808105
0 0.720703 0.801905 0.0371094 0.0419048 0.819336
0 0.353516 0.754286 0.0371094 0.0380952 0.837891
0 0.575195 0.8 0.0351562 0.0380952 0.841309
0 0.763672 0.74381 0.0351562 0.0361905 0.844727
0 0.570312 0.842857 0.03125 0.0361905 0.847168
0 0.62793 0.88 0.0410156 0.0380952 0.856445
0 0.372559 0.868571 0.0400391 0.0380952 0.857422
0 0.761719 0.809524 0.0390625 0.0419048 0.85791
0 0.290527 0.748571 0.0361328 0.0419048 0.858887
0 0.632812 0.804762 0.0351562 0.032381 0.859375
0 0.851562 0.775238 0.0390625 0.0495238 0.859863
0 0.979004 0.911429 0.0341797 0.0742857 0.860352
0 0.501953 0.8 0.0410156 0.0380952 0.864258
0 0.651367 0.745714 0.0410156 0.04 0.864258
0 0.481445 0.856191 0.0410156 0.04 0.864746
0 0.937012 0.111429 0.0439453 0.0628571 0.864746
0 0.374512 0.813333 0.0400391 0.0380952 0.865234
0 0.319336 0.810476 0.0371094 0.0361905 0.872559
0 0.866211 0.831429 0.0449219 0.0628571 0.873535
0 0.429688 0.740952 0.0371094 0.0380952 0.877441
0 0.580078 0.893333 0.0429688 0.0571429 0.87793
0 0.249512 0.860952 0.0400391 0.0380952 0.881836
0 0.940918 0.834286 0.0439453 0.0761905 0.883789
0 0.973633 0.969524 0.0390625 0.0609524 0.886719
0 0.894531 0.194286 0.0410156 0.0647619 0.89209
0 0.535645 0.928571 0.0419922 0.0628571 0.892578
0 0.445312 0.805714 0.0351562 0.0342857 0.896973
0 0.844727 0.111429 0.0410156 0.0819048 0.907227
