0 0.818848 0.918095 0.0458984 0.0533333 0.298584
0 0.73584 0.74 0.0380859 0.0438095 0.317139
0 0.579102 0.742857 0.0351562 0.0342857 0.464111
0 0.615234 0.838095 0.0351562 0.0342857 0.581055
1 0.23877 0.879048 0.0771484 0.0819048 0.601074
0 0.0234375 0.127619 0.0410156 0.0495238 0.631348
0 0.928223 0.0247619 0.0400391 0.0495238 0.763184
0 0.746094 0.889524 0.0429688 0.0419048 0.800293
0 0.679688 0.87619 0.0429688 0.0380952 0.806641
0 0.84375 0.052381 0.0371094 0.0857143 0.8125
0 0.527344 0.850476 0.0429688 0.04 0.81543
0 0.677734 0.822857 0.0371094 0.0342857 0.831055
0 0.62793 0.88 0.0410156 0.0380952 0.831543
0 0.438477 0.751429 0.0371094 0.0361905 0.833008
0 0.57373 0.84381 0.0322266 0.0342857 0.834961
0 0.583496 0.799048 0.0341797 0.0361905 0.838379
0 0.916504 0.231429 0.0400391 0.0552381 0.842285
0 0.659668 0.745714 0.0419922 0.04 0.84668
0 0.382324 0.744762 0.0341797 0.0342857 0.854492
0 0.816406 0.809524 0.0390625 0.0419048 0.856934
0 0.536621 0.800952 0.0400391 0.04 0.858887
0 0.980957 0.900952 0.0380859 0.0761905 0.859863
0 0.467773 0.861905 0.0410156 0.04 0.861328
0 0.495117 0.802857 0.0332031 0.0361905 0.869141
0 0.634277 0.804762 0.0361328 0.0361905 0.871094
0 0.794922 0.753333 0.0390625 0.047619 0.871582
0 0.906738 0.815238 0.0439453 0.0685714 0.873047
0 0.57959 0.893333 0.0419922 0.0571429 0.87793
0 0.764648 0.82 0.0410156 0.0552381 0.878418
0 0.491699 0.740952 0.0380859 0.0380952 0.878418
0 0.392578 0.857143 0.0390625 0.0380952 0.882812
0 0.533203 0.930476 0.0410156 0.0666667 0.887695
0 0.441895 0.808571 0.0400391 0.04 0.888184
0 0.353516 0.810476 0.0371094 0.0361905 0.888184
0 0.851562 0.774286 0.0410156 0.0514286 0.888184
0 0.959961 0.193333 0.0410156 0.047619 0.891602
0 0.910645 0.869524 0.0419922 0.0666667 0.898926
0 0.971191 0.130476 0.0458984 0.0590476 0.900879
0 0.896973 0.0428571 0.0380859 0.0742857 0.900879
0 0.894531 0.124762 0.0390625 0.0704762 0.901367
