0 0.737793 0.738095 0.0439453 0.0438095 0.285889
0 0.019043 0.130476 0.0361328 0.0438095 0.376465
0 0.580566 0.741905 0.0361328 0.0361905 0.379883
0 0.835449 0.0352381 0.0341797 0.0704762 0.618164
0 0.614746 0.838095 0.0341797 0.0342857 0.62207
0 0.883789 0.027619 0.0371094 0.0552381 0.683594
0 0.928223 0.0247619 0.0400391 0.0495238 0.793945
0 0.749023 0.891429 0.0429688 0.0419048 0.797852
0 0.679688 0.87619 0.0429688 0.0380952 0.805664
0 0.677734 0.821905 0.0371094 0.0361905 0.818848
0 0.62793 0.879048 0.0410156 0.04 0.82373
0 0.527344 0.849524 0.0429688 0.0419048 0.833496
0 0.57373 0.84381 0.0322266 0.0342857 0.833496
0 0.444824 0.751429 0.0361328 0.0361905 0.834961
0 0.583984 0.799048 0.0351562 0.0361905 0.839355
0 0.660645 0.745714 0.0419922 0.04 0.840332
0 0.776855 0.828571 0.0458984 0.0609524 0.851562
0 0.390625 0.74381 0.0332031 0.0361905 0.855957
0 0.634766 0.805714 0.0351562 0.0342857 0.856445
0 0.495117 0.802857 0.0332031 0.0361905 0.857422
0 0.822754 0.811429 0.0400391 0.0457143 0.85791
0 0.918945 0.824762 0.0390625 0.0685714 0.858398
0 0.536621 0.800952 0.0419922 0.04 0.863281
0 0.944336 0.181905 0.0410156 0.0514286 0.86377
0 0.57959 0.893333 0.0419922 0.0571429 0.867676
0 0.448242 0.808571 0.0410156 0.04 0.867676
0 0.364258 0.811429 0.0351562 0.0380952 0.871582
0 0.400879 0.857143 0.0400391 0.0380952 0.872559
0 0.468262 0.861905 0.0419922 0.04 0.873535
0 0.532715 0.930476 0.0419922 0.0666667 0.875977
0 0.851562 0.774286 0.0390625 0.047619 0.878418
0 0.795898 0.753333 0.0390625 0.047619 0.879883
0 0.49707 0.740952 0.0371094 0.0380952 0.885742
0 0.895508 0.211429 0.0390625 0.0571429 0.897461
0 0.95459 0.117143 0.0439453 0.0628571 0.900879
0 0.880859 0.10381 0.0390625 0.0704762 0.910156
0 0.921387 0.88 0.0419922 0.072381 0.913086
