0 0.138672 0.0657143 0.0371094 0.0628571 0.54248
0 0.989258 0.159048 0.0214844 0.0438095 0.560547
0 0.819824 0.918095 0.0439453 0.0533333 0.647461
0 0.755859 0.741905 0.0351562 0.04 0.666992
0 0.714355 0.819048 0.0361328 0.0380952 0.702637
0 0.583984 0.740952 0.0351562 0.0342857 0.727539
0 0.680664 0.875238 0.0429688 0.04 0.730469
0 0.619629 0.838095 0.0361328 0.0380952 0.736816
1 0.375977 0.915238 0.0800781 0.100952 0.739746
0 0.805664 0.0285714 0.0292969 0.0571429 0.75293
0 0.761719 0.898095 0.046875 0.0590476 0.754395
0 0.928711 0.0247619 0.0390625 0.0495238 0.772949
0 0.495605 0.80381 0.0322266 0.0342857 0.800293
0 0.628418 0.88 0.0400391 0.0380952 0.814941
0 0.456055 0.808571 0.0371094 0.04 0.829102
0 0.468262 0.751429 0.0380859 0.0361905 0.82959
0 0.574219 0.842857 0.0332031 0.032381 0.830078
0 0.420898 0.742857 0.0332031 0.0342857 0.839355
0 0.527344 0.849524 0.0429688 0.0419048 0.841797
0 0.64502 0.80381 0.0361328 0.0342857 0.851074
0 0.583496 0.799048 0.0341797 0.0361905 0.85498
0 0.537109 0.8 0.0429688 0.0419048 0.860352
0 0.414062 0.857143 0.0410156 0.0380952 0.86377
0 0.402832 0.809524 0.0361328 0.0380952 0.86377
0 0.528809 0.740952 0.0380859 0.0380952 0.865723
0 0.57959 0.893333 0.0419922 0.0571429 0.868164
0 0.46875 0.861905 0.0410156 0.04 0.869141
0 0.532715 0.930476 0.0419922 0.0666667 0.87793
0 0.979492 0.92 0.0371094 0.072381 0.879395
0 0.830566 0.86 0.0419922 0.0590476 0.879883
0 0.688477 0.747619 0.0410156 0.04 0.880371
0 0.939941 0.187619 0.0400391 0.0552381 0.881348
0 0.123047 0.0428571 0.0429688 0.0704762 0.885254
0 0.880371 0.181905 0.0439453 0.0742857 0.896973
0 0.899902 0.80381 0.0419922 0.0609524 0.898438
0 0.152832 0.0914286 0.0419922 0.072381 0.898926
0 0.80957 0.759048 0.0410156 0.0514286 0.904785
0 0.871094 0.0780952 0.0371094 0.072381 0.907715
0 0.866699 0.830476 0.0419922 0.0571429 0.92041
