0 0.752441 0.740952 0.0419922 0.0457143 0.534668
0 0.818848 0.918095 0.0439453 0.0533333 0.574707
0 0.887695 0.027619 0.0410156 0.0552381 0.618164
0 0.149902 0.0504762 0.0380859 0.0628571 0.64209
0 0.617676 0.837143 0.0341797 0.0361905 0.645508
0 0.702637 0.821905 0.0380859 0.0361905 0.710449
0 0.583984 0.740952 0.0351562 0.0342857 0.721191
0 0.928711 0.0247619 0.0390625 0.0495238 0.763184
0 0.137695 0.0304762 0.0410156 0.0609524 0.780762
0 0.759766 0.89619 0.0449219 0.0552381 0.786133
0 0.464844 0.751429 0.0351562 0.0361905 0.788574
0 0.495605 0.80381 0.0322266 0.0342857 0.79541
0 0.628418 0.88 0.0400391 0.0380952 0.803711
0 0.680664 0.875238 0.0429688 0.04 0.805664
0 0.527344 0.850476 0.0429688 0.04 0.82666
0 0.522949 0.740952 0.0380859 0.0380952 0.827148
0 0.981445 0.970476 0.0371094 0.0590476 0.82959
0 0.416992 0.742857 0.0332031 0.0304762 0.839355
0 0.57373 0.84381 0.0322266 0.0342857 0.84082
0 0.456055 0.808571 0.0371094 0.04 0.841797
0 0.967773 0.9 0.0390625 0.0742857 0.848633
0 0.900879 0.208571 0.0458984 0.0666667 0.850586
0 0.824707 0.856191 0.0439453 0.0590476 0.852051
0 0.583496 0.799048 0.0341797 0.0361905 0.852051
0 0.641602 0.804762 0.0351562 0.0361905 0.853027
0 0.887695 0.792381 0.0410156 0.0533333 0.85498
0 0.682129 0.745714 0.0400391 0.04 0.858887
0 0.537109 0.800952 0.0429688 0.04 0.859863
0 0.401855 0.808571 0.0361328 0.0361905 0.862793
0 0.57959 0.893333 0.0419922 0.0571429 0.867676
0 0.414551 0.857143 0.0400391 0.0380952 0.867676
0 0.46875 0.861905 0.0410156 0.04 0.871094
0 0.159668 0.0809524 0.0419922 0.0742857 0.882324
0 0.803711 0.75619 0.0390625 0.0457143 0.883301
0 0.814941 0.0552381 0.0341797 0.0761905 0.891113
0 0.954102 0.197143 0.0410156 0.047619 0.893555
0 0.533203 0.930476 0.0410156 0.0666667 0.896484
0 0.880859 0.0990476 0.0390625 0.072381 0.897949
0 0.85791 0.82381 0.0400391 0.0552381 0.912598
