0 0.615723 0.838095 0.0341797 0.0342857 0.371826
0 0.928223 0.0247619 0.0419922 0.0495238 0.561523
0 0.582031 0.740952 0.0332031 0.0342857 0.601562
0 0.945801 0.864762 0.0341797 0.0647619 0.675293
0 0.686035 0.821905 0.0361328 0.0361905 0.732422
0 0.495605 0.80381 0.0322266 0.0342857 0.800293
0 0.945312 0.248571 0.0449219 0.0552381 0.815918
0 0.457031 0.751429 0.0351562 0.0361905 0.828613
0 0.512207 0.740952 0.0400391 0.0380952 0.828613
0 0.628418 0.88 0.0400391 0.0380952 0.82959
0 0.527344 0.849524 0.0429688 0.0419048 0.832031
0 0.636719 0.804762 0.0351562 0.0361905 0.833008
0 0.57373 0.84381 0.0322266 0.0342857 0.833496
0 0.680176 0.875238 0.0419922 0.04 0.840332
0 0.583496 0.8 0.0341797 0.0342857 0.840332
0 0.981445 0.213333 0.0371094 0.0457143 0.849121
0 0.756836 0.894286 0.0449219 0.0514286 0.850098
0 0.842285 0.81619 0.0419922 0.0514286 0.851074
0 0.536621 0.800952 0.0419922 0.04 0.853027
0 0.67041 0.745714 0.0400391 0.04 0.854004
0 0.408691 0.742857 0.0341797 0.0342857 0.859863
0 0.455078 0.808571 0.0390625 0.04 0.861328
0 0.813965 0.851429 0.0419922 0.0533333 0.865234
0 0.412598 0.857143 0.0400391 0.0380952 0.869141
0 0.46875 0.861905 0.0410156 0.04 0.873535
0 0.579102 0.893333 0.0410156 0.0571429 0.875977
0 0.797363 0.752381 0.0380859 0.0457143 0.876465
0 0.912598 0.0590476 0.0419922 0.0761905 0.876953
0 0.850098 0.0371429 0.0380859 0.0742857 0.878418
0 0.17627 0.0504762 0.0400391 0.0780952 0.880371
0 0.39209 0.808571 0.0361328 0.0361905 0.888672
0 0.532715 0.929524 0.0400391 0.0685714 0.891113
0 0.903809 0.13619 0.0400391 0.0666667 0.89209
0 0.841309 0.126667 0.0361328 0.0704762 0.89209
0 0.957031 0.937143 0.0429688 0.0761905 0.901367
0 0.866211 0.78 0.0390625 0.047619 0.901855
