0 0.344238 0.758095 0.0537109 0.0533333 0.278809
0 0.817383 0.918095 0.0410156 0.0533333 0.332275
0 0.844727 0.0228571 0.0292969 0.0457143 0.3396
0 0.59082 0.74381 0.0371094 0.032381 0.371826
0 0.763672 0.898095 0.046875 0.0590476 0.439209
0 0.764648 0.741905 0.0371094 0.04 0.616211
0 0.683105 0.875238 0.0439453 0.04 0.676758
0 0.748535 0.81619 0.0419922 0.047619 0.741699
0 0.986816 0.214286 0.0263672 0.0438095 0.768066
0 0.928223 0.0247619 0.0419922 0.0495238 0.772949
0 0.0820312 0.0761905 0.0429688 0.0571429 0.783691
0 0.628418 0.88 0.0400391 0.0380952 0.803711
0 0.628906 0.834286 0.0371094 0.0380952 0.814941
0 0.477051 0.751429 0.0341797 0.0361905 0.819824
0 0.578125 0.841905 0.0332031 0.0342857 0.830078
0 0.455566 0.808571 0.0380859 0.04 0.834961
0 0.527344 0.849524 0.0429688 0.0419048 0.836426
0 0.664551 0.802857 0.0361328 0.0361905 0.836426
0 0.537598 0.741905 0.0380859 0.04 0.839355
0 0.43457 0.742857 0.0332031 0.0342857 0.848633
0 0.495117 0.80381 0.03125 0.0342857 0.848633
0 0.414062 0.857143 0.0410156 0.0380952 0.858398
0 0.402832 0.809524 0.0361328 0.0380952 0.86377
0 0.583984 0.799048 0.0351562 0.0361905 0.866211
0 0.929688 0.0990476 0.0410156 0.0685714 0.867676
0 0.537109 0.800952 0.0410156 0.04 0.867676
0 0.46875 0.861905 0.0410156 0.04 0.875977
0 0.579102 0.893333 0.0410156 0.0571429 0.881836
0 0.901367 0.146667 0.0390625 0.0647619 0.882812
0 0.847656 0.867619 0.0410156 0.0514286 0.889648
0 0.14209 0.107619 0.0419922 0.0742857 0.889648
0 0.532715 0.929524 0.0400391 0.0685714 0.890625
0 0.702637 0.754286 0.0419922 0.0457143 0.894531
0 0.831055 0.0866667 0.0390625 0.0857143 0.897949
0 0.938965 0.849524 0.0400391 0.0685714 0.898438
0 0.830566 0.771429 0.0400391 0.0571429 0.905273
0 0.896973 0.857143 0.0419922 0.0685714 0.930664
