0 0.857422 0.787619 0.0390625 0.0552381 0.343018
0 0.763672 0.898095 0.046875 0.0590476 0.552246
0 0.941895 0.972381 0.0419922 0.0552381 0.577148
0 0.928223 0.0247619 0.0400391 0.0495238 0.636719
0 0.679688 0.828571 0.0390625 0.0419048 0.663574
0 0.491699 0.751429 0.0361328 0.0361905 0.682129
0 0.44873 0.741905 0.0361328 0.032381 0.692383
0 0.495117 0.802857 0.0332031 0.032381 0.796387
0 0.627441 0.88 0.0400391 0.0380952 0.800293
1 0.954102 0.26381 0.0917969 0.12381 0.812988
0 0.837402 0.83619 0.0419922 0.0571429 0.818359
0 0.621094 0.838095 0.0332031 0.0342857 0.838867
0 0.402344 0.808571 0.0351562 0.0361905 0.84668
0 0.55957 0.741905 0.0371094 0.04 0.851074
0 0.918457 0.0714286 0.0361328 0.0628571 0.854492
0 0.414062 0.857143 0.0410156 0.0380952 0.854492
0 0.455566 0.807619 0.0380859 0.0380952 0.856445
0 0.537109 0.848571 0.0429688 0.04 0.860352
0 0.744141 0.809524 0.0371094 0.0419048 0.86084
0 0.69873 0.877143 0.0439453 0.04 0.862793
0 0.581055 0.891429 0.0429688 0.0609524 0.862793
0 0.618652 0.795238 0.0361328 0.0361905 0.865234
0 0.536621 0.8 0.0419922 0.0380952 0.870605
0 0.746094 0.762857 0.0429688 0.047619 0.871582
0 0.469727 0.861905 0.0410156 0.04 0.878418
0 0.887695 0.127619 0.0390625 0.0685714 0.881836
0 0.140137 0.111429 0.0419922 0.0742857 0.887207
0 0.532715 0.930476 0.0419922 0.0666667 0.896973
0 0.912109 0.864762 0.0390625 0.0685714 0.904785
0 0.977051 0.955238 0.0419922 0.0704762 0.90918
