0 0.765625 0.898095 0.0449219 0.0552381 0.325195
0 0.641113 0.742857 0.0380859 0.0380952 0.368164
0 0.971191 0.259048 0.0556641 0.0647619 0.432373
1 0.970703 0.26 0.0546875 0.0628571 0.624023
0 0.992188 0.957143 0.015625 0.0704762 0.636719
0 0.693359 0.87619 0.0429688 0.0380952 0.680176
0 0.661133 0.830476 0.0390625 0.0380952 0.750488
0 0.814941 0.830476 0.0400391 0.0457143 0.757812
0 0.928223 0.0247619 0.0400391 0.0495238 0.790039
0 0.828125 0.769524 0.0390625 0.0533333 0.803223
0 0.445801 0.742857 0.0341797 0.0342857 0.811035
0 0.529297 0.849524 0.0410156 0.0419048 0.812012
0 0.628906 0.88 0.0390625 0.0380952 0.81543
0 0.489258 0.750476 0.0351562 0.0342857 0.835938
0 0.956543 0.12381 0.0361328 0.0533333 0.838379
0 0.604492 0.84 0.0332031 0.0342857 0.847168
0 0.547852 0.741905 0.0371094 0.04 0.847656
0 0.495605 0.80381 0.0322266 0.0342857 0.849609
0 0.716797 0.806667 0.0351562 0.04 0.854004
0 0.914062 0.160952 0.0371094 0.0590476 0.85498
0 0.455566 0.808571 0.0380859 0.04 0.857422
0 0.402344 0.809524 0.0351562 0.0380952 0.861816
0 0.414062 0.857143 0.0410156 0.0380952 0.86377
0 0.536621 0.8 0.0419922 0.0380952 0.86377
0 0.600586 0.797143 0.0371094 0.0361905 0.864258
0 0.580078 0.892381 0.0429688 0.0590476 0.873535
0 0.469238 0.861905 0.0400391 0.04 0.875488
0 0.139648 0.113333 0.0429688 0.0780952 0.875977
0 0.727051 0.759048 0.0419922 0.047619 0.890625
0 0.886719 0.831429 0.0390625 0.0628571 0.890625
0 0.533203 0.929524 0.0410156 0.0685714 0.89502
0 0.956055 0.928571 0.0410156 0.0704762 0.895996
0 0.851074 0.0466667 0.0361328 0.0742857 0.897949
0 0.912598 0.933333 0.0419922 0.0685714 0.900391
