1 0.372559 0.754286 0.0537109 0.0495238 0.26001
1 0.938477 0.24 0.117188 0.133333 0.26416
0 0.881348 0.807619 0.0419922 0.0533333 0.26416
0 0.0922852 0.965714 0.0517578 0.0685714 0.360352
0 0.885742 0.0190476 0.0332031 0.0380952 0.419922
0 0.891113 0.82381 0.0341797 0.047619 0.605957
0 0.628418 0.88 0.0400391 0.0380952 0.632812
0 0.450684 0.742857 0.0341797 0.0342857 0.634766
0 0.706543 0.831429 0.0380859 0.04 0.713379
0 0.764648 0.899048 0.0449219 0.0571429 0.720703
0 0.928711 0.0257143 0.0410156 0.0514286 0.755859
0 0.989258 0.974286 0.0214844 0.0514286 0.793457
0 0.703613 0.878095 0.0439453 0.0419048 0.805176
0 0.64209 0.83619 0.0322266 0.0342857 0.818848
0 0.492188 0.750476 0.0351562 0.0342857 0.820312
0 0.580566 0.741905 0.0380859 0.04 0.833984
0 0.495605 0.80381 0.0322266 0.0342857 0.838379
0 0.774902 0.818095 0.0361328 0.0438095 0.839844
0 0.864258 0.854286 0.0410156 0.0514286 0.847168
0 0.643066 0.794286 0.0361328 0.0342857 0.851074
0 0.455566 0.807619 0.0380859 0.0380952 0.853027
0 0.551758 0.846667 0.0429688 0.0438095 0.856934
0 0.414062 0.857143 0.0410156 0.0380952 0.859375
0 0.402344 0.809524 0.0351562 0.0380952 0.862793
0 0.472656 0.861905 0.0390625 0.04 0.865723
0 0.76709 0.769524 0.0400391 0.0495238 0.866211
0 0.581055 0.892381 0.0429688 0.0590476 0.871094
0 0.536621 0.8 0.0400391 0.0380952 0.87207
0 0.86377 0.0895238 0.0361328 0.0685714 0.880371
0 0.532227 0.929524 0.0410156 0.0685714 0.890625
0 0.139648 0.111429 0.0410156 0.0742857 0.890625
0 0.936035 0.904762 0.0400391 0.0685714 0.916016
