0 0.36377 0.75619 0.0556641 0.0495238 0.35083
0 0.669922 0.832381 0.0351562 0.0342857 0.588379
0 0.695801 0.87619 0.0439453 0.0380952 0.675781
0 0.764648 0.9 0.0449219 0.0552381 0.680176
0 0.490234 0.750476 0.0351562 0.0380952 0.748535
1 0.962402 0.252381 0.0732422 0.0780952 0.76123
0 0.842773 0.78 0.0410156 0.0552381 0.76709
0 0.447266 0.742857 0.0351562 0.0342857 0.77002
0 0.495605 0.802857 0.0322266 0.0361905 0.776855
0 0.628418 0.88 0.0400391 0.0380952 0.799805
0 0.928223 0.0238095 0.0400391 0.047619 0.805176
0 0.842285 0.0314286 0.0361328 0.0628571 0.808105
0 0.609863 0.838095 0.0341797 0.0342857 0.816406
0 0.827148 0.835238 0.0410156 0.0438095 0.819824
0 0.532715 0.849524 0.0400391 0.0380952 0.835938
0 0.456055 0.808571 0.0371094 0.04 0.851074
0 0.414551 0.857143 0.0400391 0.0380952 0.859375
0 0.402344 0.809524 0.0351562 0.0380952 0.860352
0 0.900879 0.145714 0.0380859 0.0628571 0.86084
0 0.580078 0.893333 0.0429688 0.0571429 0.861816
0 0.537109 0.8 0.0410156 0.0380952 0.862793
0 0.552734 0.741905 0.0371094 0.04 0.865723
0 0.936035 0.0990476 0.0380859 0.0609524 0.865723
0 0.60791 0.794286 0.0361328 0.0342857 0.868164
0 0.927246 0.957143 0.0400391 0.0666667 0.870117
0 0.469238 0.861905 0.0400391 0.04 0.875488
0 0.730957 0.809524 0.0361328 0.0419048 0.879395
0 0.139648 0.113333 0.0429688 0.0780952 0.879883
0 0.899414 0.849524 0.0390625 0.0609524 0.89502
0 0.736328 0.76 0.0429688 0.0495238 0.895508
0 0.533203 0.929524 0.0429688 0.0685714 0.895996
0 0.967285 0.942857 0.0419922 0.072381 0.925293
