0 0.706055 0.742857 0.0390625 0.0380952 0.270264
0 0.764648 0.899048 0.0449219 0.0533333 0.336914
0 0.732422 0.831429 0.0390625 0.04 0.569336
0 0.628906 0.88 0.0390625 0.0380952 0.697754
0 0.709473 0.88 0.0439453 0.0457143 0.779785
0 0.452148 0.742857 0.0351562 0.0304762 0.784668
0 0.66748 0.83619 0.0322266 0.0342857 0.788086
0 0.928711 0.0247619 0.0390625 0.0495238 0.797852
1 0.908691 0.211429 0.114258 0.144762 0.812988
0 0.877441 0.86381 0.0576172 0.0819048 0.813477
0 0.499512 0.749524 0.0361328 0.0361905 0.816895
0 0.979492 0.140952 0.0371094 0.0533333 0.819336
0 0.606445 0.741905 0.0371094 0.0361905 0.831543
0 0.456055 0.808571 0.0390625 0.04 0.838379
0 0.570312 0.842857 0.0429688 0.0438095 0.843262
0 0.582031 0.892381 0.0429688 0.0590476 0.850586
0 0.806641 0.831429 0.0390625 0.0514286 0.85498
0 0.669922 0.793333 0.0371094 0.04 0.85498
0 0.414062 0.857143 0.0410156 0.0380952 0.86084
0 0.402344 0.809524 0.0351562 0.0380952 0.861328
0 0.495605 0.804762 0.0322266 0.0361905 0.862305
0 0.840332 0.0409524 0.0361328 0.0742857 0.86377
0 0.538086 0.8 0.0410156 0.0419048 0.875488
0 0.480957 0.861905 0.0400391 0.04 0.875977
0 0.139648 0.912381 0.0488281 0.08 0.878418
0 0.788574 0.777143 0.0439453 0.0495238 0.890137
0 0.532227 0.929524 0.0410156 0.0685714 0.894531
0 0.13916 0.111429 0.0419922 0.0742857 0.898438
0 0.964844 0.953333 0.0410156 0.0704762 0.902832
