0 0.763672 0.898095 0.046875 0.0590476 0.288818
0 0.174805 0.0438095 0.0390625 0.0761905 0.348389
0 0.994629 0.153333 0.0107422 0.04 0.500977
0 0.714355 0.881905 0.0439453 0.0419048 0.605469
0 0.761719 0.84 0.0390625 0.0495238 0.640625
0 0.887207 0.869524 0.0341797 0.0628571 0.663574
0 0.15625 0.0304762 0.0429688 0.0609524 0.742676
0 0.928711 0.0247619 0.0410156 0.0495238 0.74707
0 0.907715 0.89619 0.0361328 0.0552381 0.780762
0 0.943848 0.1 0.0361328 0.0590476 0.784668
0 0.515625 0.747619 0.0351562 0.0361905 0.784668
0 0.838867 0.851429 0.0390625 0.0571429 0.79541
0 0.733887 0.74 0.0380859 0.04 0.808105
1 0.882812 0.175238 0.109375 0.148571 0.811523
0 0.178711 0.875238 0.0507812 0.0780952 0.833984
0 0.695312 0.83619 0.0332031 0.0342857 0.835449
0 0.632812 0.88 0.0410156 0.0419048 0.839355
0 0.593262 0.839048 0.0419922 0.0438095 0.841309
0 0.694336 0.797143 0.0371094 0.04 0.842773
0 0.458984 0.741905 0.0351562 0.032381 0.852051
0 0.495605 0.804762 0.0341797 0.032381 0.859375
0 0.402832 0.808571 0.0361328 0.0361905 0.860352
0 0.632324 0.741905 0.0380859 0.04 0.862305
0 0.456543 0.808571 0.0380859 0.04 0.872559
0 0.416992 0.857143 0.0410156 0.0380952 0.874512
0 0.583008 0.890476 0.0429688 0.0590476 0.876953
0 0.495605 0.860952 0.0400391 0.0380952 0.880371
0 0.54541 0.8 0.0419922 0.0419048 0.881348
0 0.139648 0.111429 0.0429688 0.0742857 0.896484
0 0.532715 0.929524 0.0419922 0.0685714 0.897949
0 0.811035 0.787619 0.0439453 0.0514286 0.916016
