0 0.174805 0.0457143 0.0410156 0.0761905 0.368164
0 0.831055 0.0247619 0.03125 0.0495238 0.443115
0 0.160156 0.0247619 0.0390625 0.0495238 0.48999
0 0.882812 0.867619 0.0488281 0.0704762 0.540527
0 0.764648 0.898095 0.0449219 0.0590476 0.62207
0 0.928711 0.0247619 0.0390625 0.0495238 0.67334
0 0.746582 0.835238 0.0439453 0.0514286 0.697754
0 0.89502 0.885714 0.0419922 0.0647619 0.707031
0 0.711426 0.881905 0.0439453 0.0457143 0.742676
0 0.720215 0.740952 0.0380859 0.0380952 0.782715
0 0.506348 0.749524 0.0361328 0.0361905 0.791504
1 0.895508 0.193333 0.111328 0.146667 0.79248
0 0.961914 0.122857 0.0371094 0.0552381 0.79248
0 0.161133 0.892381 0.0488281 0.0780952 0.802734
0 0.630371 0.88 0.0400391 0.0380952 0.805176
0 0.682129 0.83619 0.0341797 0.0342857 0.810547
0 0.455078 0.741905 0.0332031 0.032381 0.811035
0 0.681641 0.796191 0.0351562 0.0380952 0.818848
0 0.823242 0.84381 0.0410156 0.0533333 0.825684
0 0.619141 0.740952 0.0390625 0.0380952 0.831055
0 0.980469 0.971429 0.0371094 0.0571429 0.831543
0 0.402832 0.808571 0.0361328 0.0361905 0.855957
0 0.495605 0.80381 0.0341797 0.0342857 0.858887
0 0.580566 0.841905 0.0419922 0.0457143 0.86377
0 0.583008 0.892381 0.0429688 0.0590476 0.869141
0 0.415039 0.857143 0.0410156 0.0380952 0.87207
0 0.540527 0.8 0.0400391 0.0380952 0.879395
0 0.456055 0.809524 0.0390625 0.0419048 0.883301
0 0.487305 0.860952 0.0410156 0.0380952 0.894531
0 0.532715 0.929524 0.0419922 0.0685714 0.895996
0 0.139648 0.110476 0.0429688 0.0761905 0.896484
0 0.800293 0.78381 0.0439453 0.0514286 0.905273
