0 0.744629 0.791429 0.0439453 0.0438095 0.256592
1 0.387695 0.752381 0.0566406 0.0495238 0.291992
0 0.764648 0.9 0.0449219 0.0552381 0.314209
0 0.818848 0.918095 0.0439453 0.0533333 0.625488
0 0.790527 0.779048 0.0400391 0.0495238 0.654297
0 0.387695 0.753333 0.0566406 0.0514286 0.661133
0 0.591309 0.888571 0.0419922 0.0514286 0.666504
0 0.718262 0.882857 0.0439453 0.0438095 0.666992
0 0.648926 0.88 0.0419922 0.0380952 0.744629
0 0.748535 0.805714 0.0380859 0.0419048 0.744629
1 0.838867 0.0942857 0.0996094 0.188571 0.754395
0 0.928223 0.0247619 0.0419922 0.0495238 0.779297
0 0.647461 0.830476 0.0410156 0.0380952 0.799316
0 0.794922 0.739048 0.0390625 0.0380952 0.811523
0 0.456543 0.807619 0.0400391 0.0380952 0.822266
0 0.561523 0.746667 0.0351562 0.0342857 0.825195
0 0.819336 0.862857 0.0429688 0.0609524 0.831543
0 0.235352 0.839048 0.0488281 0.0666667 0.839355
0 0.754395 0.844762 0.0341797 0.04 0.84082
0 0.687988 0.740952 0.0380859 0.0380952 0.848633
0 0.511719 0.802857 0.0332031 0.032381 0.859375
0 0.949219 0.948571 0.0371094 0.0609524 0.861328
0 0.491699 0.741905 0.0341797 0.032381 0.861328
0 0.439941 0.855238 0.0400391 0.0380952 0.861816
0 0.535156 0.855238 0.0410156 0.0419048 0.865723
0 0.893066 0.904762 0.0361328 0.0571429 0.869141
0 0.402344 0.809524 0.0351562 0.0380952 0.873535
0 0.576172 0.799048 0.0410156 0.04 0.87793
0 0.863281 0.819048 0.0429688 0.0609524 0.878418
0 0.963867 0.266667 0.0410156 0.0457143 0.883301
0 0.936035 0.0980952 0.0400391 0.0628571 0.885742
0 0.53418 0.928571 0.0410156 0.0666667 0.888184
0 0.129883 0.06 0.0429688 0.0742857 0.891602
0 0.939941 0.19619 0.0400391 0.0571429 0.89209
0 0.134766 0.115238 0.0429688 0.0742857 0.898438
