0 0.993652 0.22381 0.0126953 0.0552381 0.293945
0 0.661133 0.746667 0.0371094 0.0380952 0.351807
0 0.444336 0.754286 0.0546875 0.0457143 0.35376
0 0.75 0.837143 0.046875 0.0552381 0.371338
0 0.71875 0.882857 0.0429688 0.0438095 0.376221
0 0.818848 0.916191 0.0419922 0.0495238 0.420166
0 0.195312 0.0238095 0.0371094 0.047619 0.522949
0 0.0537109 0.0895238 0.0507812 0.0495238 0.526855
0 0.137695 0.0485714 0.0371094 0.0666667 0.590332
0 0.66748 0.878095 0.0400391 0.0380952 0.656738
0 0.849121 0.824762 0.0380859 0.0495238 0.774414
0 0.928223 0.0247619 0.0439453 0.0495238 0.775391
0 0.907715 0.937143 0.0400391 0.0609524 0.785156
0 0.667969 0.793333 0.0410156 0.04 0.799316
0 0.494629 0.92381 0.0283203 0.0761905 0.805176
0 0.959961 0.257143 0.0449219 0.0533333 0.807129
0 0.0688477 0.114286 0.0439453 0.0533333 0.831543
0 0.601074 0.841905 0.0419922 0.0457143 0.833984
0 0.0742188 0.174286 0.0429688 0.0628571 0.842285
0 0.597656 0.799048 0.0351562 0.0361905 0.844727
0 0.844238 0.88 0.0341797 0.0457143 0.848633
0 0.963379 0.939048 0.0439453 0.08 0.850586
0 0.544434 0.907619 0.0400391 0.0704762 0.850586
0 0.791992 0.740952 0.0371094 0.0380952 0.857422
0 0.328125 0.82 0.0449219 0.0438095 0.858398
0 0.611328 0.88381 0.0429688 0.0457143 0.865234
0 0.500488 0.805714 0.0419922 0.0419048 0.869141
0 0.42041 0.807619 0.0361328 0.0380952 0.871094
0 0.580078 0.740952 0.0351562 0.0342857 0.873047
0 0.520508 0.847619 0.0410156 0.0419048 0.884766
0 0.842773 0.0371429 0.0371094 0.0742857 0.89209
0 0.851562 0.144762 0.0410156 0.0761905 0.903809
0 0.918457 0.0990476 0.0439453 0.0761905 0.906738
