0 0.766602 0.842857 0.0410156 0.047619 0.322266
0 0.71875 0.882857 0.0429688 0.04 0.331543
0 0.818848 0.918095 0.0419922 0.0495238 0.54834
0 0.927246 0.0247619 0.0439453 0.0495238 0.625488
0 0.908203 0.93619 0.046875 0.0704762 0.638672
0 0.674316 0.74381 0.0361328 0.0361905 0.666504
0 0.902832 0.784762 0.0419922 0.0609524 0.668457
0 0.668457 0.87619 0.0400391 0.0380952 0.713867
0 0.681641 0.794286 0.0410156 0.0419048 0.78418
0 0.0493164 0.0990476 0.0458984 0.0495238 0.79541
0 0.98584 0.214286 0.0283203 0.0438095 0.797852
0 0.0571289 0.119048 0.0439453 0.0514286 0.800293
0 0.0605469 0.180952 0.0410156 0.0495238 0.804199
0 0.861816 0.829524 0.0380859 0.0514286 0.813965
0 0.496582 0.918095 0.0283203 0.072381 0.81543
0 0.613281 0.881905 0.0410156 0.0419048 0.819336
0 0.611328 0.799048 0.0351562 0.0361905 0.829102
0 0.130859 0.0561905 0.0390625 0.0666667 0.831543
0 0.609375 0.84 0.0410156 0.0419048 0.837402
0 0.591797 0.740952 0.0351562 0.0342857 0.845703
0 0.54541 0.904762 0.0400391 0.0761905 0.84668
0 0.942871 0.244762 0.0458984 0.0590476 0.852051
0 0.852051 0.884762 0.0341797 0.047619 0.858398
0 0.428711 0.806667 0.0371094 0.0361905 0.861328
0 0.187012 0.0314286 0.0380859 0.0628571 0.865723
0 0.806641 0.742857 0.0390625 0.0380952 0.868164
0 0.341309 0.819048 0.0458984 0.0457143 0.875977
0 0.510742 0.802857 0.0410156 0.04 0.878906
0 0.53125 0.845714 0.0429688 0.0457143 0.893066
0 0.977051 0.962857 0.0439453 0.0742857 0.899414
0 0.839844 0.117143 0.0390625 0.0780952 0.913574
0 0.902832 0.0761905 0.0419922 0.0761905 0.930176
