0 0.203125 0.0161905 0.0371094 0.032381 0.385254
0 0.666504 0.877143 0.0400391 0.04 0.522949
0 0.433105 0.75619 0.0517578 0.0495238 0.531738
0 0.0673828 0.0819048 0.0410156 0.0495238 0.554199
0 0.652832 0.751429 0.0537109 0.0514286 0.608398
0 0.144531 0.0371429 0.0390625 0.0742857 0.654297
0 0.653809 0.793333 0.0419922 0.04 0.737793
0 0.607422 0.882857 0.0449219 0.0438095 0.740234
0 0.543457 0.909524 0.0380859 0.0704762 0.768555
0 0.834473 0.817143 0.0400391 0.0495238 0.813965
0 0.492188 0.929524 0.0273438 0.08 0.823242
0 0.928711 0.0247619 0.0410156 0.0495238 0.82373
0 0.583984 0.799048 0.0351562 0.0361905 0.84668
0 0.413086 0.807619 0.0371094 0.0380952 0.849609
0 0.591797 0.84381 0.0390625 0.0419048 0.850098
0 0.89502 0.920952 0.0419922 0.0666667 0.851074
0 0.490234 0.804762 0.0410156 0.04 0.855957
0 0.314941 0.82 0.0478516 0.0438095 0.856934
0 0.776855 0.74 0.0380859 0.04 0.857422
0 0.566406 0.740952 0.0351562 0.0342857 0.862305
0 0.509277 0.849524 0.0419922 0.0380952 0.866699
0 0.078125 0.109524 0.0449219 0.0628571 0.868164
0 0.835449 0.875238 0.0341797 0.047619 0.875977
0 0.946777 0.914286 0.0439453 0.0761905 0.883789
0 0.978027 0.265714 0.0419922 0.047619 0.896484
0 0.864258 0.168571 0.0410156 0.0742857 0.897949
0 0.851562 0.06 0.0390625 0.0780952 0.898926
0 0.0849609 0.165714 0.0429688 0.0609524 0.902344
0 0.935059 0.120952 0.0439453 0.0666667 0.912109
