0 0.717773 0.882857 0.0449219 0.0438095 0.276123
0 0.873047 0.766667 0.0390625 0.047619 0.405273
0 0.818359 0.919048 0.0429688 0.0514286 0.479248
0 0.987305 0.269524 0.0253906 0.0438095 0.628418
0 0.151367 0.032381 0.0410156 0.0647619 0.685547
0 0.422363 0.754286 0.0537109 0.0495238 0.710449
0 0.605469 0.88381 0.0429688 0.0457143 0.722656
0 0.490234 0.93619 0.0253906 0.0819048 0.724121
0 0.725098 0.835238 0.0419922 0.0438095 0.730469
0 0.817871 0.812381 0.0478516 0.0590476 0.742676
0 0.664551 0.877143 0.0400391 0.04 0.787598
0 0.822266 0.868571 0.0390625 0.0533333 0.808105
0 0.928711 0.0257143 0.0410156 0.0514286 0.826172
0 0.629395 0.742857 0.0380859 0.0380952 0.827148
0 0.63916 0.792381 0.0419922 0.0380952 0.82959
0 0.480957 0.806667 0.0400391 0.04 0.841309
0 0.583008 0.846667 0.0410156 0.0438095 0.849609
0 0.883789 0.910476 0.0410156 0.0609524 0.85498
0 0.0878906 0.10381 0.0449219 0.0666667 0.856934
0 0.496582 0.851429 0.0400391 0.0380952 0.867676
0 0.571289 0.8 0.0332031 0.0342857 0.871094
0 0.541504 0.912381 0.0400391 0.072381 0.87207
0 0.553711 0.740952 0.0351562 0.0342857 0.877441
0 0.761719 0.739048 0.0390625 0.0380952 0.885254
0 0.407715 0.808571 0.0361328 0.0361905 0.885742
0 0.302734 0.821905 0.0449219 0.047619 0.885742
0 0.0961914 0.155238 0.0439453 0.0666667 0.889648
0 0.862305 0.0876191 0.0390625 0.0761905 0.896484
0 0.952637 0.139048 0.0439453 0.0647619 0.915039
0 0.878418 0.191429 0.0419922 0.0704762 0.921875
0 0.932617 0.895238 0.0449219 0.0761905 0.924316
