0 0.515625 0.752381 0.0546875 0.0495238 0.393311
0 0.993652 0.274286 0.0107422 0.0380952 0.454346
0 0.987305 0.210476 0.0234375 0.04 0.626465
0 0.668457 0.879048 0.0400391 0.0361905 0.700684
0 0.648926 0.740952 0.0361328 0.0419048 0.713379
0 0.928711 0.0257143 0.0410156 0.0514286 0.739746
0 0.918945 0.799048 0.0410156 0.0590476 0.760254
0 0.758789 0.799048 0.0410156 0.04 0.763184
0 0.872559 0.897143 0.0341797 0.0457143 0.793945
0 0.621582 0.88 0.0400391 0.0419048 0.794922
0 0.664551 0.837143 0.0400391 0.0361905 0.804688
0 0.740234 0.741905 0.0371094 0.04 0.813965
0 0.505859 0.895238 0.03125 0.072381 0.823242
0 0.546875 0.902857 0.0390625 0.0761905 0.834961
0 0.687012 0.797143 0.0322266 0.0361905 0.836426
0 0.586914 0.838095 0.0410156 0.0419048 0.839355
0 0.96875 0.154286 0.0429688 0.0533333 0.843262
0 0.560547 0.797143 0.0410156 0.04 0.851074
0 0.143066 0.0304762 0.0380859 0.0609524 0.858398
0 0.896973 0.854286 0.0400391 0.0590476 0.864746
0 0.931152 0.23619 0.0400391 0.0533333 0.869141
0 0.475586 0.804762 0.0371094 0.0361905 0.87207
0 0.416016 0.81619 0.0449219 0.0438095 0.878418
0 0.911133 0.153333 0.0449219 0.0704762 0.885742
0 0.864746 0.161905 0.0439453 0.08 0.905273
0 0.138672 0.102857 0.0390625 0.0647619 0.90625
0 0.854492 0.75619 0.0410156 0.0495238 0.923828
