0 0.46875 0.751429 0.0546875 0.0514286 0.269775
0 0.9375 0.972381 0.0390625 0.0552381 0.355469
0 0.718262 0.881905 0.0439453 0.0419048 0.423828
0 0.765625 0.899048 0.0429688 0.0533333 0.455566
0 0.771484 0.84 0.0527344 0.0609524 0.552246
0 0.90918 0.789524 0.0410156 0.0590476 0.567383
0 0.98584 0.97619 0.0283203 0.047619 0.592285
0 0.0361328 0.101905 0.0410156 0.047619 0.671875
0 0.687988 0.742857 0.0361328 0.0380952 0.695312
0 0.819336 0.918095 0.0429688 0.0495238 0.720215
0 0.668457 0.87619 0.0400391 0.0380952 0.739746
0 0.872559 0.837143 0.0380859 0.0514286 0.758789
0 0.927246 0.0247619 0.0458984 0.0495238 0.760254
0 0.0498047 0.184762 0.0429688 0.0533333 0.786621
0 0.498535 0.911429 0.0283203 0.0742857 0.797363
0 0.975586 0.206667 0.0449219 0.0514286 0.799316
0 0.696289 0.794286 0.0410156 0.0419048 0.810547
0 0.520508 0.800952 0.0410156 0.04 0.817871
0 0.619141 0.839048 0.0390625 0.04 0.833984
0 0.615234 0.881905 0.0390625 0.0419048 0.835449
0 0.625488 0.798095 0.0341797 0.0342857 0.840332
0 0.924316 0.232381 0.0458984 0.0609524 0.841309
0 0.545898 0.902857 0.0390625 0.072381 0.849609
0 0.604004 0.740952 0.0341797 0.0342857 0.855957
0 0.122559 0.0666667 0.0400391 0.0685714 0.856934
0 0.046875 0.126667 0.0429688 0.0514286 0.85791
0 0.858887 0.888571 0.0341797 0.047619 0.858887
0 0.437988 0.805714 0.0361328 0.0380952 0.861328
0 0.818359 0.744762 0.0390625 0.0419048 0.878906
0 0.35498 0.818095 0.0458984 0.0438095 0.879395
0 0.178711 0.0390476 0.0371094 0.0742857 0.880859
0 0.542969 0.844762 0.0429688 0.047619 0.885254
0 0.888184 0.0485714 0.0400391 0.0780952 0.910156
0 0.830566 0.0904762 0.0380859 0.0819048 0.921875
