0 0.509277 0.886667 0.0322266 0.0742857 0.429199
0 0.876465 0.9 0.0341797 0.047619 0.528809
0 0.719727 0.88381 0.0449219 0.0457143 0.583496
0 0.745605 0.841905 0.0400391 0.0457143 0.629395
0 0.819824 0.918095 0.0439453 0.0495238 0.632324
0 0.807129 0.0257143 0.0302734 0.0514286 0.634766
0 0.0561523 0.148571 0.0419922 0.0419048 0.636719
0 0.00976562 0.144762 0.0195312 0.0380952 0.648926
0 0.824219 0.864762 0.0449219 0.0533333 0.678223
0 0.842285 0.0266667 0.0322266 0.0533333 0.687012
0 0.667969 0.879048 0.0390625 0.0361905 0.731934
0 0.928711 0.0247619 0.0410156 0.0495238 0.802734
0 0.62207 0.88 0.0410156 0.0380952 0.809082
0 0.0654297 0.172381 0.0371094 0.0438095 0.81543
0 0.664062 0.834286 0.0390625 0.0380952 0.820312
0 0.828125 0.810476 0.0429688 0.047619 0.832031
0 0.768066 0.796191 0.0322266 0.0380952 0.836426
0 0.553711 0.889524 0.0371094 0.0761905 0.839355
0 0.802246 0.747619 0.0361328 0.04 0.845703
0 0.623047 0.793333 0.0390625 0.0361905 0.854492
0 0.71875 0.737143 0.0351562 0.0342857 0.855957
0 0.919434 0.799048 0.0439453 0.0590476 0.880859
0 0.483398 0.809524 0.0449219 0.0457143 0.88916
0 0.53418 0.80381 0.0371094 0.0380952 0.890137
0 0.87207 0.765714 0.0410156 0.0533333 0.895996
0 0.84668 0.127619 0.0371094 0.072381 0.895996
0 0.906738 0.135238 0.0439453 0.072381 0.896484
0 0.147949 0.0685714 0.0419922 0.072381 0.914062
0 0.90625 0.21619 0.0410156 0.0628571 0.916992
