0 0.817871 0.861905 0.0419922 0.0514286 0.262207
0 0.187988 0.0209524 0.0380859 0.0419048 0.275879
0 0.778809 0.786667 0.0498047 0.0419048 0.373535
0 0.819824 0.918095 0.0439453 0.0495238 0.508789
0 0.919922 0.8 0.0390625 0.0609524 0.528809
0 0.692871 0.837143 0.0419922 0.04 0.64502
0 0.667969 0.878095 0.0390625 0.0380952 0.698242
0 0.928223 0.0257143 0.0419922 0.0514286 0.744141
0 0.786133 0.798095 0.0449219 0.0419048 0.746094
0 0.505859 0.892381 0.03125 0.0742857 0.754395
0 0.897461 0.855238 0.046875 0.0685714 0.760254
0 0.874512 0.899048 0.0341797 0.0457143 0.773926
0 0.763672 0.744762 0.0351562 0.0342857 0.798828
0 0.67334 0.74 0.0341797 0.0361905 0.822266
0 0.609863 0.83619 0.0400391 0.0380952 0.830566
0 0.716309 0.796191 0.0341797 0.0380952 0.834473
0 0.62207 0.880952 0.0410156 0.04 0.838379
0 0.124023 0.052381 0.0429688 0.0704762 0.856445
0 0.932129 0.114286 0.0419922 0.072381 0.86084
0 0.546875 0.901905 0.0390625 0.0742857 0.866211
0 0.898438 0.206667 0.0429688 0.0590476 0.868164
0 0.494629 0.804762 0.0361328 0.0361905 0.869141
0 0.970703 0.265714 0.0390625 0.047619 0.875
0 0.57959 0.796191 0.0400391 0.0419048 0.879395
0 0.861328 0.76 0.046875 0.0533333 0.882812
0 0.442871 0.813333 0.0439453 0.0457143 0.884277
0 0.967285 0.198095 0.0478516 0.0571429 0.889648
0 0.883789 0.112381 0.0449219 0.08 0.895996
0 0.116699 0.128571 0.0400391 0.0628571 0.904297
0 0.841309 0.115238 0.0419922 0.0819048 0.905273
