0 0.819824 0.918095 0.0439453 0.0495238 0.472168
0 0.790527 0.786667 0.0498047 0.0419048 0.563965
0 0.668457 0.877143 0.0400391 0.04 0.572266
0 0.928711 0.0257143 0.0410156 0.0514286 0.661621
0 0.899902 0.858095 0.0458984 0.0666667 0.727539
0 0.875 0.9 0.0351562 0.047619 0.754395
0 0.506836 0.890476 0.0332031 0.0780952 0.755859
0 0.79834 0.801905 0.0458984 0.0419048 0.757812
0 0.919434 0.797143 0.0400391 0.0590476 0.773926
0 0.706543 0.837143 0.0419922 0.04 0.797363
0 0.621582 0.880952 0.0400391 0.04 0.807617
0 0.68457 0.739048 0.0332031 0.0380952 0.812988
0 0.774414 0.746667 0.0351562 0.0380952 0.829102
0 0.622559 0.834286 0.0400391 0.0380952 0.84082
0 0.72998 0.796191 0.0341797 0.0380952 0.84375
0 0.588379 0.795238 0.0400391 0.04 0.855957
0 0.114746 0.0628571 0.0419922 0.0685714 0.856445
0 0.179199 0.0295238 0.0400391 0.0590476 0.871094
0 0.865723 0.761905 0.0439453 0.0533333 0.872559
0 0.504395 0.804762 0.0361328 0.0361905 0.875488
0 0.54834 0.898095 0.0380859 0.0742857 0.876953
0 0.954102 0.25619 0.0390625 0.0514286 0.877441
0 0.914551 0.0857143 0.0419922 0.08 0.885254
0 0.95166 0.186667 0.0478516 0.0609524 0.887695
0 0.871582 0.0895238 0.0439453 0.0838095 0.889648
0 0.883789 0.188571 0.0410156 0.0609524 0.891113
0 0.105469 0.14 0.0390625 0.0628571 0.892578
0 0.453613 0.811429 0.0458984 0.0457143 0.896484
0 0.830566 0.0895238 0.0400391 0.0876191 0.897949
