0 0.621582 0.88 0.0400391 0.0380952 0.345459
0 0.824707 0.86381 0.0439453 0.0514286 0.440918
0 0.877441 0.900952 0.0361328 0.0495238 0.451416
0 0.899414 0.855238 0.0449219 0.0647619 0.482178
0 0.820312 0.918095 0.0429688 0.0533333 0.504883
0 0.510254 0.885714 0.0322266 0.072381 0.513672
0 0.668457 0.877143 0.0400391 0.0361905 0.613281
0 0.839844 0.813333 0.0429688 0.0533333 0.634766
0 0.690918 0.835238 0.0400391 0.04 0.654297
0 0.981934 0.162857 0.0341797 0.047619 0.669434
0 0.760742 0.84381 0.0390625 0.0419048 0.697266
0 0.649902 0.792381 0.0400391 0.0380952 0.708496
0 0.928711 0.0247619 0.0410156 0.0495238 0.731934
0 0.919434 0.797143 0.0419922 0.0590476 0.764648
0 0.03125 0.178095 0.0390625 0.04 0.769043
0 0.811523 0.748571 0.0371094 0.0419048 0.793945
0 0.784668 0.8 0.0341797 0.0380952 0.796875
0 0.741699 0.737143 0.0341797 0.0380952 0.854004
0 0.501465 0.805714 0.0458984 0.0419048 0.865723
0 0.557617 0.884762 0.0371094 0.0742857 0.87793
0 0.554199 0.802857 0.0361328 0.0361905 0.882812
0 0.87207 0.765714 0.0410156 0.0533333 0.894043
0 0.126465 0.0952381 0.0419922 0.0647619 0.894043
0 0.827148 0.08 0.0371094 0.0761905 0.910156
0 0.178711 0.04 0.0410156 0.08 0.910645
0 0.880371 0.092381 0.0439453 0.0780952 0.913574
0 0.877441 0.179048 0.0400391 0.0685714 0.914551
