0 0.898926 0.855238 0.0439453 0.0609524 0.530762
0 0.720215 0.882857 0.0439453 0.0438095 0.574707
0 0.509766 0.886667 0.0332031 0.0742857 0.636719
0 0.824707 0.86381 0.0439453 0.0514286 0.643555
0 0.989258 0.169524 0.0214844 0.0495238 0.663086
0 0.0415039 0.157143 0.0400391 0.0438095 0.688965
0 0.876465 0.9 0.0341797 0.047619 0.713867
0 0.668457 0.878095 0.0400391 0.0380952 0.714844
0 0.834473 0.813333 0.0439453 0.0495238 0.729004
0 0.0498047 0.179048 0.0429688 0.0419048 0.749023
0 0.928711 0.0257143 0.0410156 0.0514286 0.765625
0 0.807617 0.748571 0.0371094 0.0419048 0.77002
0 0.621582 0.880952 0.0400391 0.04 0.789551
0 0.678223 0.834286 0.0400391 0.0380952 0.802246
0 0.819824 0.918095 0.0439453 0.0533333 0.810059
0 0.92041 0.797143 0.0439453 0.0590476 0.818848
0 0.63623 0.792381 0.0400391 0.0380952 0.821777
0 0.189941 0.0304762 0.0419922 0.0609524 0.826172
0 0.777832 0.797143 0.0322266 0.04 0.84082
0 0.753906 0.84381 0.0390625 0.0495238 0.847168
0 0.555664 0.887619 0.0371094 0.0761905 0.867676
0 0.543457 0.802857 0.0361328 0.0361905 0.868164
0 0.730469 0.737143 0.0351562 0.0380952 0.881348
0 0.492188 0.806667 0.046875 0.0438095 0.883789
0 0.137695 0.0828571 0.0410156 0.0704762 0.885254
0 0.835938 0.10381 0.0371094 0.0742857 0.888184
0 0.87207 0.764762 0.0410156 0.0514286 0.899902
0 0.893066 0.115238 0.0439453 0.0742857 0.908691
0 0.89209 0.199048 0.0400391 0.0666667 0.921387
