0 0.822754 0.86381 0.0458984 0.0514286 0.400391
0 0.875488 0.9 0.0341797 0.047619 0.449463
0 0.506836 0.886667 0.03125 0.0742857 0.487549
0 0.819824 0.918095 0.0439453 0.0533333 0.543945
0 0.0708008 0.139048 0.0380859 0.0495238 0.632812
0 0.90332 0.86 0.0390625 0.0590476 0.643555
0 0.0976562 0.0819048 0.0410156 0.0685714 0.680176
0 0.621582 0.88 0.0400391 0.0419048 0.681152
0 0.668945 0.878095 0.0410156 0.0380952 0.688477
0 0.551758 0.892381 0.0371094 0.0742857 0.700195
0 0.019043 0.14381 0.0361328 0.0361905 0.719727
0 0.928223 0.0257143 0.0419922 0.0514286 0.733398
0 0.819824 0.807619 0.0439453 0.0457143 0.744141
0 0.882324 0.027619 0.0361328 0.0552381 0.758789
0 0.610352 0.793333 0.0410156 0.0361905 0.791016
0 0.0800781 0.161905 0.0390625 0.0533333 0.805664
0 0.650391 0.833333 0.0410156 0.04 0.821289
0 0.794434 0.746667 0.0361328 0.0380952 0.823242
0 0.755859 0.796191 0.0332031 0.0380952 0.82666
0 0.92041 0.798095 0.0419922 0.0571429 0.830078
0 0.812012 0.0390476 0.0380859 0.0780952 0.851562
0 0.708008 0.737143 0.0351562 0.0342857 0.857422
0 0.523926 0.80381 0.0361328 0.0380952 0.869629
0 0.849121 0.04 0.0419922 0.08 0.872559
0 0.871094 0.764762 0.0410156 0.0514286 0.894043
0 0.473633 0.810476 0.0449219 0.0438095 0.894531
0 0.921875 0.231429 0.0410156 0.0590476 0.896484
0 0.85791 0.146667 0.0400391 0.072381 0.901367
0 0.921875 0.154286 0.046875 0.0685714 0.905762
0 0.158691 0.052381 0.0419922 0.0704762 0.90918
