0 0.0727539 0.115238 0.0400391 0.0514286 0.26416
0 0.819336 0.918095 0.0449219 0.0533333 0.51709
0 0.546387 0.904762 0.0361328 0.0685714 0.575195
0 0.668457 0.877143 0.0400391 0.0361905 0.587402
0 0.814941 0.861905 0.0439453 0.0552381 0.648926
0 0.505859 0.893333 0.03125 0.0761905 0.730469
0 0.918945 0.799048 0.0390625 0.0590476 0.738281
0 0.677246 0.835238 0.0400391 0.0361905 0.780273
0 0.621582 0.880952 0.0400391 0.04 0.782227
0 0.928223 0.0257143 0.0400391 0.0514286 0.788574
0 0.979492 0.206667 0.0410156 0.0514286 0.797852
0 0.752441 0.742857 0.0361328 0.0380952 0.799316
0 0.134277 0.04 0.0380859 0.0647619 0.802734
0 0.773438 0.799048 0.0390625 0.04 0.807617
0 0.661133 0.740952 0.0351562 0.0380952 0.808105
0 0.898438 0.855238 0.0429688 0.0647619 0.808594
0 0.569824 0.796191 0.0400391 0.0419048 0.815918
0 0.701172 0.795238 0.0351562 0.0361905 0.816406
0 0.599121 0.837143 0.0419922 0.04 0.822754
0 0.873535 0.898095 0.0341797 0.047619 0.82373
0 0.896973 0.134286 0.0458984 0.0742857 0.847656
0 0.985352 0.272381 0.0292969 0.0457143 0.849609
0 0.914062 0.221905 0.0429688 0.0552381 0.864746
0 0.430664 0.814286 0.0449219 0.047619 0.868652
0 0.950684 0.13619 0.0439453 0.0628571 0.875488
0 0.484863 0.804762 0.0361328 0.0361905 0.894043
0 0.853027 0.139048 0.0439453 0.08 0.89502
0 0.128418 0.114286 0.0400391 0.0647619 0.896973
0 0.859375 0.757143 0.0429688 0.0514286 0.918457
