0 0.00439453 0.157143 0.00878906 0.0438095 0.318848
0 0.62207 0.88 0.0410156 0.0380952 0.332275
0 0.819824 0.918095 0.0439453 0.0495238 0.452881
0 0.815918 0.751429 0.0380859 0.0438095 0.573242
0 0.824219 0.864762 0.0429688 0.0495238 0.608887
0 0.877441 0.901905 0.0361328 0.0514286 0.648926
0 0.928223 0.0247619 0.0419922 0.0495238 0.678711
0 0.726562 0.840952 0.0390625 0.0438095 0.727051
0 0.774902 0.738095 0.0341797 0.0361905 0.741211
0 0.900879 0.857143 0.0400391 0.0571429 0.744141
0 0.863281 0.0961905 0.0390625 0.0780952 0.787598
0 0.85791 0.822857 0.0419922 0.0533333 0.800293
0 0.601074 0.796191 0.0439453 0.0419048 0.812988
0 0.813965 0.806667 0.0361328 0.0438095 0.822266
0 0.761719 0.794286 0.0410156 0.0419048 0.826172
0 0.92041 0.798095 0.0400391 0.0571429 0.830078
0 0.986816 0.270476 0.0263672 0.0419048 0.841309
0 0.101562 0.0619048 0.0429688 0.0590476 0.842773
0 0.0517578 0.169524 0.0429688 0.0571429 0.851562
0 0.11377 0.131429 0.0400391 0.0609524 0.857422
0 0.67334 0.796191 0.0380859 0.0380952 0.864258
0 0.87207 0.765714 0.0410156 0.0533333 0.881836
0 0.957031 0.182857 0.0449219 0.0647619 0.895996
0 0.87793 0.182857 0.0449219 0.08 0.898438
0 0.916992 0.0933333 0.0488281 0.08 0.901855
