0 0.521484 0.86381 0.0351562 0.0704762 0.341309
0 0.0664062 0.10381 0.0390625 0.0552381 0.452881
0 0.621582 0.879048 0.0400391 0.04 0.49292
0 0.81543 0.750476 0.0390625 0.0457143 0.530762
0 0.901367 0.859048 0.0410156 0.0571429 0.594238
0 0.727539 0.84 0.0390625 0.0419048 0.678223
0 0.867676 0.032381 0.0439453 0.0647619 0.700195
0 0.856934 0.821905 0.0419922 0.0514286 0.721191
0 0.753418 0.791429 0.0380859 0.0438095 0.750488
0 0.775391 0.739048 0.0351562 0.0380952 0.752441
0 0.928223 0.0247619 0.0419922 0.0495238 0.771484
0 0.984375 0.206667 0.03125 0.047619 0.797363
0 0.814453 0.806667 0.0351562 0.0438095 0.805664
0 0.919922 0.799048 0.0390625 0.0552381 0.808105
0 0.019043 0.157143 0.0380859 0.04 0.845703
0 0.584961 0.797143 0.0449219 0.0438095 0.851562
0 0.650879 0.796191 0.0361328 0.0380952 0.867676
0 0.896973 0.151429 0.0419922 0.0704762 0.873535
0 0.135742 0.109524 0.0390625 0.0628571 0.881836
0 0.87207 0.764762 0.0410156 0.0514286 0.884766
0 0.912109 0.224762 0.046875 0.0685714 0.89502
0 0.125 0.0419048 0.0449219 0.0685714 0.896484
0 0.0805664 0.152381 0.0419922 0.0609524 0.898438
0 0.949219 0.127619 0.046875 0.0647619 0.898438
