0 0.720215 0.88381 0.0439453 0.0419048 0.457275
0 0.526855 0.854286 0.0380859 0.0704762 0.489746
0 0.668945 0.877143 0.0410156 0.0361905 0.522461
0 0.929199 0.0257143 0.0419922 0.0514286 0.612793
0 0.819824 0.918095 0.0439453 0.0533333 0.63916
0 0.621582 0.88 0.0400391 0.0380952 0.662109
0 0.824219 0.865714 0.0449219 0.0514286 0.669434
0 0.87793 0.904762 0.0371094 0.0533333 0.672363
0 0.0898438 0.0704762 0.0429688 0.0571429 0.708496
0 0.901367 0.859048 0.0390625 0.0571429 0.755859
0 0.81543 0.751429 0.0390625 0.047619 0.757324
0 0.774902 0.738095 0.0341797 0.0361905 0.776367
0 0.85791 0.822857 0.0439453 0.0533333 0.776855
0 0.763184 0.794286 0.0400391 0.0419048 0.807617
0 0.726562 0.841905 0.0390625 0.0457143 0.808594
0 0.849609 0.0628571 0.0390625 0.08 0.818359
0 0.813965 0.806667 0.0361328 0.0438095 0.847168
0 0.608887 0.795238 0.0439453 0.04 0.867676
0 0.975098 0.264762 0.0380859 0.0457143 0.868164
0 0.682617 0.797143 0.0371094 0.04 0.868652
0 0.102539 0.14 0.0390625 0.0590476 0.872559
0 0.939453 0.166667 0.046875 0.0704762 0.873535
0 0.919434 0.796191 0.0419922 0.0609524 0.878418
0 0.900391 0.072381 0.046875 0.08 0.887207
0 0.871582 0.765714 0.0419922 0.0533333 0.888184
0 0.0356445 0.178095 0.0419922 0.0514286 0.889648
0 0.862305 0.158095 0.0449219 0.0838095 0.901367
