0 0.820312 0.917143 0.0429688 0.0514286 0.253418
0 0.823242 0.865714 0.0449219 0.0514286 0.314697
0 0.569336 0.866667 0.0410156 0.0647619 0.362549
0 0.900879 0.857143 0.0419922 0.0609524 0.453125
0 0.621582 0.88 0.0419922 0.0380952 0.564941
0 0.928711 0.0257143 0.0410156 0.0514286 0.584473
0 0.81543 0.752381 0.0390625 0.0457143 0.616211
0 0.726562 0.84 0.0390625 0.0419048 0.635742
0 0.736816 0.793333 0.0400391 0.0438095 0.665039
0 0.516602 0.870476 0.0351562 0.072381 0.675293
0 0.854492 0.821905 0.0410156 0.0514286 0.716309
0 0.774902 0.738095 0.0341797 0.0361905 0.740723
0 0.144043 0.0295238 0.0439453 0.0590476 0.790039
0 0.979492 0.153333 0.0410156 0.0590476 0.797852
0 0.919434 0.797143 0.0419922 0.0590476 0.811523
0 0.8125 0.806667 0.0351562 0.04 0.831055
0 0.0429688 0.150476 0.0390625 0.0419048 0.875488
0 0.628906 0.797143 0.0371094 0.0361905 0.881836
0 0.569336 0.798095 0.0449219 0.0419048 0.884766
0 0.947266 0.253333 0.046875 0.0571429 0.885742
0 0.101562 0.135238 0.0429688 0.0647619 0.888672
0 0.87207 0.765714 0.0410156 0.0533333 0.891113
0 0.155762 0.0847619 0.0400391 0.0742857 0.892578
0 0.931152 0.191429 0.0419922 0.0552381 0.899902
0 0.891602 0.0666667 0.046875 0.0838095 0.915039
