0 0.0444336 0.12 0.0400391 0.0419048 0.278076
0 0.728027 0.792381 0.0400391 0.0457143 0.380615
0 0.566406 0.853333 0.0390625 0.0495238 0.401367
0 0.668945 0.877143 0.0410156 0.04 0.446045
0 0.823242 0.864762 0.0449219 0.0533333 0.462158
0 0.150879 0.0238095 0.0380859 0.047619 0.493896
0 0.814941 0.751429 0.0380859 0.0438095 0.505371
0 0.820312 0.918095 0.0429688 0.0495238 0.526855
0 0.0991211 0.0809524 0.0380859 0.0666667 0.540527
0 0.569824 0.873333 0.0400391 0.0590476 0.54248
0 0.724609 0.84 0.0410156 0.0419048 0.560547
0 0.877441 0.9 0.0341797 0.047619 0.56543
0 0.928711 0.0238095 0.0390625 0.047619 0.588379
0 0.62207 0.88 0.0410156 0.0380952 0.60498
0 0.774902 0.738095 0.0341797 0.0361905 0.612793
0 0.854004 0.821905 0.0419922 0.0514286 0.695312
0 0.899902 0.857143 0.0439453 0.0609524 0.744141
0 0.988281 0.159048 0.0234375 0.0438095 0.750977
0 0.812012 0.0304762 0.0361328 0.0609524 0.774902
0 0.919922 0.798095 0.0390625 0.0571429 0.800781
0 0.515625 0.873333 0.0351562 0.0742857 0.805176
0 0.810059 0.805714 0.0341797 0.0419048 0.810547
0 0.0571289 0.146667 0.0419922 0.0457143 0.830078
0 0.560547 0.799048 0.0449219 0.0438095 0.872559
0 0.949219 0.202857 0.0410156 0.0514286 0.873535
0 0.967285 0.262857 0.0458984 0.0495238 0.885742
0 0.87207 0.765714 0.0410156 0.0533333 0.887207
0 0.617676 0.797143 0.0361328 0.0361905 0.887207
0 0.112793 0.125714 0.0439453 0.0685714 0.88916
0 0.904297 0.0885714 0.046875 0.0819048 0.899414
0 0.16748 0.0685714 0.0400391 0.072381 0.90332
