0 0.772461 0.847619 0.0449219 0.0495238 0.288574
0 0.015625 0.130476 0.03125 0.0666667 0.333984
0 0.668945 0.877143 0.0410156 0.04 0.411133
0 0.823242 0.865714 0.0449219 0.0514286 0.415527
0 0.990234 0.275238 0.0195312 0.04 0.423584
0 0.819824 0.918095 0.0439453 0.0533333 0.429443
0 0.928711 0.0238095 0.0410156 0.047619 0.54834
0 0.118164 0.0628571 0.0371094 0.0685714 0.575195
0 0.0664062 0.104762 0.0390625 0.0457143 0.575195
0 0.621582 0.88 0.0400391 0.0380952 0.594238
0 0.877441 0.900952 0.0341797 0.0495238 0.624023
0 0.719238 0.84 0.0400391 0.0419048 0.670898
0 0.565918 0.872381 0.0400391 0.0685714 0.713379
0 0.899902 0.855238 0.0400391 0.0571429 0.714844
0 0.81543 0.750476 0.0390625 0.0457143 0.726074
0 0.705078 0.790476 0.0410156 0.0419048 0.730469
0 0.98291 0.224762 0.0322266 0.0419048 0.739746
0 0.511719 0.879048 0.0332031 0.0742857 0.765625
0 0.805664 0.804762 0.0332031 0.04 0.779297
0 0.852051 0.820952 0.0439453 0.0533333 0.79248
0 0.771484 0.737143 0.0351562 0.0342857 0.792969
0 0.931152 0.12381 0.0498047 0.072381 0.816406
0 0.919434 0.798095 0.0400391 0.0571429 0.817383
0 0.0800781 0.135238 0.0410156 0.0533333 0.848145
0 0.1875 0.0361905 0.0390625 0.072381 0.87207
0 0.541992 0.8 0.046875 0.0457143 0.87207
0 0.59668 0.799048 0.0371094 0.0361905 0.875488
0 0.87207 0.765714 0.0410156 0.0533333 0.892578
0 0.134277 0.10381 0.0439453 0.0704762 0.915527
0 0.828613 0.0733333 0.0361328 0.0780952 0.942871
