0 0.562012 0.852381 0.0380859 0.047619 0.297119
0 0.823242 0.864762 0.0449219 0.0533333 0.470215
0 0.0561523 0.110476 0.0419922 0.0457143 0.482178
0 0.567383 0.871429 0.0390625 0.0666667 0.49585
0 0.928711 0.0247619 0.0390625 0.0495238 0.501465
0 0.621582 0.88 0.0400391 0.0380952 0.52002
0 0.981445 0.270476 0.0371094 0.0457143 0.527344
0 0.820312 0.918095 0.0429688 0.0495238 0.54834
0 0.899902 0.858095 0.0400391 0.0590476 0.579102
0 0.877441 0.901905 0.0361328 0.0514286 0.583008
0 0.716797 0.791429 0.0410156 0.0438095 0.592285
0 0.970215 0.21619 0.0478516 0.0552381 0.633789
0 0.722168 0.84 0.0400391 0.0419048 0.669922
0 0.853027 0.82 0.0419922 0.0514286 0.724609
0 0.108887 0.0761905 0.0400391 0.072381 0.731934
0 0.773438 0.738095 0.0351562 0.0361905 0.736816
0 0.513184 0.875238 0.0341797 0.0742857 0.742676
0 0.814941 0.752381 0.0380859 0.0457143 0.75293
0 0.808594 0.805714 0.0351562 0.0419048 0.833008
0 0.919434 0.798095 0.0400391 0.0571429 0.85498
0 0.916992 0.107619 0.0488281 0.0742857 0.87793
0 0.55127 0.8 0.0458984 0.0457143 0.880371
0 0.176758 0.0542857 0.0390625 0.0742857 0.881348
0 0.606934 0.798095 0.0380859 0.0380952 0.881836
0 0.0673828 0.14 0.0410156 0.0514286 0.888672
0 0.87207 0.765714 0.0410156 0.0533333 0.895508
0 0.820312 0.047619 0.0351562 0.0761905 0.912109
0 0.122559 0.115238 0.0439453 0.0666667 0.915527
