0 0.996094 0.27619 0.0078125 0.0495238 0.279053
0 0.668945 0.877143 0.0410156 0.0361905 0.296143
0 0.819824 0.918095 0.0439453 0.0533333 0.384521
0 0.878906 0.902857 0.0390625 0.0533333 0.424072
0 0.0541992 0.115238 0.0419922 0.04 0.435303
0 0.524414 0.86 0.0371094 0.0704762 0.460449
0 0.824219 0.864762 0.0449219 0.0495238 0.489746
0 0.815918 0.750476 0.0380859 0.0457143 0.563477
0 0.727051 0.84 0.0380859 0.0419048 0.564941
0 0.621582 0.88 0.0400391 0.0380952 0.577637
0 0.901367 0.858095 0.0410156 0.0590476 0.629395
0 0.104004 0.0304762 0.0458984 0.0609524 0.669922
0 0.775391 0.738095 0.0332031 0.0361905 0.706543
0 0.856934 0.822857 0.0419922 0.0533333 0.721191
0 0.929199 0.0247619 0.0419922 0.0495238 0.724609
0 0.0117188 0.158095 0.0234375 0.0342857 0.786133
0 0.757812 0.793333 0.0410156 0.0438095 0.790527
0 0.814453 0.806667 0.0351562 0.0438095 0.812988
0 0.919434 0.798095 0.0400391 0.0571429 0.830078
0 0.879395 0.126667 0.0419922 0.0742857 0.850586
0 0.592285 0.797143 0.0439453 0.0438095 0.859375
0 0.661621 0.796191 0.0361328 0.0380952 0.867676
0 0.124512 0.12 0.0400391 0.0609524 0.869141
0 0.87207 0.764762 0.0410156 0.0514286 0.878906
0 0.974609 0.195238 0.046875 0.0590476 0.883789
0 0.933594 0.112381 0.046875 0.0685714 0.88623
0 0.114258 0.052381 0.0429688 0.0666667 0.888184
0 0.894531 0.20381 0.046875 0.072381 0.900879
0 0.0673828 0.161905 0.0429688 0.0571429 0.901855
