0 0.138672 0.109524 0.0371094 0.0628571 0.25708
0 0.668945 0.878095 0.0410156 0.0380952 0.263672
0 0.691406 0.747619 0.0546875 0.047619 0.273926
0 0.984375 0.268571 0.03125 0.0457143 0.347412
0 0.901367 0.857143 0.0390625 0.0533333 0.443359
0 0.81543 0.751429 0.0410156 0.047619 0.55957
0 0.807617 0.027619 0.03125 0.0552381 0.636719
0 0.775391 0.740952 0.0351562 0.0380952 0.647461
0 0.819336 0.918095 0.0449219 0.0533333 0.683594
0 0.983398 0.127619 0.03125 0.0533333 0.697266
0 0.727539 0.84 0.0390625 0.0419048 0.699707
0 0.85791 0.82381 0.0419922 0.0514286 0.711914
0 0.824707 0.864762 0.0439453 0.0533333 0.713379
0 0.928711 0.0257143 0.0410156 0.0514286 0.745605
0 0.877441 0.900952 0.0361328 0.0495238 0.751465
0 0.813965 0.806667 0.0361328 0.0438095 0.811523
0 0.766113 0.797143 0.0400391 0.0438095 0.812988
0 0.710938 0.797143 0.0371094 0.04 0.821777
0 0.649414 0.795238 0.0449219 0.04 0.82373
0 0.919434 0.798095 0.0419922 0.0571429 0.849121
0 0.0253906 0.179048 0.0371094 0.0457143 0.854492
0 0.94043 0.182857 0.0390625 0.0533333 0.87793
0 0.87207 0.764762 0.0410156 0.0514286 0.883301
0 0.886719 0.188571 0.0390625 0.0647619 0.885254
0 0.862793 0.0447619 0.0419922 0.0857143 0.891113
