0 0.817383 0.751429 0.0410156 0.047619 0.278076
0 0.876465 0.900952 0.0341797 0.0495238 0.474609
0 0.900879 0.855238 0.0380859 0.0533333 0.488037
0 0.820312 0.917143 0.0429688 0.0514286 0.501465
0 0.727539 0.839048 0.0410156 0.0438095 0.537598
0 0.824219 0.865714 0.0429688 0.0514286 0.59668
0 0.710938 0.796191 0.0351562 0.0380952 0.65625
0 0.856934 0.822857 0.0439453 0.0533333 0.683594
0 0.96875 0.113333 0.0625 0.0628571 0.725586
0 0.813965 0.807619 0.0361328 0.0457143 0.777344
0 0.774902 0.738095 0.0341797 0.0361905 0.79541
0 0.919922 0.797143 0.0390625 0.0552381 0.796875
0 0.928711 0.0247619 0.0410156 0.0495238 0.797852
0 0.766602 0.795238 0.0390625 0.0438095 0.817383
0 0.917969 0.227619 0.0410156 0.0590476 0.836914
0 0.874023 0.0971429 0.0390625 0.072381 0.840332
0 0.87207 0.765714 0.0410156 0.0533333 0.877441
0 0.829102 0.0857143 0.0371094 0.08 0.903809
