0 0.990723 0.213333 0.0185547 0.0380952 0.298584
0 0.81543 0.752381 0.0371094 0.0457143 0.424316
0 0.819824 0.919048 0.0439453 0.0514286 0.536621
0 0.824219 0.866667 0.0449219 0.0533333 0.558594
0 0.710938 0.796191 0.0351562 0.0380952 0.579102
0 0.877441 0.9 0.0361328 0.047619 0.614746
0 0.900391 0.857143 0.0390625 0.0533333 0.640137
0 0.85791 0.82381 0.0419922 0.0514286 0.665039
0 0.727539 0.839048 0.0410156 0.0438095 0.724609
1 0.964844 0.107619 0.0703125 0.0704762 0.753418
0 0.813965 0.806667 0.0361328 0.0438095 0.795898
0 0.774902 0.738095 0.0341797 0.0361905 0.798828
0 0.766113 0.796191 0.0380859 0.0419048 0.804199
0 0.928711 0.0257143 0.0410156 0.0514286 0.819336
0 0.919922 0.798095 0.0390625 0.0571429 0.84375
0 0.859375 0.0666667 0.0371094 0.0761905 0.87207
0 0.87207 0.764762 0.0410156 0.0514286 0.879883
0 0.901855 0.211429 0.0419922 0.0609524 0.885254
0 0.817871 0.0561905 0.0361328 0.0780952 0.913086
