0 0.668945 0.87619 0.0410156 0.0380952 0.264404
0 0.140625 0.072381 0.0429688 0.08 0.298828
0 0.720215 0.884762 0.0439453 0.0438095 0.32666
0 0.0405273 0.0904762 0.0595703 0.0514286 0.332031
0 0.0458984 0.17619 0.0449219 0.0514286 0.364502
0 0.901367 0.857143 0.0390625 0.0533333 0.386475
0 0.689941 0.747619 0.0537109 0.047619 0.438232
0 0.149902 0.0885714 0.0400391 0.0666667 0.509277
0 0.819824 0.917143 0.0439453 0.0514286 0.581055
0 0.727051 0.84 0.0400391 0.0419048 0.628418
0 0.876465 0.900952 0.0361328 0.0495238 0.636719
0 0.816406 0.750476 0.0390625 0.0457143 0.652832
0 0.824219 0.86381 0.0429688 0.0514286 0.687012
0 0.988281 0.129524 0.0234375 0.0533333 0.714844
0 0.774414 0.74 0.0332031 0.0361905 0.735352
0 0.928223 0.0247619 0.0419922 0.0495238 0.741211
0 0.85791 0.822857 0.0419922 0.0533333 0.758789
0 0.708984 0.796191 0.0390625 0.0380952 0.763184
0 0.958984 0.19619 0.0390625 0.0495238 0.766602
0 0.919922 0.797143 0.0390625 0.0552381 0.791992
0 0.813965 0.806667 0.0361328 0.0438095 0.830078
0 0.765625 0.798095 0.0390625 0.0419048 0.831055
0 0.641113 0.795238 0.0439453 0.04 0.833984
0 0.814453 0.0438095 0.0390625 0.0876191 0.881836
0 0.87207 0.764762 0.0410156 0.0514286 0.882324
0 0.90332 0.209524 0.0410156 0.0609524 0.891113
0 0.875 0.0714286 0.0429688 0.0819048 0.896973
