0 0.668945 0.87619 0.0410156 0.0380952 0.306396
0 0.901367 0.856191 0.0371094 0.0514286 0.308838
0 0.603516 0.822857 0.0410156 0.0609524 0.358154
1 0.972656 0.119048 0.0527344 0.0590476 0.50293
0 0.728027 0.839048 0.0400391 0.0438095 0.516113
0 0.820312 0.918095 0.0429688 0.0495238 0.522949
0 0.824707 0.864762 0.0439453 0.0533333 0.540527
0 0.815918 0.755238 0.0380859 0.0514286 0.544922
0 0.972656 0.118095 0.0507812 0.0571429 0.561523
0 0.877441 0.9 0.0341797 0.047619 0.594238
0 0.663086 0.795238 0.0449219 0.04 0.640137
0 0.85791 0.822857 0.0419922 0.0533333 0.678711
0 0.710938 0.796191 0.0371094 0.0380952 0.758789
0 0.928711 0.0247619 0.0410156 0.0495238 0.798828
0 0.775391 0.739048 0.0332031 0.0380952 0.808594
0 0.92041 0.798095 0.0419922 0.0571429 0.813477
0 0.813965 0.807619 0.0361328 0.0457143 0.816406
0 0.766602 0.796191 0.0390625 0.0419048 0.84082
0 0.889648 0.122857 0.0371094 0.0666667 0.866699
0 0.936035 0.240952 0.0419922 0.0514286 0.874512
0 0.872559 0.764762 0.0400391 0.0514286 0.881836
0 0.841797 0.114286 0.0390625 0.0761905 0.915039
