0 0.530273 0.852381 0.0390625 0.0704762 0.256348
0 0.62207 0.88 0.0410156 0.0380952 0.339844
0 0.00683594 0.109524 0.0136719 0.047619 0.355469
0 0.668945 0.877143 0.0410156 0.0361905 0.468994
0 0.0673828 0.12381 0.0449219 0.0533333 0.505371
0 0.819824 0.918095 0.0439453 0.0533333 0.546387
0 0.824219 0.864762 0.0449219 0.0533333 0.601562
0 0.816406 0.751429 0.0390625 0.047619 0.618164
0 0.877441 0.900952 0.0361328 0.0495238 0.708496
0 0.0102539 0.189524 0.0205078 0.047619 0.708496
0 0.0615234 0.0838095 0.0429688 0.0457143 0.714844
0 0.928711 0.0247619 0.0410156 0.0495238 0.742676
0 0.987305 0.214286 0.0253906 0.0438095 0.749023
0 0.901367 0.858095 0.0390625 0.0552381 0.755859
0 0.175293 0.0504762 0.0361328 0.0628571 0.763184
0 0.0751953 0.159048 0.0390625 0.0514286 0.769043
0 0.625488 0.796191 0.0439453 0.0380952 0.773926
0 0.85791 0.822857 0.0419922 0.0533333 0.79248
0 0.774902 0.738095 0.0341797 0.0361905 0.796387
0 0.813965 0.806667 0.0361328 0.0438095 0.829102
0 0.69873 0.795238 0.0380859 0.04 0.833496
0 0.87207 0.0333333 0.0449219 0.0666667 0.835938
0 0.919434 0.797143 0.0419922 0.0590476 0.84375
0 0.766602 0.795238 0.0390625 0.0438095 0.855957
0 0.87207 0.764762 0.0410156 0.0514286 0.878418
0 0.938965 0.241905 0.0380859 0.0533333 0.879395
0 0.90625 0.12381 0.0429688 0.0761905 0.902832
0 0.835449 0.10381 0.0419922 0.0857143 0.931152
