1 0.979492 0.122857 0.0390625 0.0552381 0.348633
0 0.980469 0.12381 0.0390625 0.0533333 0.54834
0 0.81543 0.751429 0.0390625 0.047619 0.57373
0 0.819824 0.917143 0.0439453 0.0514286 0.608887
0 0.727051 0.84 0.0400391 0.0419048 0.626465
0 0.900879 0.855238 0.0380859 0.0533333 0.631348
0 0.120605 0.126667 0.0361328 0.0552381 0.631348
0 0.852539 0.0295238 0.0390625 0.0590476 0.652832
0 0.012207 0.184762 0.0244141 0.0457143 0.697266
0 0.824707 0.864762 0.0439453 0.0533333 0.707031
0 0.929199 0.0257143 0.0419922 0.0514286 0.731934
0 0.876465 0.900952 0.0341797 0.0495238 0.738281
0 0.775391 0.74 0.0351562 0.04 0.753906
0 0.85791 0.822857 0.0419922 0.0533333 0.780762
0 0.97168 0.260952 0.0410156 0.0457143 0.780762
0 0.8125 0.80381 0.0390625 0.0495238 0.808105
0 0.710938 0.796191 0.0371094 0.0419048 0.821777
0 0.766602 0.796191 0.0390625 0.0419048 0.831055
0 0.919434 0.797143 0.0419922 0.0590476 0.847168
0 0.922852 0.166667 0.0390625 0.0590476 0.858398
0 0.654785 0.795238 0.0458984 0.0438095 0.866211
0 0.87207 0.765714 0.0410156 0.0533333 0.881836
0 0.870117 0.166667 0.0390625 0.0666667 0.920898
