0 0.995605 0.158095 0.00878906 0.0419048 0.273682
0 0.824219 0.865714 0.0429688 0.0514286 0.275879
1 0.95166 0.0866667 0.0556641 0.0780952 0.296387
0 0.820312 0.917143 0.0429688 0.0514286 0.318604
0 0.90918 0.0552381 0.0683594 0.110476 0.320312
0 0.952148 0.0876191 0.0566406 0.0761905 0.320312
0 0.775391 0.738095 0.0332031 0.0361905 0.373047
0 0.81543 0.750476 0.0390625 0.0457143 0.445312
0 0.727051 0.84 0.0400391 0.0457143 0.489258
0 0.710938 0.796191 0.0351562 0.0380952 0.505371
0 0.928223 0.0247619 0.0400391 0.0495238 0.538574
0 0.877441 0.9 0.0341797 0.047619 0.573242
0 0.900879 0.855238 0.0400391 0.0571429 0.590332
0 0.019043 0.133333 0.0361328 0.0457143 0.605469
0 0.530762 0.895238 0.0439453 0.0838095 0.637207
0 0.856934 0.822857 0.0419922 0.0533333 0.640137
0 0.918945 0.8 0.0390625 0.0571429 0.741699
0 0.766602 0.795238 0.0390625 0.0438095 0.746094
0 0.813965 0.806667 0.0361328 0.0438095 0.774414
0 0.984375 0.224762 0.03125 0.0457143 0.812988
0 0.808594 0.0333333 0.0351562 0.0666667 0.833008
0 0.916016 0.137143 0.046875 0.0609524 0.875977
0 0.87207 0.764762 0.0410156 0.0514286 0.885742
