0 0.13916 0.937143 0.0458984 0.0761905 0.254883
0 0.541016 0.879048 0.0449219 0.0857143 0.289062
0 0.774902 0.738095 0.0341797 0.0361905 0.303467
0 0.919434 0.0552381 0.0634766 0.102857 0.322754
0 0.81543 0.752381 0.0371094 0.0457143 0.345215
0 0.109863 0.866667 0.0322266 0.0609524 0.352051
0 0.710938 0.796191 0.0351562 0.0380952 0.378906
0 0.727051 0.84 0.0400391 0.0457143 0.427246
0 0.820312 0.918095 0.0429688 0.0495238 0.503418
0 0.766602 0.796191 0.0390625 0.0419048 0.554199
0 0.928711 0.0247619 0.0410156 0.0495238 0.632812
0 0.877441 0.901905 0.0341797 0.047619 0.707031
0 0.900391 0.858095 0.0390625 0.0552381 0.716309
0 0.973145 0.260952 0.0498047 0.0571429 0.730469
0 0.824219 0.867619 0.0449219 0.0552381 0.731445
0 0.813965 0.806667 0.0361328 0.0438095 0.751465
0 0.856934 0.822857 0.0419922 0.0533333 0.758789
0 0.919434 0.798095 0.0419922 0.0571429 0.786133
0 0.987305 0.197143 0.0253906 0.047619 0.80957
0 0.975098 0.140952 0.0380859 0.0457143 0.848633
0 0.931641 0.193333 0.0390625 0.0552381 0.86377
0 0.87207 0.764762 0.0410156 0.0514286 0.879883
0 0.869629 0.0809524 0.0458984 0.0780952 0.899414
