0 0.0756836 0.919048 0.0341797 0.0628571 0.352051
0 0.942383 0.0780952 0.0605469 0.0838095 0.362305
0 0.81543 0.750476 0.0371094 0.0457143 0.370117
1 0.943848 0.0771429 0.0556641 0.0819048 0.388672
0 0.727539 0.84 0.0390625 0.0457143 0.428711
0 0.535156 0.886667 0.0429688 0.0819048 0.435547
0 0.710938 0.796191 0.0351562 0.0380952 0.437256
0 0.774902 0.738095 0.0341797 0.0361905 0.479736
0 0.914062 0.82381 0.0332031 0.047619 0.497803
0 0.929688 0.0238095 0.0390625 0.047619 0.54834
0 0.993652 0.271429 0.0126953 0.0438095 0.57666
0 0.820312 0.918095 0.0449219 0.0495238 0.691406
0 0.766602 0.795238 0.0390625 0.0438095 0.695312
0 0.989746 0.154286 0.0205078 0.0380952 0.765625
0 0.813965 0.805714 0.0361328 0.0419048 0.767578
0 0.918945 0.8 0.0390625 0.0609524 0.775391
0 0.85791 0.822857 0.0419922 0.0533333 0.79248
0 0.900391 0.857143 0.0390625 0.0571429 0.79248
0 0.877441 0.900952 0.0361328 0.0495238 0.799316
0 0.824707 0.864762 0.0439453 0.0495238 0.816895
0 0.96875 0.217143 0.0390625 0.0457143 0.856445
0 0.900391 0.122857 0.046875 0.0666667 0.872559
0 0.87207 0.764762 0.0410156 0.0514286 0.885742
