0 0.494629 0.964762 0.0361328 0.0704762 0.250488
0 0.146484 0.0361905 0.0390625 0.0685714 0.268799
0 0.81543 0.752381 0.0371094 0.0457143 0.432129
0 0.666016 0.795238 0.0449219 0.0438095 0.47998
0 0.820312 0.918095 0.0429688 0.0495238 0.503418
0 0.991211 0.17619 0.0175781 0.0438095 0.504395
0 0.823242 0.865714 0.0449219 0.0514286 0.520996
1 0.959961 0.10381 0.0761719 0.0780952 0.539551
0 0.877441 0.900952 0.0361328 0.0495238 0.577637
0 0.901367 0.857143 0.0390625 0.0533333 0.579102
0 0.727051 0.839048 0.0400391 0.0438095 0.633789
0 0.710938 0.796191 0.0351562 0.0380952 0.692383
0 0.928223 0.0247619 0.0400391 0.0495238 0.738281
0 0.85791 0.822857 0.0439453 0.0533333 0.741211
0 0.775391 0.738095 0.0332031 0.0361905 0.745605
0 0.813965 0.806667 0.0361328 0.0438095 0.766113
0 0.919922 0.799048 0.0390625 0.0552381 0.799316
0 0.766602 0.796191 0.0390625 0.0419048 0.812988
0 0.807617 0.032381 0.0351562 0.0647619 0.816406
0 0.847168 0.0361905 0.0361328 0.072381 0.850586
0 0.87207 0.765714 0.0410156 0.0533333 0.867188
0 0.885254 0.192381 0.0419922 0.0647619 0.888184
