0 0.556152 0.826667 0.0400391 0.0571429 0.259033
0 0.109375 0.0790476 0.0390625 0.0628571 0.313721
0 0.774414 0.848571 0.0410156 0.0438095 0.327148
0 0.81543 0.751429 0.0390625 0.047619 0.505371
1 0.949219 0.092381 0.0898438 0.0857143 0.525879
0 0.727539 0.839048 0.0390625 0.0438095 0.610352
0 0.710938 0.795238 0.0351562 0.04 0.675293
0 0.819824 0.917143 0.0439453 0.0514286 0.685547
0 0.85791 0.82381 0.0419922 0.0514286 0.687012
0 0.901367 0.858095 0.0390625 0.0552381 0.695312
0 0.928711 0.0247619 0.0410156 0.0495238 0.711914
0 0.824707 0.865714 0.0439453 0.0514286 0.738281
0 0.775391 0.738095 0.0332031 0.0361905 0.739746
0 0.877441 0.900952 0.0341797 0.0495238 0.759277
0 0.919434 0.8 0.0380859 0.0533333 0.764648
0 0.813965 0.807619 0.0361328 0.0419048 0.79834
0 0.766113 0.796191 0.0380859 0.0419048 0.825684
0 0.507812 0.938095 0.0410156 0.0895238 0.828613
0 0.976562 0.169524 0.0429688 0.0495238 0.84082
0 0.856445 0.146667 0.0410156 0.0761905 0.861816
0 0.87207 0.76381 0.0410156 0.0495238 0.877441
