0 0.727539 0.839048 0.0390625 0.0438095 0.378418
0 0.710938 0.796191 0.0351562 0.0380952 0.433594
0 0.915039 0.824762 0.0371094 0.0495238 0.474365
0 0.81543 0.751429 0.0390625 0.047619 0.49585
0 0.774902 0.738095 0.0341797 0.0361905 0.546387
0 0.928711 0.0238095 0.0390625 0.047619 0.606934
0 0.820312 0.917143 0.0429688 0.0514286 0.612793
0 0.766602 0.795238 0.0390625 0.0438095 0.634766
0 0.539062 0.881905 0.0429688 0.08 0.672363
0 0.877441 0.9 0.0341797 0.047619 0.737305
0 0.824219 0.866667 0.0429688 0.0533333 0.744141
0 0.901367 0.856191 0.0410156 0.0590476 0.77832
0 0.813965 0.806667 0.0361328 0.0438095 0.779785
0 0.983398 0.267619 0.0332031 0.0514286 0.804688
0 0.917969 0.798095 0.0410156 0.0571429 0.806152
0 0.85791 0.822857 0.0419922 0.0533333 0.8125
0 0.983398 0.148571 0.0332031 0.0457143 0.83252
0 0.949219 0.206667 0.0390625 0.0514286 0.869141
0 0.87207 0.765714 0.0410156 0.0533333 0.889648
0 0.884766 0.102857 0.046875 0.0761905 0.904785
