0 0.551758 0.830476 0.0371094 0.0533333 0.263916
0 0.816406 0.751429 0.0390625 0.047619 0.457031
0 0.838379 0.0190476 0.0283203 0.0380952 0.473877
0 0.774414 0.849524 0.0410156 0.0457143 0.476807
0 0.727051 0.839048 0.0400391 0.0438095 0.570801
0 0.820312 0.917143 0.0429688 0.0514286 0.594238
0 0.984375 0.172381 0.03125 0.047619 0.617188
0 0.900391 0.856191 0.0390625 0.0552381 0.618164
0 0.710938 0.796191 0.0351562 0.0380952 0.636719
0 0.501953 0.954286 0.0390625 0.0876191 0.640137
0 0.824707 0.864762 0.0439453 0.0533333 0.648926
0 0.775391 0.738095 0.0332031 0.0361905 0.678711
0 0.876465 0.9 0.0341797 0.047619 0.693848
0 0.920898 0.798095 0.0410156 0.0571429 0.756348
0 0.928711 0.0247619 0.0410156 0.0495238 0.763672
0 0.813965 0.806667 0.0361328 0.0438095 0.775879
0 0.85791 0.822857 0.0419922 0.0533333 0.77832
0 0.766602 0.796191 0.0390625 0.0457143 0.824219
0 0.871094 0.765714 0.0429688 0.0533333 0.870605
0 0.870605 0.170476 0.0419922 0.0666667 0.892578
