0 0.81543 0.751429 0.0371094 0.0438095 0.324219
1 0.946289 0.0857143 0.0957031 0.0914286 0.35498
0 0.0874023 0.0971429 0.0380859 0.0571429 0.443115
0 0.55957 0.825714 0.0371094 0.0552381 0.477783
0 0.727539 0.839048 0.0390625 0.0438095 0.485352
0 0.820312 0.917143 0.0429688 0.0514286 0.601562
0 0.775391 0.738095 0.0332031 0.0361905 0.612793
0 0.710938 0.795238 0.0351562 0.04 0.636719
0 0.928223 0.0247619 0.0419922 0.0495238 0.675293
0 0.824707 0.86381 0.0439453 0.0514286 0.705078
0 0.877441 0.9 0.0341797 0.047619 0.728027
0 0.901367 0.858095 0.0410156 0.0552381 0.735352
0 0.85791 0.822857 0.0419922 0.0533333 0.748535
0 0.813965 0.806667 0.0361328 0.0438095 0.764648
0 0.766602 0.795238 0.0390625 0.0438095 0.809082
0 0.919434 0.798095 0.0400391 0.0571429 0.817383
0 0.842773 0.12 0.0390625 0.0761905 0.825195
0 0.962891 0.16381 0.046875 0.0495238 0.861328
0 0.87207 0.764762 0.0410156 0.0514286 0.864258
0 0.514648 0.924762 0.0429688 0.0895238 0.888184
