0 0.117676 0.0257143 0.0419922 0.0514286 0.284424
0 0.882324 0.904762 0.0341797 0.0495238 0.31543
1 0.967285 0.104762 0.0654297 0.072381 0.328125
0 0.902344 0.858095 0.0371094 0.0514286 0.405273
0 0.81543 0.752381 0.0371094 0.0457143 0.435791
0 0.710938 0.795238 0.0351562 0.04 0.447021
0 0.775391 0.738095 0.0332031 0.0361905 0.51123
0 0.0849609 0.96 0.0429688 0.0761905 0.546387
0 0.728027 0.839048 0.0400391 0.0438095 0.575195
0 0.353027 0.759048 0.0322266 0.0361905 0.632812
0 0.766602 0.795238 0.0390625 0.0438095 0.640137
0 0.267578 0.751429 0.0332031 0.0361905 0.659668
0 0.883789 0.0238095 0.0332031 0.047619 0.729004
0 0.946777 0.210476 0.0400391 0.047619 0.733398
0 0.922363 0.8 0.0439453 0.0609524 0.738281
0 0.813965 0.806667 0.0361328 0.0438095 0.743164
0 0.928711 0.0257143 0.0410156 0.0514286 0.76416
0 0.931152 0.14381 0.0439453 0.0590476 0.781738
0 0.858887 0.82381 0.0419922 0.0514286 0.782227
0 0.54248 0.878095 0.0439453 0.08 0.786133
0 0.17041 0.802857 0.0439453 0.0704762 0.818848
0 0.177246 0.865714 0.0478516 0.0742857 0.836914
0 0.853516 0.0428571 0.0390625 0.0780952 0.848633
0 0.842285 0.11619 0.0576172 0.118095 0.865723
0 0.305176 0.844762 0.0400391 0.0438095 0.876953
0 0.872559 0.764762 0.0400391 0.0514286 0.878418
0 0.128906 0.0390476 0.0449219 0.0742857 0.879395
0 0.144531 0.102857 0.0390625 0.0685714 0.917969
