0 0.170898 0.904762 0.046875 0.072381 0.250732
0 0.902832 0.0409524 0.0595703 0.0819048 0.257324
0 0.996582 0.177143 0.00683594 0.0685714 0.259277
0 0.99707 0.121905 0.00585938 0.0685714 0.26001
0 0.710938 0.796191 0.0351562 0.0380952 0.322266
0 0.824219 0.864762 0.0429688 0.0533333 0.416016
0 0.54248 0.877143 0.0439453 0.0819048 0.437744
0 0.820312 0.917143 0.0429688 0.0514286 0.454346
0 0.727051 0.84 0.0400391 0.0457143 0.472168
0 0.877441 0.901905 0.0341797 0.047619 0.594238
0 0.900391 0.857143 0.0390625 0.0533333 0.638184
0 0.813477 0.807619 0.0371094 0.0457143 0.660156
0 0.766602 0.797143 0.0390625 0.0438095 0.67334
0 0.943848 0.242857 0.0673828 0.0742857 0.70459
0 0.85791 0.82381 0.0419922 0.0514286 0.726074
0 0.928711 0.0247619 0.0410156 0.0495238 0.739746
0 0.92041 0.8 0.0419922 0.0609524 0.819824
0 0.836426 0.0342857 0.0439453 0.0685714 0.852051
0 0.87207 0.765714 0.0410156 0.0533333 0.878418
0 0.952148 0.12381 0.0371094 0.0495238 0.879395
0 0.953125 0.171429 0.0390625 0.0533333 0.883789
0 0.898438 0.16 0.0410156 0.0647619 0.893555
