0 0.974609 0.114286 0.046875 0.0571429 0.378662
0 0.774902 0.738095 0.0341797 0.0361905 0.414307
0 0.727051 0.84 0.0400391 0.0457143 0.419434
0 0.878906 0.902857 0.0371094 0.0495238 0.44165
0 0.232422 0.762857 0.0332031 0.0438095 0.470459
0 0.710938 0.796191 0.0351562 0.0380952 0.474365
0 0.265625 0.851429 0.0429688 0.0457143 0.488037
1 0.975586 0.114286 0.0488281 0.0571429 0.55127
0 0.900879 0.859048 0.0400391 0.0571429 0.592285
0 0.135742 0.905714 0.0429688 0.0666667 0.620117
0 0.316406 0.762857 0.03125 0.0361905 0.627441
0 0.980469 0.220952 0.0390625 0.0419048 0.638672
0 0.856934 0.82381 0.0419922 0.0514286 0.665039
0 0.541992 0.877143 0.0449219 0.0819048 0.689453
0 0.928223 0.0247619 0.0419922 0.0495238 0.705078
0 0.813965 0.806667 0.0361328 0.0438095 0.71875
0 0.766602 0.796191 0.0390625 0.0419048 0.738281
0 0.919434 0.798095 0.0419922 0.0571429 0.813965
0 0.95752 0.160952 0.0439453 0.0438095 0.823242
0 0.866211 0.159048 0.0625 0.108571 0.835938
0 0.130371 0.842857 0.0439453 0.0742857 0.861816
0 0.87207 0.764762 0.0410156 0.0514286 0.879883
0 0.876465 0.0876191 0.0400391 0.072381 0.884277
0 0.902344 0.0533333 0.0371094 0.0685714 0.892578
0 0.834961 0.0428571 0.0371094 0.0780952 0.897949
0 0.17041 0.0638095 0.0400391 0.0742857 0.90332
