0 0.541992 0.877143 0.0449219 0.0819048 0.252686
0 0.126953 0.841905 0.0332031 0.0609524 0.253662
0 0.816406 0.751429 0.0371094 0.0438095 0.291016
0 0.908203 0.047619 0.0703125 0.0952381 0.364014
0 0.820312 0.918095 0.0449219 0.0495238 0.408691
0 0.824219 0.864762 0.0429688 0.0533333 0.473877
0 0.775391 0.739048 0.0351562 0.0380952 0.540527
0 0.710938 0.796191 0.0351562 0.0380952 0.544434
0 0.727051 0.839048 0.0400391 0.0438095 0.553711
0 0.928711 0.0247619 0.0410156 0.0495238 0.595703
0 0.766113 0.797143 0.0400391 0.04 0.678711
0 0.900391 0.855238 0.0390625 0.0571429 0.695312
0 0.878418 0.901905 0.0341797 0.047619 0.695312
0 0.85791 0.822857 0.0419922 0.0533333 0.75293
0 0.919434 0.799048 0.0419922 0.0590476 0.764648
0 0.813965 0.806667 0.0361328 0.0438095 0.777344
0 0.963379 0.25619 0.0673828 0.0666667 0.818848
0 0.962402 0.132381 0.0380859 0.047619 0.84668
0 0.87207 0.764762 0.0410156 0.0514286 0.876465
0 0.972656 0.184762 0.0410156 0.0495238 0.886719
0 0.914062 0.178095 0.0410156 0.0590476 0.895996
0 0.854004 0.0542857 0.0458984 0.0819048 0.901367
