0 0.0737305 0.173333 0.0439453 0.0571429 0.34668
0 0.728516 0.839048 0.0390625 0.0438095 0.408447
0 0.0634766 0.148571 0.0429688 0.0457143 0.453125
0 0.540039 0.745714 0.03125 0.0361905 0.530762
0 0.918945 0.0514286 0.0449219 0.08 0.564453
0 0.928223 0.0247619 0.0419922 0.0495238 0.581055
0 0.542969 0.877143 0.0449219 0.0857143 0.611816
0 0.431641 0.744762 0.03125 0.0266667 0.625488
0 0.512695 0.960952 0.0410156 0.0780952 0.631836
0 0.710938 0.796191 0.0351562 0.0380952 0.638184
0 0.791992 0.798095 0.0488281 0.0495238 0.657715
0 0.212891 0.775238 0.0429688 0.0533333 0.800781
0 0.388184 0.807619 0.0439453 0.0380952 0.816895
0 0.979492 0.964762 0.0390625 0.0704762 0.842285
0 0.880371 0.906667 0.0458984 0.0647619 0.854492
0 0.788574 0.739048 0.0361328 0.0380952 0.856934
0 0.459961 0.833333 0.0410156 0.04 0.861816
0 0.874023 0.780952 0.0390625 0.0533333 0.864258
0 0.864746 0.830476 0.0380859 0.0533333 0.865234
0 0.287598 0.795238 0.0419922 0.0438095 0.867676
0 0.864746 0.104762 0.0439453 0.0838095 0.869141
0 0.356934 0.749524 0.0419922 0.04 0.870117
0 0.155273 0.888571 0.0410156 0.0666667 0.88623
0 0.91748 0.877143 0.0439453 0.0704762 0.896484
0 0.144043 0.0990476 0.0380859 0.0685714 0.898438
0 0.112793 0.864762 0.0380859 0.0685714 0.910645
0 0.966309 0.873333 0.0400391 0.0742857 0.910645
