0 0.256348 0.964762 0.0615234 0.0590476 0.252441
0 0.710938 0.796191 0.0351562 0.0380952 0.302002
0 0.54248 0.877143 0.0439453 0.0819048 0.31958
0 0.774902 0.737143 0.0322266 0.0342857 0.412354
0 0.819824 0.917143 0.0439453 0.0514286 0.421875
0 0.815918 0.751429 0.0380859 0.0438095 0.434082
0 0.316406 0.748571 0.0332031 0.0342857 0.443359
0 0.727051 0.84 0.0400391 0.0457143 0.473877
0 0.177246 0.0533333 0.0400391 0.08 0.494385
0 0.928223 0.0247619 0.0419922 0.0495238 0.524902
0 0.899902 0.175238 0.0419922 0.0609524 0.610352
0 0.40625 0.75619 0.03125 0.0342857 0.632812
0 0.148438 0.032381 0.0449219 0.0647619 0.654297
0 0.942383 0.821905 0.0410156 0.0628571 0.668457
0 0.0693359 0.0638095 0.0410156 0.0552381 0.685547
0 0.766602 0.796191 0.0390625 0.0457143 0.693848
0 0.143066 0.88 0.0439453 0.072381 0.722168
0 0.824707 0.86381 0.0439453 0.0514286 0.757324
0 0.813965 0.806667 0.0361328 0.0438095 0.76416
0 0.907227 0.86381 0.0371094 0.0590476 0.779297
0 0.241699 0.824762 0.0439453 0.0533333 0.782227
0 0.0791016 0.0857143 0.0449219 0.0609524 0.832031
0 0.88916 0.0952381 0.0419922 0.0761905 0.834961
0 0.901855 0.922857 0.0341797 0.0514286 0.837402
0 0.358398 0.842857 0.0410156 0.0438095 0.847656
0 0.862305 0.826667 0.0449219 0.0571429 0.853516
0 0.0991211 0.152381 0.0400391 0.0609524 0.872559
0 0.876465 0.768571 0.0419922 0.0552381 0.885742
0 0.228516 0.767619 0.0449219 0.0571429 0.888184
0 0.818359 0.0580952 0.0546875 0.11619 0.888184
