0 0.0400391 0.0895238 0.0410156 0.0419048 0.355713
0 0.149902 0.0238095 0.0419922 0.047619 0.410645
0 0.929688 0.0247619 0.0390625 0.0495238 0.515137
0 0.903809 0.0361905 0.0419922 0.072381 0.535156
0 0.904785 0.93619 0.0458984 0.0742857 0.56543
0 0.711426 0.796191 0.0361328 0.0380952 0.595703
0 0.542969 0.877143 0.0429688 0.0780952 0.609863
0 0.513184 0.961905 0.0400391 0.0761905 0.614258
0 0.24707 0.76 0.0449219 0.0495238 0.721191
0 0.456543 0.74381 0.0302734 0.0285714 0.75293
0 0.817383 0.807619 0.0527344 0.0571429 0.758789
0 0.416016 0.80381 0.0449219 0.0380952 0.813477
0 0.98584 0.920952 0.0283203 0.0857143 0.825195
0 0.811035 0.74 0.0361328 0.04 0.854004
0 0.884277 0.846667 0.0361328 0.0552381 0.858887
0 0.317383 0.796191 0.0390625 0.0380952 0.869141
0 0.111328 0.135238 0.0390625 0.0647619 0.871094
0 0.383301 0.749524 0.0419922 0.04 0.874512
0 0.845703 0.0571429 0.0390625 0.0876191 0.875488
0 0.187012 0.86 0.0419922 0.0666667 0.877441
0 0.903809 0.804762 0.0380859 0.0552381 0.87793
0 0.479004 0.831429 0.0400391 0.04 0.886719
0 0.147949 0.822857 0.0400391 0.0685714 0.898438
0 0.941406 0.910476 0.0449219 0.0761905 0.901855
