0 0.0390625 0.972381 0.0410156 0.0552381 0.273926
0 0.773926 0.850476 0.0439453 0.047619 0.315918
0 0.550781 0.740952 0.0332031 0.0304762 0.358887
0 0.0410156 0.0828571 0.046875 0.047619 0.38208
0 0.95166 0.199048 0.0458984 0.0552381 0.478027
0 0.928223 0.0247619 0.0400391 0.0495238 0.543945
0 0.012207 0.18381 0.0244141 0.047619 0.616211
0 0.512207 0.961905 0.0400391 0.0761905 0.687012
0 0.819824 0.918095 0.0439453 0.0533333 0.726074
0 0.67627 0.796191 0.0439453 0.0419048 0.76123
0 0.458984 0.802857 0.0429688 0.04 0.819336
0 0.261719 0.755238 0.0390625 0.0438095 0.822266
0 0.050293 0.10381 0.0478516 0.0552381 0.822754
0 0.359375 0.746667 0.0410156 0.0380952 0.831055
0 0.54248 0.87619 0.0419922 0.0761905 0.838867
0 0.760742 0.798095 0.0371094 0.0419048 0.844727
0 0.913574 0.874286 0.0439453 0.0647619 0.850586
0 0.117676 0.852381 0.0341797 0.0628571 0.851562
0 0.86084 0.889524 0.0439453 0.0571429 0.852539
0 0.509277 0.830476 0.0419922 0.0419048 0.853027
0 0.919434 0.802857 0.0380859 0.0590476 0.853516
0 0.462891 0.746667 0.0410156 0.0380952 0.874512
0 0.39502 0.796191 0.0400391 0.0380952 0.885742
0 0.964355 0.953333 0.0361328 0.0666667 0.88916
0 0.285156 0.809524 0.0390625 0.0457143 0.912598
