0 0.668945 0.87619 0.0410156 0.0380952 0.312988
0 0.0561523 0.0647619 0.0439453 0.0495238 0.31543
0 0.928223 0.0247619 0.0400391 0.0495238 0.351562
0 0.993164 0.941905 0.0136719 0.0704762 0.35791
0 0.964844 0.205714 0.0449219 0.0495238 0.406006
0 0.0126953 0.130476 0.0253906 0.0438095 0.449219
0 0.537109 0.741905 0.03125 0.032381 0.489746
0 0.111328 0.0904762 0.0449219 0.0742857 0.51123
0 0.818848 0.917143 0.0419922 0.0514286 0.671875
0 0.512207 0.961905 0.0400391 0.0761905 0.707031
0 0.102539 0.874286 0.0351562 0.0609524 0.782227
0 0.457031 0.80381 0.0429688 0.0419048 0.798828
0 0.34375 0.747619 0.0371094 0.0361905 0.823242
0 0.0668945 0.0942857 0.0458984 0.0590476 0.833984
0 0.507812 0.830476 0.0429688 0.0419048 0.84375
0 0.54248 0.87619 0.0419922 0.0761905 0.847168
0 0.902344 0.786667 0.0390625 0.0571429 0.852539
0 0.746094 0.797143 0.0371094 0.04 0.854004
0 0.670898 0.795238 0.0449219 0.0438095 0.85498
0 0.0209961 0.182857 0.0380859 0.0419048 0.85498
0 0.272461 0.812381 0.0390625 0.047619 0.874512
0 0.388184 0.795238 0.0400391 0.04 0.883789
0 0.452148 0.747619 0.0410156 0.04 0.884277
0 0.847168 0.88 0.0439453 0.0533333 0.886719
0 0.95166 0.931429 0.0341797 0.0647619 0.892578
0 0.898926 0.858095 0.0439453 0.0666667 0.892578
0 0.246094 0.760952 0.0390625 0.047619 0.897461
