0 0.929688 0.0238095 0.0371094 0.047619 0.339111
1 0.923828 0.115238 0.109375 0.12 0.344971
0 0.934082 0.975238 0.0361328 0.0495238 0.34668
0 0.100586 0.0314286 0.0488281 0.0628571 0.499512
0 0.494141 0.742857 0.03125 0.0304762 0.557617
0 0.665527 0.794286 0.0458984 0.0419048 0.562988
0 0.861816 0.828571 0.0439453 0.0571429 0.581055
0 0.0493164 0.952381 0.0576172 0.0838095 0.599609
0 0.0493164 0.148571 0.0439453 0.0457143 0.659668
0 0.805176 0.86 0.0419922 0.0514286 0.687012
0 0.512207 0.962857 0.0400391 0.0742857 0.727539
0 0.112305 0.0580952 0.0449219 0.0742857 0.773926
0 0.716797 0.795238 0.0371094 0.04 0.774414
0 0.29834 0.754286 0.0400391 0.0380952 0.789062
0 0.446289 0.80381 0.0449219 0.0419048 0.810059
0 0.0595703 0.169524 0.0390625 0.0495238 0.812988
0 0.85498 0.757143 0.0361328 0.047619 0.813477
0 0.980469 0.967619 0.0390625 0.0647619 0.818848
0 0.542969 0.877143 0.0429688 0.0780952 0.843262
0 0.952637 0.86381 0.0361328 0.0628571 0.858887
0 0.499512 0.831429 0.0419922 0.0438095 0.869141
0 0.355957 0.795238 0.0419922 0.04 0.878906
0 0.19873 0.78381 0.0400391 0.0552381 0.883301
0 0.23291 0.827619 0.0400391 0.0552381 0.893555
0 0.41748 0.749524 0.0400391 0.04 0.898438
0 0.91748 0.882857 0.0341797 0.0590476 0.911621
