0 0.0678711 0.137143 0.0380859 0.0419048 0.279541
0 0.887207 0.0247619 0.0439453 0.0495238 0.319336
0 0.845703 0.818095 0.046875 0.0590476 0.371094
0 0.712891 0.796191 0.0351562 0.0380952 0.401367
0 0.480469 0.74381 0.0292969 0.0285714 0.497803
0 0.931152 0.0247619 0.0361328 0.0495238 0.556152
0 0.794922 0.856191 0.0410156 0.047619 0.589844
0 0.0419922 0.964762 0.0410156 0.0666667 0.620117
0 0.512207 0.961905 0.0400391 0.0761905 0.693359
0 0.831055 0.0285714 0.0332031 0.0571429 0.695312
0 0.494141 0.831429 0.0429688 0.0438095 0.821777
0 0.0771484 0.161905 0.0390625 0.0571429 0.829102
0 0.125977 0.0447619 0.0488281 0.0780952 0.841797
0 0.4375 0.802857 0.0449219 0.04 0.842773
0 0.282715 0.752381 0.0400391 0.0419048 0.847168
0 0.935059 0.839048 0.0361328 0.0666667 0.849121
0 0.54248 0.877143 0.0419922 0.0742857 0.869629
0 0.34375 0.794286 0.0429688 0.0419048 0.878906
0 0.839844 0.749524 0.0351562 0.0438095 0.881348
0 0.182617 0.793333 0.0390625 0.0590476 0.881836
0 0.90625 0.868571 0.0351562 0.0533333 0.883301
0 0.406738 0.748571 0.0419922 0.0419048 0.887207
0 0.218262 0.83619 0.0400391 0.0571429 0.899902
0 0.96875 0.950476 0.0429688 0.08 0.901367
