0 0.0415039 0.971429 0.0400391 0.0571429 0.276123
0 0.668945 0.87619 0.0410156 0.0380952 0.276611
0 0.163086 0.768571 0.0371094 0.0514286 0.337891
0 0.881348 0.782857 0.0576172 0.072381 0.47876
0 0.932129 0.966667 0.0419922 0.0666667 0.50293
0 0.626465 0.802857 0.0380859 0.0514286 0.50293
0 0.928711 0.0247619 0.0410156 0.0495238 0.509277
0 0.62207 0.88 0.0410156 0.0419048 0.587402
0 0.575684 0.812381 0.0400391 0.0514286 0.605469
0 0.602539 0.741905 0.03125 0.032381 0.612793
0 0.172852 0.0466667 0.0429688 0.0819048 0.640137
0 0.512207 0.961905 0.0400391 0.0761905 0.73291
0 0.984375 0.167619 0.03125 0.0533333 0.768555
0 0.985352 0.909524 0.0292969 0.0857143 0.773438
0 0.920898 0.175238 0.046875 0.0647619 0.787598
0 0.458984 0.800952 0.0449219 0.04 0.810059
0 0.515137 0.829524 0.0419922 0.0438095 0.81543
0 0.107422 0.953333 0.0664062 0.0933333 0.816406
0 0.979004 0.23619 0.0400391 0.0495238 0.844238
0 0.542969 0.87619 0.0410156 0.0761905 0.855469
0 0.505859 0.745714 0.0410156 0.04 0.858887
0 0.722168 0.794286 0.0439453 0.0419048 0.861328
0 0.173828 0.787619 0.0351562 0.0552381 0.864746
0 0.418945 0.742857 0.0371094 0.0342857 0.867188
0 0.319824 0.746667 0.0361328 0.0380952 0.868652
0 0.325684 0.80381 0.0380859 0.0380952 0.871094
0 0.835938 0.88 0.0429688 0.0571429 0.872559
0 0.408203 0.796191 0.0410156 0.0380952 0.874512
0 0.828125 0.817143 0.0390625 0.0495238 0.879883
0 0.964844 0.94381 0.0449219 0.0819048 0.883789
0 0.0961914 0.895238 0.0400391 0.0761905 0.905273
