0 0.690918 0.74381 0.0322266 0.0361905 0.26416
0 0.865723 0.772381 0.0595703 0.0742857 0.324951
0 0.59082 0.742857 0.0292969 0.0304762 0.330811
0 0.668945 0.87619 0.0410156 0.0380952 0.544922
0 0.928711 0.0247619 0.0410156 0.0495238 0.54834
0 0.990723 0.171429 0.0185547 0.0457143 0.644531
0 0.575684 0.811429 0.0400391 0.0533333 0.650879
0 0.985352 0.24 0.0292969 0.0457143 0.734375
0 0.512695 0.961905 0.0390625 0.0761905 0.74707
0 0.925293 0.179048 0.0439453 0.0609524 0.772949
0 0.623047 0.80381 0.0390625 0.0571429 0.77832
0 0.912598 0.942857 0.0458984 0.0761905 0.779297
0 0.622559 0.88 0.0400391 0.0380952 0.789551
0 0.51416 0.829524 0.0419922 0.0438095 0.818848
0 0.458984 0.802857 0.0449219 0.04 0.832031
0 0.707031 0.794286 0.046875 0.0419048 0.851562
0 0.817871 0.870476 0.0439453 0.0571429 0.85498
0 0.495605 0.745714 0.0419922 0.04 0.85498
0 0.160156 0.800952 0.0351562 0.0590476 0.86377
0 0.542969 0.87619 0.0410156 0.0761905 0.875488
0 0.306152 0.748571 0.0361328 0.0380952 0.875488
0 0.404785 0.742857 0.0400391 0.0342857 0.880371
0 0.0825195 0.917143 0.0400391 0.0742857 0.883301
0 0.974121 0.874286 0.0400391 0.072381 0.884277
0 0.952637 0.924762 0.0439453 0.0742857 0.896973
0 0.316895 0.804762 0.0380859 0.04 0.898438
0 0.811523 0.809524 0.0371094 0.0457143 0.898926
0 0.406738 0.797143 0.0400391 0.04 0.898926
