1 0.865234 0.0504762 0.0703125 0.100952 0.286133
0 0.621582 0.88 0.0400391 0.0380952 0.389893
0 0.640137 0.795238 0.0400391 0.0514286 0.472168
0 0.928711 0.0247619 0.0410156 0.0495238 0.601562
0 0.512695 0.960952 0.0410156 0.0780952 0.676758
0 0.624512 0.739048 0.0341797 0.0342857 0.702148
0 0.908691 0.809524 0.0595703 0.0952381 0.77832
0 0.515625 0.828571 0.0410156 0.0419048 0.800781
0 0.965332 0.228571 0.0439453 0.0495238 0.816406
0 0.544434 0.873333 0.0419922 0.0780952 0.82666
0 0.871094 0.902857 0.0449219 0.0609524 0.833984
0 0.147461 0.0895238 0.0429688 0.0761905 0.838867
0 0.912598 0.168571 0.0458984 0.0666667 0.84375
0 0.202637 0.771429 0.0341797 0.0495238 0.845703
0 0.527344 0.744762 0.0410156 0.0380952 0.848633
0 0.338379 0.802857 0.0380859 0.04 0.857422
0 0.459473 0.801905 0.0439453 0.0419048 0.859375
0 0.346191 0.745714 0.0361328 0.0361905 0.862305
0 0.0698242 0.945714 0.0498047 0.0895238 0.864258
0 0.446777 0.742857 0.0400391 0.0342857 0.864746
0 0.964844 0.149524 0.0429688 0.0552381 0.869141
0 0.757812 0.797143 0.0429688 0.0438095 0.881836
0 0.122559 0.854286 0.0419922 0.0742857 0.88623
0 0.408203 0.796191 0.0410156 0.0380952 0.886719
0 0.140625 0.918095 0.0664062 0.114286 0.899414
0 0.862305 0.834286 0.0390625 0.0609524 0.90332
