0 0.682617 0.784762 0.0371094 0.0380952 0.488037
0 0.583984 0.807619 0.0371094 0.0457143 0.495361
0 0.961426 0.870476 0.0595703 0.0990476 0.533203
0 0.112305 0.947619 0.0410156 0.0666667 0.536621
0 0.512207 0.961905 0.0400391 0.0761905 0.610352
0 0.928223 0.0247619 0.0419922 0.0495238 0.65625
0 0.499023 0.740952 0.0429688 0.0342857 0.668457
0 0.0913086 0.147619 0.0439453 0.0628571 0.760254
0 0.256836 0.754286 0.0371094 0.0380952 0.780762
0 0.515625 0.831429 0.0429688 0.047619 0.783203
0 0.976562 0.159048 0.0449219 0.0628571 0.799805
0 0.458984 0.802857 0.0449219 0.0438095 0.811035
0 0.568359 0.74381 0.0410156 0.04 0.841797
0 0.835938 0.82381 0.046875 0.0590476 0.851562
0 0.547852 0.869524 0.0449219 0.0780952 0.858398
0 0.349609 0.802857 0.0390625 0.04 0.865723
0 0.408203 0.796191 0.0390625 0.0380952 0.869629
0 0.123047 0.866667 0.0507812 0.0876191 0.875977
0 0.911621 0.0885714 0.0439453 0.0742857 0.875977
0 0.397461 0.74381 0.0371094 0.0361905 0.880859
0 0.885254 0.135238 0.0439453 0.0761905 0.891113
0 0.178711 0.795238 0.0429688 0.0628571 0.896973
0 0.941895 0.215238 0.0439453 0.0571429 0.896973
0 0.932617 0.906667 0.0390625 0.0685714 0.910156
0 0.153809 0.0657143 0.0400391 0.0666667 0.913574
