0 0.99707 0.169524 0.00585938 0.0571429 0.297119
0 0.0732422 0.0904762 0.046875 0.0742857 0.320557
0 0.575195 0.812381 0.0390625 0.0514286 0.48584
0 0.621582 0.88 0.0400391 0.0419048 0.538574
0 0.647949 0.793333 0.0380859 0.047619 0.562988
0 0.512207 0.961905 0.0400391 0.0761905 0.631836
0 0.928711 0.0247619 0.0410156 0.0495238 0.735352
0 0.87793 0.846667 0.0410156 0.0590476 0.762207
0 0.516113 0.829524 0.0419922 0.0438095 0.766113
0 0.88916 0.917143 0.0439453 0.0628571 0.771484
0 0.459961 0.741905 0.0410156 0.032381 0.794922
0 0.921387 0.82 0.0654297 0.100952 0.804688
0 0.133789 0.106667 0.0449219 0.072381 0.819824
0 0.544922 0.872381 0.0429688 0.0761905 0.833984
0 0.216797 0.765714 0.0332031 0.0419048 0.836426
0 0.342773 0.80381 0.0371094 0.0380952 0.842285
0 0.459473 0.802857 0.0439453 0.04 0.844238
0 0.538086 0.744762 0.0410156 0.0380952 0.847656
0 0.776855 0.800952 0.0439453 0.047619 0.855469
0 0.359375 0.745714 0.0351562 0.0361905 0.86084
0 0.949707 0.135238 0.0439453 0.0571429 0.86377
0 0.157715 0.9 0.0693359 0.11619 0.868164
0 0.907715 0.162857 0.0458984 0.0666667 0.87793
0 0.407715 0.796191 0.0400391 0.0380952 0.885254
0 0.13623 0.838095 0.0419922 0.072381 0.89209
0 0.0825195 0.926667 0.0498047 0.0895238 0.89502
0 0.960938 0.225714 0.0429688 0.0514286 0.896484
