0 0.0107422 0.118095 0.0214844 0.0380952 0.259521
0 0.0117188 0.141905 0.0234375 0.0438095 0.277832
0 0.268066 0.829524 0.0673828 0.0742857 0.282715
0 0.621582 0.880952 0.0400391 0.04 0.337158
0 0.134766 0.0704762 0.0410156 0.0685714 0.480225
0 0.651367 0.792381 0.0390625 0.0380952 0.51123
0 0.927246 0.0247619 0.0439453 0.0495238 0.536621
0 0.0668945 0.101905 0.0380859 0.0438095 0.569336
1 0.268066 0.828571 0.0654297 0.072381 0.577148
0 0.742676 0.738095 0.0341797 0.04 0.579102
0 0.581055 0.842857 0.0429688 0.0552381 0.740723
0 0.564453 0.740952 0.0390625 0.0342857 0.742676
0 0.875977 0.0304762 0.0410156 0.0609524 0.754395
0 0.347656 0.745714 0.0351562 0.032381 0.796875
0 0.791504 0.778095 0.0380859 0.04 0.802734
0 0.0683594 0.931429 0.0371094 0.072381 0.813477
0 0.115723 0.926667 0.0419922 0.0742857 0.818359
0 0.53418 0.826667 0.0410156 0.0457143 0.820801
0 0.625 0.741905 0.0429688 0.04 0.842285
0 0.0756836 0.125714 0.0380859 0.0457143 0.84375
0 0.883301 0.798095 0.0419922 0.0571429 0.850098
0 0.463867 0.801905 0.0449219 0.0380952 0.858398
0 0.521484 0.947619 0.0390625 0.0819048 0.860352
0 0.475586 0.740952 0.0371094 0.0342857 0.869629
0 0.40918 0.796191 0.0410156 0.0380952 0.881348
0 0.208984 0.795238 0.0507812 0.0666667 0.885254
0 0.269043 0.760952 0.0400391 0.04 0.898438
0 0.352539 0.801905 0.0390625 0.0419048 0.898438
0 0.878418 0.149524 0.0439453 0.0742857 0.908203
0 0.831543 0.0361905 0.0419922 0.072381 0.908203
0 0.921875 0.0980952 0.0507812 0.0819048 0.918945
0 0.94043 0.922857 0.046875 0.0780952 0.941895
