0 0.174805 0.771429 0.046875 0.0647619 0.284424
0 0.708496 0.789524 0.0478516 0.0438095 0.320557
0 0.0380859 0.112381 0.0371094 0.0457143 0.3396
0 0.802734 0.746667 0.03125 0.0304762 0.414551
0 0.668945 0.877143 0.0410156 0.0361905 0.478271
0 0.944824 0.860952 0.0341797 0.0609524 0.509277
1 0.285156 0.828571 0.0644531 0.0647619 0.650879
0 0.184082 0.788571 0.0419922 0.0609524 0.665039
0 0.927246 0.0257143 0.0439453 0.0514286 0.676758
0 0.621582 0.88 0.0419922 0.0419048 0.69043
0 0.871094 0.796191 0.0410156 0.0457143 0.700684
0 0.329102 0.872381 0.0332031 0.0304762 0.714844
0 0.675781 0.741905 0.0410156 0.04 0.76709
0 0.165527 0.869524 0.0439453 0.0666667 0.791504
0 0.256348 0.77619 0.0615234 0.0628571 0.831543
0 0.490234 0.801905 0.0449219 0.0380952 0.833984
0 0.571289 0.821905 0.0410156 0.04 0.836914
0 0.0463867 0.138095 0.0380859 0.047619 0.844238
0 0.631836 0.824762 0.0429688 0.0457143 0.849121
0 0.407227 0.744762 0.03125 0.0342857 0.85791
0 0.184082 0.0390476 0.0419922 0.0780952 0.869141
0 0.325684 0.755238 0.0400391 0.04 0.87207
0 0.524414 0.74 0.0371094 0.0361905 0.876953
0 0.42041 0.796191 0.0419922 0.0380952 0.878418
0 0.116211 0.861905 0.0371094 0.0666667 0.879395
0 0.353027 0.80381 0.0380859 0.0380952 0.881348
0 0.532227 0.925714 0.0410156 0.08 0.888672
0 0.892578 0.0457143 0.046875 0.0914286 0.907715
0 0.829102 0.0552381 0.0410156 0.0838095 0.936035
