0 0.772949 0.740952 0.0322266 0.0342857 0.270264
0 0.585938 0.740952 0.0371094 0.0342857 0.286865
0 0.280762 0.824762 0.0634766 0.0647619 0.300049
1 0.280273 0.826667 0.0664062 0.0685714 0.509277
0 0.928223 0.0247619 0.0419922 0.0495238 0.624023
0 0.621582 0.88 0.0400391 0.0419048 0.624512
0 0.114258 0.0885714 0.0429688 0.0666667 0.632812
0 0.154785 0.809524 0.0400391 0.0647619 0.721191
0 0.648926 0.742857 0.0419922 0.0380952 0.735352
0 0.0913086 0.898095 0.0380859 0.0704762 0.813965
0 0.0610352 0.132381 0.0380859 0.0438095 0.81543
0 0.908691 0.822857 0.0498047 0.0685714 0.821289
0 0.97168 0.964762 0.0488281 0.0704762 0.82959
0 0.550781 0.824762 0.0429688 0.0419048 0.838867
0 0.604004 0.832381 0.0439453 0.0495238 0.839844
0 0.474609 0.801905 0.0429688 0.0380952 0.841309
0 0.140625 0.894286 0.0429688 0.0666667 0.849609
0 0.526367 0.934286 0.0410156 0.0819048 0.851074
0 0.235352 0.782857 0.0507812 0.0647619 0.855957
0 0.832031 0.78381 0.0351562 0.04 0.856445
0 0.500977 0.740952 0.0371094 0.0342857 0.858887
0 0.378418 0.746667 0.0322266 0.0342857 0.870605
0 0.412598 0.796191 0.0400391 0.0380952 0.876953
0 0.353027 0.802857 0.0380859 0.04 0.885742
0 0.297852 0.757143 0.0410156 0.04 0.885742
0 0.854004 0.107619 0.0419922 0.0819048 0.908203
0 0.910156 0.0790476 0.0507812 0.0895238 0.927246
