0 0.621582 0.880952 0.0400391 0.04 0.278809
0 0.141602 0.824762 0.0371094 0.0647619 0.300537
0 0.668457 0.877143 0.0400391 0.0361905 0.349609
1 0.274902 0.827619 0.0673828 0.0704762 0.418945
0 0.572754 0.742857 0.0341797 0.0304762 0.480225
0 0.0595703 0.104762 0.0371094 0.0419048 0.491943
0 0.822754 0.0228571 0.0341797 0.0457143 0.629395
0 0.66748 0.791429 0.0380859 0.04 0.656738
0 0.870117 0.0209524 0.0292969 0.0419048 0.683594
0 0.928223 0.0247619 0.0419922 0.0495238 0.736816
0 0.125 0.0809524 0.0390625 0.0628571 0.738281
0 0.636719 0.742857 0.0410156 0.0380952 0.758789
0 0.901367 0.812381 0.0371094 0.0590476 0.776855
0 0.592285 0.837143 0.0439453 0.0552381 0.837402
0 0.541504 0.825714 0.0419922 0.0438095 0.843262
0 0.363281 0.746667 0.03125 0.0342857 0.848145
0 0.468262 0.802857 0.0439453 0.04 0.85498
0 0.811523 0.78 0.0371094 0.04 0.865234
0 0.523926 0.94 0.0400391 0.0819048 0.865723
0 0.488281 0.741905 0.0371094 0.0361905 0.867188
0 0.0795898 0.915238 0.0380859 0.0704762 0.870605
0 0.410645 0.796191 0.0400391 0.0380952 0.870605
0 0.0688477 0.129524 0.0380859 0.0457143 0.873047
0 0.223145 0.788571 0.0478516 0.0647619 0.883789
0 0.283203 0.759048 0.0410156 0.04 0.893066
0 0.128906 0.910476 0.0410156 0.0685714 0.893555
0 0.353027 0.802857 0.0380859 0.04 0.902832
0 0.917969 0.0904762 0.0507812 0.0857143 0.904785
0 0.865723 0.129524 0.0419922 0.0761905 0.914551
0 0.958008 0.947619 0.0488281 0.0819048 0.921875
