0 0.850586 0.789524 0.0390625 0.0361905 0.297119
0 0.194824 0.0266667 0.0380859 0.0533333 0.305176
0 0.10498 0.0914286 0.0439453 0.072381 0.371826
0 0.0444336 0.109524 0.0380859 0.04 0.395508
0 0.929688 0.842857 0.0332031 0.0590476 0.423584
0 0.622559 0.88 0.0400391 0.0419048 0.433594
0 0.301758 0.875238 0.0332031 0.032381 0.536621
1 0.282715 0.827619 0.0654297 0.0628571 0.572754
0 0.927246 0.0257143 0.0439453 0.0514286 0.590332
0 0.617676 0.827619 0.0439453 0.047619 0.644043
0 0.167969 0.795238 0.0390625 0.0666667 0.648926
0 0.662109 0.740952 0.0429688 0.0419048 0.67334
0 0.0532227 0.134286 0.0380859 0.0438095 0.779785
0 0.481445 0.800952 0.0449219 0.04 0.791016
0 0.560059 0.82381 0.0419922 0.04 0.830078
0 0.249512 0.778095 0.0498047 0.0628571 0.835938
0 0.512695 0.740952 0.0371094 0.0342857 0.855469
0 0.415527 0.797143 0.0400391 0.0361905 0.86084
0 0.392578 0.744762 0.03125 0.0342857 0.862305
0 0.353027 0.802857 0.0380859 0.04 0.874512
0 0.528809 0.929524 0.0419922 0.08 0.878418
0 0.152832 0.880952 0.0439453 0.0666667 0.878418
0 0.311523 0.75619 0.0410156 0.0380952 0.878418
0 0.901367 0.0628571 0.046875 0.0914286 0.882812
0 0.103027 0.879048 0.0380859 0.0666667 0.894531
0 0.840332 0.0838095 0.0419922 0.0838095 0.913086
