0 0.0146484 0.139048 0.0292969 0.0495238 0.256592
0 0.668457 0.87619 0.0400391 0.0380952 0.369873
1 0.26123 0.832381 0.0673828 0.08 0.370361
0 0.621582 0.88 0.0400391 0.0380952 0.386475
0 0.771973 0.775238 0.0361328 0.0380952 0.388428
0 0.116211 0.856191 0.0371094 0.0704762 0.422363
0 0.730469 0.739048 0.0351562 0.0380952 0.424316
0 0.0253906 0.185714 0.0449219 0.047619 0.452393
0 0.636719 0.794286 0.0390625 0.0342857 0.454834
0 0.261719 0.831429 0.0664062 0.0780952 0.615234
0 0.100586 0.946667 0.0449219 0.08 0.629395
0 0.928223 0.0247619 0.0419922 0.0495238 0.688965
0 0.556152 0.742857 0.0380859 0.0342857 0.730469
0 0.573242 0.848571 0.0449219 0.0628571 0.808105
0 0.147949 0.0561905 0.0419922 0.0704762 0.814941
0 0.518066 0.954286 0.0400391 0.0838095 0.816895
0 0.52832 0.827619 0.0410156 0.0438095 0.822754
0 0.614258 0.742857 0.0410156 0.0380952 0.82373
0 0.460938 0.801905 0.0429688 0.0380952 0.82959
0 0.195312 0.802857 0.0507812 0.0704762 0.836914
0 0.333496 0.746667 0.0322266 0.0342857 0.837402
0 0.0478516 0.953333 0.0585938 0.0933333 0.838867
0 0.462891 0.741905 0.0390625 0.0361905 0.865723
0 0.882812 0.0390476 0.0429688 0.0780952 0.876953
0 0.253906 0.76381 0.0410156 0.0419048 0.879395
0 0.891113 0.166667 0.0439453 0.0704762 0.885254
0 0.408691 0.796191 0.0419922 0.0380952 0.886719
0 0.0864258 0.119048 0.0380859 0.0514286 0.891602
0 0.927246 0.104762 0.0498047 0.08 0.896973
0 0.353516 0.802857 0.0390625 0.04 0.899414
0 0.924316 0.900952 0.0478516 0.0761905 0.907715
0 0.841309 0.0504762 0.0419922 0.0857143 0.949219
