0 0.0180664 0.129524 0.0361328 0.0495238 0.271729
1 0.230469 0.840952 0.0703125 0.0895238 0.589355
0 0.0532227 0.144762 0.0498047 0.0533333 0.608887
0 0.928223 0.0247619 0.0419922 0.0495238 0.624023
0 0.512695 0.961905 0.0410156 0.0761905 0.646484
0 0.0639648 0.166667 0.0458984 0.0552381 0.650879
0 0.146484 0.917143 0.0390625 0.0552381 0.707031
0 0.598145 0.801905 0.0380859 0.0419048 0.745605
0 0.717285 0.780952 0.0361328 0.0380952 0.75
0 0.523438 0.741905 0.0390625 0.032381 0.760254
0 0.519531 0.830476 0.0429688 0.0457143 0.761719
0 0.458496 0.802857 0.0439453 0.04 0.788574
0 0.874023 0.849524 0.046875 0.0609524 0.818359
0 0.586426 0.742857 0.0419922 0.0380952 0.837402
0 0.289062 0.750476 0.0332031 0.0380952 0.849121
0 0.553711 0.862857 0.0449219 0.072381 0.85498
0 0.424316 0.74381 0.0361328 0.0361905 0.858398
0 0.897949 0.0657143 0.0419922 0.0742857 0.876465
0 0.407715 0.796191 0.0419922 0.0380952 0.87793
0 0.925781 0.201905 0.0429688 0.0609524 0.880371
0 0.351562 0.802857 0.0390625 0.04 0.882324
0 0.208496 0.77619 0.0419922 0.0552381 0.888672
0 0.967773 0.962857 0.0390625 0.0704762 0.891602
0 0.151855 0.83619 0.0517578 0.08 0.89502
0 0.953125 0.134286 0.0507812 0.0704762 0.896973
0 0.124023 0.0942857 0.0390625 0.0590476 0.90332
0 0.867188 0.104762 0.0429688 0.08 0.923828
