0 0.0878906 0.964762 0.0429688 0.0704762 0.259521
0 0.0175781 0.132381 0.0351562 0.047619 0.307129
0 0.62207 0.88 0.0410156 0.0380952 0.400391
1 0.25293 0.832381 0.0683594 0.08 0.4646
0 0.0424805 0.960952 0.0458984 0.0780952 0.513184
0 0.25293 0.833333 0.0683594 0.0819048 0.513672
0 0.56543 0.854286 0.0449219 0.0666667 0.62207
0 0.0385742 0.181905 0.0458984 0.0514286 0.69873
0 0.544922 0.740952 0.0390625 0.0342857 0.718262
0 0.620605 0.796191 0.0380859 0.0380952 0.723145
0 0.928223 0.0247619 0.0419922 0.0495238 0.736816
0 0.458496 0.802857 0.0458984 0.04 0.738281
0 0.515137 0.959048 0.0380859 0.0819048 0.788574
0 0.524902 0.828571 0.0419922 0.0457143 0.800293
0 0.159668 0.0409524 0.0380859 0.0628571 0.810059
0 0.450195 0.742857 0.0371094 0.0380952 0.849609
0 0.318848 0.748571 0.0322266 0.0342857 0.863281
0 0.238281 0.766667 0.0410156 0.047619 0.86377
0 0.180664 0.812381 0.0527344 0.0742857 0.869141
0 0.407715 0.796191 0.0400391 0.0380952 0.881348
0 0.604492 0.742857 0.0410156 0.0380952 0.882324
0 0.0976562 0.114286 0.0390625 0.0533333 0.884277
0 0.888184 0.0485714 0.0419922 0.0780952 0.885254
0 0.353027 0.80381 0.0380859 0.0380952 0.886719
0 0.904785 0.180952 0.0439453 0.0647619 0.897461
0 0.933594 0.111429 0.0507812 0.0780952 0.898926
0 0.908691 0.881905 0.0478516 0.072381 0.899902
0 0.850098 0.0685714 0.0419922 0.0876191 0.910156
