0 0.283691 0.789524 0.0302734 0.032381 0.259033
0 0.0986328 0.939048 0.0410156 0.072381 0.312012
0 0.62207 0.879048 0.0410156 0.04 0.413086
0 0.800781 0.804762 0.0527344 0.0628571 0.418457
0 0.493652 0.946667 0.0302734 0.0838095 0.462891
0 0.668945 0.878095 0.0410156 0.0380952 0.532227
1 0.297852 0.824762 0.0683594 0.0647619 0.55957
0 0.00878906 0.140952 0.0175781 0.0419048 0.561523
0 0.704102 0.817143 0.0449219 0.0457143 0.603516
0 0.200684 0.842857 0.0439453 0.0628571 0.650879
0 0.951172 0.853333 0.0390625 0.0609524 0.711914
0 0.928711 0.0247619 0.0410156 0.0495238 0.722656
0 0.254395 0.749524 0.0380859 0.04 0.800781
0 0.53125 0.799048 0.046875 0.04 0.814941
0 0.754395 0.74 0.0400391 0.04 0.826172
0 0.461914 0.857143 0.0371094 0.0380952 0.830566
0 0.476074 0.742857 0.0341797 0.0342857 0.835938
0 0.880371 0.786667 0.0361328 0.0495238 0.839355
0 0.636719 0.819048 0.0410156 0.0419048 0.845215
0 0.330078 0.761905 0.0449219 0.0457143 0.852539
0 0.459961 0.798095 0.0410156 0.0380952 0.865723
0 0.580566 0.74 0.0361328 0.0361905 0.876465
0 0.394531 0.753333 0.0390625 0.04 0.881836
0 0.142578 0.107619 0.0429688 0.0742857 0.883301
0 0.376465 0.800952 0.0380859 0.04 0.888672
0 0.181641 0.796191 0.0390625 0.0609524 0.891113
0 0.547363 0.898095 0.0419922 0.0780952 0.892578
