0 0.0942383 0.92 0.0322266 0.0571429 0.306885
0 0.789551 0.822857 0.0419922 0.0457143 0.3396
0 0.668945 0.878095 0.0410156 0.0380952 0.411377
0 0.0869141 0.898095 0.0371094 0.0704762 0.452881
0 0.502441 0.919048 0.0322266 0.0819048 0.456543
0 0.705078 0.82381 0.0429688 0.0438095 0.467773
0 0.568359 0.866667 0.0449219 0.0685714 0.501465
0 0.160645 0.819048 0.0361328 0.0609524 0.561523
0 0.62207 0.88 0.0410156 0.0419048 0.643555
0 0.951172 0.864762 0.03125 0.0609524 0.647461
0 0.0273438 0.138095 0.0429688 0.047619 0.648926
1 0.324707 0.820952 0.0732422 0.072381 0.69873
0 0.319824 0.745714 0.0361328 0.0361905 0.71875
0 0.587891 0.798095 0.0429688 0.0380952 0.765625
0 0.928711 0.0247619 0.0410156 0.0495238 0.772949
0 0.158203 0.862857 0.0390625 0.0647619 0.782227
0 0.220703 0.829524 0.0410156 0.0552381 0.796387
0 0.904297 0.878095 0.0390625 0.0609524 0.802734
0 0.522949 0.851429 0.0361328 0.0342857 0.819824
0 0.130859 0.94381 0.0390625 0.0628571 0.831543
0 0.38916 0.755238 0.0458984 0.0438095 0.84375
0 0.54541 0.741905 0.0322266 0.032381 0.858887
0 0.633789 0.739048 0.0371094 0.0380952 0.867188
0 0.117188 0.134286 0.0449219 0.0666667 0.885254
0 0.505859 0.797143 0.0410156 0.04 0.887695
0 0.462402 0.750476 0.0400391 0.0380952 0.887695
0 0.24707 0.758095 0.0390625 0.0457143 0.892578
0 0.17041 0.06 0.0380859 0.0742857 0.898438
0 0.419434 0.799048 0.0380859 0.04 0.902832
