0 0.305664 0.824762 0.0644531 0.0647619 0.278076
0 0.122559 0.861905 0.0341797 0.0666667 0.337891
0 0.928223 0.0247619 0.0419922 0.0495238 0.530762
0 0.0473633 0.950476 0.0576172 0.0876191 0.53418
0 0.668945 0.878095 0.0410156 0.0380952 0.546875
0 0.737793 0.819048 0.0419922 0.0457143 0.549805
0 0.621582 0.88 0.0400391 0.0419048 0.642578
0 0.839844 0.821905 0.0585938 0.0742857 0.680176
0 0.978516 0.889524 0.0390625 0.0685714 0.730469
0 0.127441 0.9 0.0380859 0.0666667 0.75293
0 0.555176 0.885714 0.0419922 0.0761905 0.772461
0 0.789062 0.742857 0.0410156 0.0419048 0.772949
0 0.908203 0.811429 0.0390625 0.0571429 0.782227
1 0.305664 0.824762 0.0664062 0.0647619 0.800293
0 0.497559 0.933333 0.0322266 0.0838095 0.800781
0 0.496094 0.853333 0.0351562 0.0342857 0.80127
0 0.353516 0.759048 0.046875 0.047619 0.818848
0 0.549316 0.799048 0.0439453 0.04 0.836914
0 0.602051 0.74 0.0361328 0.0361905 0.844727
0 0.283203 0.747619 0.0410156 0.0361905 0.863281
0 0.662109 0.820952 0.0410156 0.0380952 0.864258
0 0.209473 0.832381 0.0419922 0.0571429 0.87207
0 0.503418 0.741905 0.0341797 0.032381 0.875977
0 0.478027 0.797143 0.0400391 0.04 0.881836
0 0.421875 0.750476 0.0390625 0.0380952 0.889648
0 0.20752 0.777143 0.0380859 0.0533333 0.894043
0 0.392578 0.8 0.0371094 0.0380952 0.899902
0 0.187988 0.0342857 0.0380859 0.0685714 0.905273
0 0.134766 0.11619 0.0449219 0.0761905 0.915527
