0 0.488281 0.966667 0.0273438 0.0666667 0.283936
0 0.668945 0.878095 0.0410156 0.0380952 0.29541
0 0.971191 0.898095 0.0322266 0.0628571 0.300537
0 0.621582 0.88 0.0400391 0.0380952 0.32666
0 0.705566 0.74 0.0419922 0.04 0.414307
0 0.874023 0.0238095 0.0371094 0.047619 0.524414
0 0.212402 0.768571 0.0400391 0.0552381 0.581055
0 0.928223 0.0257143 0.0419922 0.0514286 0.605469
1 0.290527 0.827619 0.0654297 0.0666667 0.615234
0 0.902832 0.815238 0.0419922 0.0533333 0.675293
0 0.182617 0.857143 0.0449219 0.072381 0.754395
0 0.386719 0.866667 0.0332031 0.0342857 0.769043
0 0.536621 0.914286 0.0419922 0.08 0.774902
0 0.659668 0.820952 0.0419922 0.0419048 0.793457
0 0.287598 0.767619 0.0517578 0.0571429 0.807617
0 0.506348 0.801905 0.0439453 0.0419048 0.824707
0 0.598633 0.820952 0.0410156 0.0419048 0.84668
0 0.435547 0.744762 0.0332031 0.0342857 0.847168
0 0.142578 0.830476 0.0390625 0.0685714 0.859375
0 0.547852 0.740952 0.0371094 0.0342857 0.859863
0 0.359863 0.802857 0.0380859 0.04 0.868652
0 0.354004 0.754286 0.0380859 0.0380952 0.871094
0 0.165039 0.0733333 0.0429688 0.0819048 0.87207
0 0.0273438 0.140952 0.0351562 0.0380952 0.873047
0 0.430664 0.797143 0.0410156 0.04 0.887207
