0 0.185059 0.850476 0.0439453 0.0628571 0.433838
0 0.0874023 0.120952 0.0419922 0.0590476 0.454834
0 0.621582 0.880952 0.0400391 0.04 0.472168
0 0.19043 0.867619 0.0429688 0.0552381 0.486084
0 0.090332 0.965714 0.0419922 0.0685714 0.546387
0 0.928711 0.0247619 0.0410156 0.0495238 0.550293
0 0.820312 0.753333 0.0429688 0.0514286 0.557617
0 0.987305 0.937143 0.0253906 0.0761905 0.57666
0 0.600586 0.844762 0.0449219 0.0590476 0.683105
1 0.356934 0.819048 0.0693359 0.0609524 0.72998
0 0.17627 0.825714 0.0517578 0.0666667 0.732422
0 0.211914 0.775238 0.0292969 0.0457143 0.751465
0 0.368164 0.74381 0.0390625 0.032381 0.760742
0 0.065918 0.93619 0.0458984 0.0857143 0.763184
0 0.762207 0.833333 0.0439453 0.0552381 0.77002
0 0.199707 0.889524 0.0400391 0.0609524 0.771484
0 0.969727 0.966667 0.0390625 0.0666667 0.796387
0 0.550293 0.845714 0.0341797 0.0380952 0.799316
0 0.513672 0.899048 0.0390625 0.0838095 0.818359
0 0.593262 0.740952 0.0322266 0.0304762 0.822266
0 0.855469 0.852381 0.0429688 0.0552381 0.830566
0 0.255859 0.814286 0.0449219 0.0514286 0.830566
0 0.901367 0.794286 0.0449219 0.0647619 0.833008
0 0.435059 0.753333 0.0458984 0.0438095 0.837891
0 0.0244141 0.138095 0.046875 0.0552381 0.842285
0 0.657715 0.798095 0.0439453 0.0419048 0.859863
0 0.543945 0.795238 0.0410156 0.04 0.87793
0 0.681641 0.739048 0.0371094 0.0380952 0.878418
0 0.453125 0.798095 0.0371094 0.0419048 0.879883
0 0.30127 0.749524 0.0361328 0.04 0.881348
0 0.513672 0.749524 0.0390625 0.04 0.882812
0 0.0976562 0.148571 0.0449219 0.0647619 0.889648
0 0.155273 0.0876191 0.0410156 0.0761905 0.891113
