0 0.819336 0.917143 0.0449219 0.0514286 0.425781
0 0.0874023 0.122857 0.0439453 0.0552381 0.478271
0 0.928711 0.0247619 0.0390625 0.0495238 0.499512
0 0.411621 0.74 0.0380859 0.032381 0.51123
0 0.218262 0.820952 0.0361328 0.0495238 0.546387
1 0.385254 0.815238 0.0654297 0.0571429 0.707031
0 0.173828 0.777143 0.0449219 0.0647619 0.708496
0 0.621582 0.88 0.0400391 0.0419048 0.725098
0 0.668457 0.878095 0.0400391 0.0380952 0.736328
0 0.260742 0.758095 0.0273438 0.0380952 0.742676
0 0.602051 0.83619 0.0380859 0.0342857 0.77832
0 0.529297 0.880952 0.0429688 0.0742857 0.786133
0 0.645508 0.741905 0.0332031 0.0361905 0.794434
0 0.828125 0.860952 0.0429688 0.0571429 0.803711
0 0.301758 0.810476 0.0390625 0.04 0.816895
0 0.882812 0.792381 0.0410156 0.0609524 0.829102
0 0.598633 0.791429 0.0410156 0.04 0.845215
0 0.479492 0.750476 0.0449219 0.0457143 0.85791
0 0.351074 0.744762 0.0361328 0.0342857 0.859375
0 0.912598 0.902857 0.0419922 0.0647619 0.859863
0 0.657715 0.830476 0.0400391 0.0380952 0.86084
0 0.148926 0.902857 0.0400391 0.0609524 0.869629
0 0.732422 0.798095 0.0429688 0.0457143 0.872559
0 0.490723 0.797143 0.0380859 0.04 0.880859
0 0.743652 0.737143 0.0380859 0.0380952 0.882324
0 0.556641 0.748571 0.0390625 0.0380952 0.893066
0 0.0966797 0.148571 0.0429688 0.0609524 0.893066
0 0.266602 0.864762 0.0371094 0.0419048 0.89502
0 0.145508 0.100952 0.0390625 0.0685714 0.897949
0 0.953613 0.856191 0.0439453 0.0742857 0.924316
0 0.10791 0.869524 0.0380859 0.0704762 0.926758
