0 0.0791016 0.974286 0.0410156 0.0514286 0.253418
0 0.0185547 0.129524 0.0371094 0.0495238 0.395508
0 0.929688 0.0247619 0.0371094 0.0495238 0.530762
0 0.818848 0.917143 0.0419922 0.0514286 0.536621
0 0.0864258 0.12381 0.0439453 0.0571429 0.569336
0 0.272461 0.755238 0.0273438 0.0361905 0.594238
1 0.393066 0.81619 0.0634766 0.0628571 0.728027
0 0.668945 0.87619 0.0410156 0.0380952 0.749512
0 0.618652 0.837143 0.0361328 0.0361905 0.766113
0 0.748535 0.796191 0.0458984 0.0457143 0.804199
0 0.166992 0.888571 0.0390625 0.0552381 0.805664
0 0.422363 0.740952 0.0400391 0.0342857 0.806152
0 0.307617 0.809524 0.0390625 0.0380952 0.812988
0 0.621582 0.880952 0.0400391 0.04 0.822266
0 0.675781 0.826667 0.0410156 0.0380952 0.833008
0 0.659668 0.740952 0.0322266 0.0342857 0.834473
0 0.361816 0.744762 0.0361328 0.0342857 0.847656
0 0.61377 0.789524 0.0419922 0.04 0.849609
0 0.895996 0.80381 0.0458984 0.0609524 0.850098
0 0.535645 0.873333 0.0439453 0.0666667 0.852539
0 0.285645 0.862857 0.0361328 0.0380952 0.853027
0 0.925293 0.914286 0.0419922 0.072381 0.856445
0 0.489746 0.749524 0.0458984 0.0438095 0.869141
0 0.500977 0.797143 0.0371094 0.04 0.87207
0 0.761719 0.737143 0.0371094 0.0380952 0.887207
0 0.117188 0.855238 0.0390625 0.072381 0.888184
0 0.566406 0.748571 0.0390625 0.0380952 0.888672
0 0.0966797 0.149524 0.0429688 0.0628571 0.890137
0 0.144531 0.102857 0.0390625 0.0685714 0.905762
0 0.844238 0.870476 0.0419922 0.0571429 0.908691
0 0.964844 0.872381 0.0429688 0.0761905 0.921387
