0 0.714844 0.811429 0.0429688 0.0342857 0.298828
0 0.98877 0.950476 0.0224609 0.0761905 0.302246
0 0.191895 0.805714 0.0361328 0.0495238 0.313721
0 0.0957031 0.150476 0.046875 0.0685714 0.399658
0 0.928223 0.0247619 0.0400391 0.0495238 0.437256
0 0.668945 0.878095 0.0410156 0.0380952 0.502441
0 0.716797 0.824762 0.0429688 0.0380952 0.515137
0 0.30957 0.741905 0.0390625 0.0361905 0.536621
0 0.416504 0.851429 0.0361328 0.0304762 0.629395
0 0.621582 0.88 0.0400391 0.0380952 0.657715
1 0.498535 0.811429 0.0654297 0.0571429 0.754883
0 0.794922 0.84 0.0546875 0.0609524 0.765625
0 0.365234 0.754286 0.0273438 0.0304762 0.771484
0 0.785645 0.785714 0.0498047 0.0552381 0.796875
0 0.584473 0.745714 0.0478516 0.0438095 0.804199
0 0.119629 0.925714 0.0361328 0.0609524 0.806152
0 0.377441 0.807619 0.0380859 0.0380952 0.82373
0 0.622559 0.792381 0.0380859 0.0380952 0.847168
0 0.82666 0.745714 0.0322266 0.0361905 0.848145
0 0.865723 0.853333 0.0400391 0.0495238 0.854492
0 0.146973 0.817143 0.0341797 0.0571429 0.856445
0 0.292969 0.807619 0.0390625 0.0380952 0.856445
0 0.447754 0.742857 0.0361328 0.0342857 0.858887
0 0.670898 0.746667 0.0390625 0.0419048 0.862305
0 0.551758 0.849524 0.0371094 0.0380952 0.879395
0 0.9375 0.913333 0.0449219 0.0780952 0.884277
0 0.144043 0.10381 0.0400391 0.0704762 0.891113
0 0.231934 0.761905 0.0380859 0.0457143 0.894531
0 0.19873 0.855238 0.0458984 0.0609524 0.897461
0 0.927734 0.827619 0.0390625 0.0666667 0.925781
