0 0.732422 0.827619 0.0429688 0.0438095 0.335938
0 0.929688 0.0247619 0.0390625 0.0495238 0.3396
0 0.570312 0.849524 0.0429688 0.0495238 0.556152
0 0.675781 0.831429 0.0351562 0.032381 0.586426
0 0.305176 0.757143 0.0283203 0.032381 0.631348
0 0.986816 0.927619 0.0263672 0.0914286 0.638184
0 0.888184 0.910476 0.0419922 0.0647619 0.683594
0 0.668457 0.87619 0.0400391 0.0380952 0.689941
0 0.960938 0.96 0.0429688 0.0761905 0.692383
0 0.226562 0.753333 0.0429688 0.047619 0.69873
1 0.418945 0.813333 0.0625 0.0571429 0.720215
0 0.0751953 0.918095 0.0332031 0.0647619 0.722656
0 0.62207 0.88 0.0410156 0.0419048 0.742676
0 0.9375 0.850476 0.0410156 0.0704762 0.76709
0 0.245117 0.809524 0.0390625 0.0457143 0.780762
0 0.331055 0.806667 0.0390625 0.0361905 0.806152
0 0.705078 0.74 0.0332031 0.032381 0.822266
0 0.805664 0.809524 0.0527344 0.0571429 0.822754
0 0.665039 0.786667 0.0410156 0.0419048 0.82373
0 0.518555 0.748571 0.046875 0.0457143 0.842773
0 0.533203 0.797143 0.0390625 0.04 0.86377
0 0.59375 0.746667 0.0390625 0.0380952 0.868652
0 0.819336 0.742857 0.0371094 0.0419048 0.870605
0 0.393555 0.744762 0.0351562 0.0342857 0.881348
0 0.354492 0.86 0.0371094 0.0361905 0.884277
0 0.0966797 0.147619 0.0429688 0.0590476 0.887207
0 0.114258 0.939048 0.0449219 0.0761905 0.891113
0 0.148926 0.814286 0.0400391 0.0666667 0.89502
0 0.144531 0.10381 0.0390625 0.0704762 0.901367
