0 0.819336 0.916191 0.0449219 0.0571429 0.335938
0 0.499023 0.966667 0.0332031 0.0666667 0.438477
0 0.185547 0.781905 0.0332031 0.0514286 0.54834
0 0.0952148 0.147619 0.0458984 0.0628571 0.608887
0 0.861816 0.874286 0.0556641 0.072381 0.65625
0 0.846191 0.805714 0.0537109 0.0685714 0.666504
0 0.622559 0.880952 0.0400391 0.04 0.671875
0 0.970703 0.962857 0.046875 0.0742857 0.685547
0 0.0859375 0.89619 0.0449219 0.0819048 0.688965
0 0.499023 0.848571 0.0371094 0.032381 0.697266
1 0.543945 0.810476 0.0605469 0.0590476 0.702148
0 0.668945 0.877143 0.0410156 0.0361905 0.703613
0 0.781738 0.830476 0.0576172 0.0609524 0.739746
0 0.556641 0.739048 0.0390625 0.0304762 0.76416
0 0.398926 0.753333 0.0263672 0.032381 0.765625
0 0.634766 0.745714 0.046875 0.0438095 0.785156
0 0.916504 0.888571 0.0419922 0.0666667 0.805664
0 0.414062 0.805714 0.0371094 0.0342857 0.830566
0 0.334473 0.74 0.0419922 0.0361905 0.838867
0 0.321289 0.80381 0.0390625 0.0380952 0.854492
0 0.888184 0.77619 0.0341797 0.0514286 0.857422
0 0.639648 0.838095 0.0371094 0.0380952 0.867188
0 0.481934 0.742857 0.0361328 0.0342857 0.868652
0 0.738281 0.746667 0.0390625 0.0380952 0.869141
0 0.680176 0.791429 0.0380859 0.04 0.873047
0 0.271973 0.754286 0.0380859 0.0380952 0.895508
0 0.144531 0.102857 0.0390625 0.0685714 0.896973
0 0.962891 0.881905 0.0390625 0.072381 0.904297
0 0.240234 0.834286 0.0449219 0.0533333 0.921387
