0 0.98291 0.974286 0.0341797 0.0514286 0.29541
0 0.132324 0.0380952 0.0322266 0.0609524 0.355469
0 0.818848 0.918095 0.0439453 0.0495238 0.400635
0 0.197266 0.861905 0.0371094 0.047619 0.513184
0 0.676758 0.741905 0.046875 0.0438095 0.583984
0 0.0961914 0.148571 0.0439453 0.0609524 0.62207
0 0.668457 0.877143 0.0400391 0.0361905 0.647461
0 0.211914 0.770476 0.0351562 0.047619 0.711914
0 0.428711 0.752381 0.0292969 0.0342857 0.744629
0 0.12793 0.908571 0.0449219 0.0761905 0.751465
0 0.50293 0.959048 0.0371094 0.0819048 0.763672
0 0.621582 0.88 0.0400391 0.0419048 0.798828
0 0.918945 0.940952 0.0371094 0.0685714 0.805176
0 0.0444336 0.957143 0.0498047 0.0819048 0.806641
1 0.578125 0.811429 0.0664062 0.0685714 0.820801
0 0.352539 0.80381 0.0410156 0.0342857 0.825684
0 0.352051 0.74 0.0439453 0.0361905 0.825684
0 0.443359 0.804762 0.0371094 0.0361905 0.836914
0 0.722656 0.792381 0.0371094 0.0380952 0.841797
0 0.825684 0.844762 0.0576172 0.0704762 0.858398
0 0.510254 0.740952 0.0361328 0.0342857 0.860352
0 0.694824 0.835238 0.0380859 0.04 0.872559
0 0.881348 0.832381 0.0419922 0.0571429 0.884277
0 0.119141 0.847619 0.0449219 0.0761905 0.89502
0 0.291016 0.752381 0.0371094 0.0419048 0.89502
0 0.980469 0.915238 0.0371094 0.0742857 0.895996
0 0.144531 0.104762 0.0390625 0.0685714 0.897461
0 0.793945 0.749524 0.0410156 0.0438095 0.902832
0 0.9375 0.910476 0.0429688 0.072381 0.90332
0 0.92041 0.810476 0.0341797 0.0590476 0.90332
0 0.26709 0.822857 0.0439453 0.0457143 0.909668
