0 0.765137 0.899048 0.0458984 0.0571429 0.328613
0 0.782715 0.765714 0.0400391 0.0457143 0.364502
0 0.720703 0.882857 0.0449219 0.0438095 0.364746
0 0.11377 0.957143 0.0595703 0.0857143 0.379639
0 0.161133 0.769524 0.0410156 0.0571429 0.433594
0 0.183594 0.851429 0.0429688 0.0647619 0.54834
0 0.472656 0.749524 0.0273438 0.032381 0.692383
0 0.255859 0.755238 0.0332031 0.0361905 0.714844
0 0.874023 0.880952 0.0566406 0.0742857 0.716309
0 0.100098 0.879048 0.0341797 0.0628571 0.729004
0 0.741211 0.739048 0.0488281 0.0457143 0.759766
0 0.0966797 0.148571 0.0429688 0.0609524 0.765625
1 0.641113 0.807619 0.0634766 0.0533333 0.76709
0 0.17334 0.790476 0.0439453 0.0647619 0.802734
0 0.411133 0.74 0.0410156 0.032381 0.810059
0 0.987305 0.942857 0.0253906 0.08 0.815918
0 0.491211 0.802857 0.0390625 0.0361905 0.82959
0 0.413086 0.802857 0.0371094 0.0361905 0.831543
0 0.958008 0.94 0.0410156 0.0704762 0.838379
0 0.276367 0.861905 0.0351562 0.0361905 0.838379
0 0.760742 0.84381 0.0371094 0.0419048 0.85791
0 0.144043 0.102857 0.0380859 0.0685714 0.86084
0 0.78418 0.8 0.0410156 0.0457143 0.862305
0 0.318359 0.818095 0.0429688 0.04 0.866211
0 0.321289 0.749524 0.0371094 0.0361905 0.866211
0 0.567871 0.737143 0.0361328 0.0342857 0.887695
0 0.910156 0.860952 0.0429688 0.0685714 0.900879
0 0.952637 0.858095 0.0341797 0.0628571 0.90332
0 0.516113 0.927619 0.0419922 0.0876191 0.910156
0 0.867188 0.773333 0.0429688 0.0533333 0.916016
