0 0.0888672 0.96381 0.0410156 0.072381 0.408691
0 0.818848 0.918095 0.0439453 0.0533333 0.437012
0 0.907227 0.88 0.0410156 0.0609524 0.45874
0 0.498047 0.969524 0.0273438 0.0571429 0.484375
0 0.668457 0.87619 0.0419922 0.0380952 0.588867
0 0.074707 0.915238 0.0419922 0.0780952 0.661621
0 0.545898 0.739048 0.0390625 0.0304762 0.693848
0 0.151855 0.888571 0.0361328 0.0552381 0.758789
0 0.0961914 0.149524 0.0458984 0.0628571 0.772949
0 0.480469 0.847619 0.0390625 0.0342857 0.77832
0 0.327637 0.739048 0.0419922 0.0380952 0.77832
0 0.390625 0.753333 0.0273438 0.032381 0.779297
0 0.768066 0.827619 0.0498047 0.0590476 0.782227
0 0.62207 0.744762 0.0488281 0.0457143 0.782227
0 0.175293 0.788571 0.0361328 0.0533333 0.793945
1 0.533203 0.809524 0.0605469 0.0609524 0.8125
0 0.313477 0.804762 0.0410156 0.0361905 0.820801
0 0.621582 0.880952 0.0400391 0.04 0.833008
0 0.405273 0.806667 0.0371094 0.0361905 0.835938
0 0.965332 0.95619 0.0419922 0.0761905 0.838379
0 0.855469 0.869524 0.0371094 0.0552381 0.848145
0 0.473145 0.740952 0.0361328 0.0342857 0.86377
0 0.720703 0.744762 0.0390625 0.0419048 0.865234
0 0.665527 0.791429 0.0380859 0.04 0.866211
0 0.262695 0.753333 0.0371094 0.04 0.867188
0 0.837402 0.80381 0.0419922 0.0533333 0.870117
0 0.874512 0.765714 0.0341797 0.0457143 0.874512
0 0.619141 0.839048 0.0371094 0.04 0.887207
0 0.144531 0.102857 0.0390625 0.0685714 0.898438
0 0.230957 0.835238 0.0439453 0.0552381 0.905273
0 0.955078 0.868571 0.0390625 0.072381 0.908691
