0 0.566895 0.739048 0.0380859 0.0304762 0.273438
0 0.500488 0.96381 0.0361328 0.072381 0.283203
0 0.194336 0.77619 0.0351562 0.047619 0.524902
0 0.51709 0.847619 0.0380859 0.0342857 0.527832
1 0.554199 0.809524 0.0654297 0.0609524 0.536621
0 0.0957031 0.149524 0.0449219 0.0628571 0.587891
0 0.883301 0.894286 0.0439453 0.0704762 0.624023
0 0.62207 0.88 0.0410156 0.0380952 0.638672
0 0.647949 0.744762 0.0498047 0.0457143 0.654785
0 0.173828 0.873333 0.0390625 0.0552381 0.656738
0 0.862793 0.817143 0.0419922 0.0571429 0.724609
0 0.107422 0.93619 0.0449219 0.0780952 0.726074
0 0.668457 0.879048 0.0400391 0.0361905 0.72998
0 0.331543 0.802857 0.0400391 0.0361905 0.751465
0 0.975098 0.970476 0.0380859 0.0590476 0.760254
0 0.407715 0.751429 0.0283203 0.032381 0.776855
0 0.925293 0.897143 0.0419922 0.0685714 0.798828
0 0.424316 0.804762 0.0380859 0.0361905 0.8125
0 0.0966797 0.877143 0.0449219 0.0819048 0.825195
0 0.338867 0.74 0.0429688 0.04 0.837402
0 0.797852 0.835238 0.0566406 0.0666667 0.847656
0 0.694824 0.790476 0.0361328 0.0380952 0.855957
0 0.900879 0.787619 0.0361328 0.0552381 0.860352
0 0.65918 0.83619 0.0371094 0.0380952 0.868652
0 0.491699 0.740952 0.0361328 0.0342857 0.870117
0 0.757812 0.746667 0.0390625 0.0380952 0.874023
0 0.25 0.829524 0.0449219 0.0514286 0.894043
0 0.144043 0.102857 0.0380859 0.0685714 0.89502
0 0.278809 0.753333 0.0380859 0.04 0.896973
0 0.970703 0.894286 0.0390625 0.0742857 0.90918
