0 0.668945 0.877143 0.0410156 0.04 0.302002
0 0.720215 0.882857 0.0439453 0.0438095 0.344971
0 0.728027 0.738095 0.0478516 0.0438095 0.625977
0 0.465332 0.749524 0.0263672 0.032381 0.702148
0 0.987305 0.94 0.0253906 0.0780952 0.708984
1 0.628418 0.808571 0.0634766 0.0552381 0.752441
0 0.0966797 0.148571 0.0429688 0.0609524 0.757324
0 0.0917969 0.894286 0.0351562 0.0628571 0.761719
0 0.245605 0.75619 0.0361328 0.0380952 0.779785
0 0.163086 0.797143 0.0449219 0.0704762 0.784668
0 0.904785 0.855238 0.0439453 0.0685714 0.791504
0 0.172363 0.86381 0.0419922 0.0666667 0.807617
0 0.254883 0.860952 0.0390625 0.0380952 0.811035
0 0.481934 0.802857 0.0361328 0.032381 0.821777
0 0.749512 0.841905 0.0380859 0.0457143 0.828613
0 0.95459 0.935238 0.0400391 0.072381 0.833008
0 0.398926 0.739048 0.0419922 0.0342857 0.842285
0 0.401855 0.802857 0.0361328 0.0361905 0.84668
0 0.869629 0.874286 0.0458984 0.0647619 0.851074
0 0.773438 0.798095 0.0390625 0.0419048 0.871582
0 0.856445 0.767619 0.0410156 0.0533333 0.874512
0 0.314453 0.750476 0.0371094 0.0380952 0.876953
0 0.306641 0.819048 0.0429688 0.0380952 0.878418
0 0.555176 0.738095 0.0361328 0.0361905 0.878418
0 0.512695 0.934286 0.0410156 0.0895238 0.888184
0 0.144043 0.10381 0.0380859 0.0666667 0.895508
0 0.94873 0.853333 0.0341797 0.0609524 0.899902
