0 0.486328 0.977143 0.0234375 0.0419048 0.362305
0 0.74707 0.737143 0.0371094 0.0342857 0.366455
1 0.739746 0.889524 0.0869141 0.0609524 0.372559
0 0.561035 0.746667 0.0263672 0.0304762 0.405029
0 0.774414 0.848571 0.0410156 0.0552381 0.493896
0 0.993164 0.957143 0.0136719 0.0666667 0.510742
0 0.114746 0.86 0.0322266 0.0590476 0.54834
0 0.668945 0.87619 0.0410156 0.0380952 0.606934
0 0.818848 0.918095 0.0439453 0.0495238 0.615723
0 0.621582 0.88 0.0400391 0.0380952 0.67041
0 0.471191 0.737143 0.0419922 0.0342857 0.724121
0 0.824219 0.755238 0.0507812 0.0552381 0.731445
0 0.28125 0.814286 0.0429688 0.04 0.782227
0 0.312012 0.751429 0.0322266 0.032381 0.792969
0 0.583496 0.800952 0.0380859 0.0361905 0.806152
0 0.164062 0.8 0.0371094 0.0609524 0.806641
0 0.0966797 0.148571 0.0429688 0.0609524 0.814941
0 0.823242 0.862857 0.0410156 0.0495238 0.82666
0 0.491211 0.801905 0.0371094 0.0342857 0.830566
1 0.714355 0.808571 0.0693359 0.0628571 0.837402
0 0.845215 0.815238 0.0400391 0.0495238 0.853027
0 0.402344 0.814286 0.0429688 0.0361905 0.862793
0 0.375977 0.746667 0.0371094 0.0380952 0.862793
0 0.442383 0.855238 0.0371094 0.0342857 0.864746
0 0.65918 0.735238 0.0371094 0.0380952 0.874023
0 0.143555 0.105714 0.0390625 0.0742857 0.880371
0 0.231445 0.76 0.0429688 0.0533333 0.883301
0 0.969727 0.958095 0.0410156 0.072381 0.883789
0 0.530762 0.90381 0.0439453 0.0819048 0.89209
0 0.929688 0.886667 0.0429688 0.0704762 0.893555
0 0.914551 0.812381 0.0439453 0.0666667 0.902832
0 0.965332 0.879048 0.0341797 0.0628571 0.908691
