1 0.742676 0.889524 0.0927734 0.0647619 0.369141
0 0.486816 0.975238 0.0244141 0.0495238 0.401123
0 0.757812 0.737143 0.0390625 0.0342857 0.445312
0 0.993652 0.96 0.0126953 0.0685714 0.508789
0 0.668945 0.877143 0.0410156 0.04 0.509766
0 0.819824 0.917143 0.0419922 0.0514286 0.54248
0 0.782227 0.851429 0.0429688 0.0571429 0.569336
0 0.48291 0.737143 0.0400391 0.0342857 0.624512
0 0.12207 0.848571 0.0371094 0.0628571 0.632812
0 0.62207 0.88 0.0410156 0.0380952 0.649414
1 0.727539 0.808571 0.0625 0.0590476 0.714844
0 0.173828 0.792381 0.0371094 0.0571429 0.783691
0 0.297363 0.813333 0.0419922 0.0419048 0.811523
0 0.831055 0.758095 0.0527344 0.0609524 0.814941
0 0.097168 0.148571 0.0439453 0.0609524 0.818359
0 0.596191 0.799048 0.0361328 0.0361905 0.826172
0 0.504395 0.800952 0.0380859 0.0361905 0.842773
0 0.318848 0.749524 0.0341797 0.032381 0.849121
0 0.459961 0.851429 0.0371094 0.0342857 0.853027
0 0.673828 0.734286 0.0371094 0.0361905 0.853027
0 0.238281 0.757143 0.0429688 0.0514286 0.855469
0 0.144043 0.105714 0.0400391 0.0742857 0.864258
0 0.383789 0.746667 0.0371094 0.0380952 0.867676
0 0.412598 0.814286 0.0419922 0.0361905 0.873047
0 0.833008 0.867619 0.0371094 0.0514286 0.877441
0 0.970215 0.96 0.0400391 0.0761905 0.880371
0 0.853516 0.818095 0.0390625 0.0514286 0.889648
0 0.931152 0.888571 0.0439453 0.0742857 0.892578
0 0.967285 0.88 0.0341797 0.0647619 0.892578
0 0.533691 0.899048 0.0439453 0.0761905 0.900391
0 0.919434 0.817143 0.0419922 0.0685714 0.904785
