0 0.765625 0.899048 0.0429688 0.0571429 0.288818
0 0.485352 0.979048 0.0234375 0.0380952 0.296875
0 0.818848 0.917143 0.0439453 0.047619 0.444824
0 0.668457 0.87619 0.0400391 0.0380952 0.517578
0 0.62207 0.88 0.0410156 0.0419048 0.522949
0 0.993164 0.954286 0.0136719 0.0647619 0.536133
0 0.73584 0.734286 0.0400391 0.04 0.554199
0 0.547852 0.747619 0.0253906 0.032381 0.562988
0 0.946289 0.971429 0.0449219 0.0571429 0.594238
0 0.706055 0.806667 0.0644531 0.0628571 0.66748
0 0.76709 0.845714 0.0419922 0.0533333 0.741699
1 0.706543 0.807619 0.0634766 0.0609524 0.74707
0 0.155273 0.808571 0.0371094 0.0628571 0.761719
0 0.421387 0.856191 0.0361328 0.032381 0.780762
0 0.81543 0.752381 0.0527344 0.0571429 0.804688
0 0.479492 0.800952 0.0371094 0.032381 0.808594
0 0.568848 0.800952 0.0380859 0.0361905 0.808594
0 0.462402 0.737143 0.0419922 0.0342857 0.810059
0 0.303711 0.753333 0.0332031 0.032381 0.815918
0 0.645508 0.735238 0.0371094 0.0380952 0.820312
0 0.0966797 0.148571 0.0429688 0.0609524 0.834961
0 0.268066 0.81619 0.0439453 0.0438095 0.849121
0 0.96875 0.955238 0.0410156 0.0704762 0.858398
0 0.391113 0.813333 0.0419922 0.0380952 0.861816
0 0.369141 0.746667 0.0371094 0.0380952 0.863281
0 0.838867 0.812381 0.0390625 0.047619 0.874023
0 0.81543 0.859048 0.0390625 0.0495238 0.875977
0 0.52832 0.908571 0.0429688 0.0838095 0.883301
0 0.224121 0.760952 0.0439453 0.0552381 0.889648
0 0.928223 0.88381 0.0439453 0.072381 0.890625
0 0.964355 0.878095 0.0341797 0.0647619 0.893066
0 0.144043 0.10381 0.0380859 0.0704762 0.899902
0 0.910156 0.806667 0.0429688 0.0666667 0.921875
