0 0.725586 0.848571 0.0332031 0.04 0.290771
0 0.621582 0.88 0.0400391 0.0380952 0.386475
0 0.668945 0.877143 0.0410156 0.04 0.432129
1 0.664551 0.809524 0.0634766 0.0571429 0.626953
0 0.76709 0.899048 0.0419922 0.0571429 0.666504
0 0.664062 0.808571 0.0664062 0.0590476 0.669922
0 0.720215 0.884762 0.0439453 0.0438095 0.687012
0 0.493164 0.749524 0.0292969 0.032381 0.687012
0 0.817871 0.771429 0.0400391 0.0457143 0.726074
0 0.0966797 0.148571 0.0429688 0.0609524 0.775391
0 0.271484 0.753333 0.0351562 0.0361905 0.786621
0 0.429688 0.740952 0.0410156 0.0342857 0.787598
0 0.119141 0.852381 0.0351562 0.0628571 0.791504
0 0.769043 0.741905 0.0478516 0.0438095 0.797363
0 0.989746 0.950476 0.0205078 0.08 0.802246
0 0.323242 0.860952 0.0390625 0.0380952 0.819824
0 0.210449 0.833333 0.0439453 0.0590476 0.82959
0 0.515137 0.800952 0.0361328 0.0361905 0.840332
0 0.436035 0.802857 0.0380859 0.0361905 0.84082
0 0.805176 0.802857 0.0400391 0.0438095 0.84375
0 0.898926 0.909524 0.0498047 0.0742857 0.849609
0 0.962402 0.946667 0.0400391 0.072381 0.849609
0 0.192871 0.777143 0.0439453 0.0609524 0.852539
0 0.144043 0.102857 0.0380859 0.0685714 0.864746
0 0.339844 0.749524 0.0371094 0.0361905 0.868164
0 0.957031 0.866667 0.0351562 0.0647619 0.873047
0 0.782715 0.847619 0.0380859 0.0457143 0.875
0 0.343262 0.815238 0.0419922 0.0380952 0.876465
0 0.592285 0.737143 0.0361328 0.0342857 0.88916
0 0.521484 0.92 0.0429688 0.0876191 0.904785
0 0.919434 0.872381 0.0419922 0.0685714 0.913086
0 0.88623 0.786667 0.0439453 0.0571429 0.925293
