0 0.621582 0.88 0.0400391 0.0380952 0.266357
0 0.668945 0.875238 0.0410156 0.04 0.270752
0 0.720215 0.882857 0.0439453 0.0438095 0.283936
0 0.748535 0.848571 0.0380859 0.047619 0.363037
0 0.686523 0.809524 0.0644531 0.0609524 0.479248
0 0.519043 0.748571 0.0263672 0.0304762 0.588379
0 0.23584 0.824762 0.0400391 0.0495238 0.695312
0 0.714844 0.73619 0.0390625 0.0361905 0.708984
0 0.991699 0.951429 0.0166016 0.0742857 0.719727
1 0.686035 0.809524 0.0654297 0.0609524 0.747559
0 0.136719 0.828571 0.0371094 0.0647619 0.763184
0 0.209961 0.767619 0.0449219 0.0571429 0.772461
0 0.444824 0.739048 0.0419922 0.0342857 0.782227
0 0.458008 0.802857 0.0371094 0.032381 0.783691
0 0.288086 0.752381 0.0332031 0.0342857 0.785156
0 0.371094 0.858095 0.0371094 0.0361905 0.808594
0 0.918457 0.939048 0.0517578 0.0876191 0.814941
0 0.793945 0.745714 0.0488281 0.047619 0.822754
0 0.798828 0.854286 0.0390625 0.0438095 0.836426
0 0.0966797 0.148571 0.0429688 0.0609524 0.838379
0 0.541992 0.801905 0.0371094 0.0342857 0.849609
0 0.618164 0.73619 0.0351562 0.0361905 0.855469
0 0.144043 0.10381 0.0380859 0.0666667 0.869141
0 0.354492 0.747619 0.0371094 0.0361905 0.873535
0 0.523926 0.914286 0.0439453 0.0838095 0.879395
0 0.964844 0.952381 0.0429688 0.0761905 0.886719
0 0.961426 0.873333 0.0341797 0.0628571 0.890137
0 0.368164 0.815238 0.0410156 0.0380952 0.892578
0 0.823242 0.807619 0.0410156 0.0457143 0.896484
0 0.899902 0.797143 0.0439453 0.0628571 0.902832
0 0.92334 0.878095 0.0439453 0.072381 0.90332
