0 0.976562 0.122857 0.0449219 0.0780952 0.258545
0 0.994629 0.225714 0.0107422 0.0514286 0.370605
0 0.704102 0.748571 0.0292969 0.0342857 0.42041
0 0.154785 0.811429 0.0322266 0.0533333 0.451172
0 0.993164 0.955238 0.0136719 0.0666667 0.500977
0 0.810059 0.818095 0.0673828 0.0704762 0.549805
0 0.908691 0.938095 0.0400391 0.0666667 0.569336
0 0.0800781 0.911429 0.0351562 0.0628571 0.581055
0 0.205078 0.77619 0.0351562 0.0438095 0.599609
0 0.668945 0.87619 0.0410156 0.0380952 0.60791
1 0.976074 0.12381 0.0478516 0.0876191 0.617188
0 0.622559 0.880952 0.0400391 0.04 0.649414
0 0.630371 0.737143 0.0439453 0.0419048 0.652832
0 0.144531 0.894286 0.0371094 0.0590476 0.708496
0 0.255859 0.753333 0.0371094 0.04 0.736816
0 0.850098 0.769524 0.0537109 0.0685714 0.746582
0 0.452637 0.800952 0.0400391 0.0361905 0.772949
1 0.324219 0.84 0.105469 0.072381 0.783691
0 0.0966797 0.148571 0.0429688 0.0609524 0.800293
0 0.432129 0.74381 0.0322266 0.0285714 0.814941
0 0.758301 0.73619 0.0361328 0.0361905 0.81543
0 0.625977 0.798095 0.0390625 0.0342857 0.815918
0 0.986816 0.902857 0.0263672 0.0609524 0.821777
0 0.691895 0.796191 0.0380859 0.0380952 0.829102
0 0.972168 0.961905 0.0439453 0.0761905 0.844238
0 0.531738 0.845714 0.0361328 0.0342857 0.844238
0 0.333984 0.74381 0.0410156 0.0361905 0.853516
0 0.590332 0.850476 0.0458984 0.0590476 0.854004
0 0.144043 0.102857 0.0380859 0.0685714 0.861816
0 0.939941 0.0447619 0.0458984 0.0704762 0.862793
0 0.515625 0.744762 0.0351562 0.0342857 0.868164
0 0.885742 0.839048 0.0390625 0.0552381 0.880859
0 0.553711 0.799048 0.0429688 0.04 0.88916
0 0.935059 0.893333 0.0439453 0.072381 0.89502
0 0.935059 0.840952 0.0439453 0.0742857 0.898926
0 0.509277 0.924762 0.0361328 0.0742857 0.90332
0 0.880371 0.0552381 0.0439453 0.08 0.930664
