0 0.768066 0.807619 0.0615234 0.0609524 0.279541
0 0.989258 0.175238 0.0214844 0.0533333 0.353271
0 0.48877 0.969524 0.0302734 0.0609524 0.405029
0 0.814941 0.861905 0.0458984 0.0590476 0.408691
0 0.994141 0.95619 0.0117188 0.0609524 0.568848
1 0.228027 0.865714 0.106445 0.108571 0.583008
0 0.097168 0.148571 0.0419922 0.0609524 0.606934
0 0.539551 0.73619 0.0400391 0.032381 0.705078
0 0.556152 0.800952 0.0380859 0.032381 0.709961
0 0.848633 0.769524 0.0527344 0.0685714 0.724609
0 0.632812 0.748571 0.0292969 0.0342857 0.780762
0 0.49707 0.848571 0.0351562 0.032381 0.79248
0 0.349121 0.746667 0.0341797 0.0304762 0.79541
0 0.818848 0.917143 0.0439453 0.0552381 0.800781
0 0.638184 0.799048 0.0380859 0.0361905 0.819824
0 0.425293 0.744762 0.0361328 0.0342857 0.827148
0 0.144043 0.104762 0.0380859 0.0685714 0.833008
0 0.353516 0.806667 0.0429688 0.04 0.840332
0 0.972656 0.961905 0.0429688 0.0761905 0.847656
0 0.205566 0.771429 0.0361328 0.0495238 0.86084
0 0.72168 0.734286 0.0390625 0.0361905 0.861328
0 0.265137 0.748571 0.0419922 0.0419048 0.868164
0 0.974121 0.887619 0.0361328 0.0609524 0.873047
0 0.543457 0.886667 0.0439453 0.0742857 0.875488
0 0.45459 0.811429 0.0419922 0.0380952 0.881348
0 0.876465 0.898095 0.0400391 0.0590476 0.887207
0 0.934082 0.893333 0.0439453 0.072381 0.892578
0 0.875 0.830476 0.0390625 0.0533333 0.892578
0 0.927246 0.828571 0.0419922 0.0685714 0.901367
