0 0.606445 0.767619 0.0292969 0.0266667 0.262695
0 0.799316 0.817143 0.0673828 0.0647619 0.265381
0 0.668945 0.87619 0.0410156 0.0380952 0.4375
0 0.59082 0.734286 0.0410156 0.0361905 0.460205
0 0.0576172 0.950476 0.0429688 0.0761905 0.497559
0 0.994141 0.957143 0.0117188 0.0628571 0.545898
1 0.277344 0.851429 0.105469 0.0838095 0.558105
0 0.121582 0.844762 0.0341797 0.0590476 0.61084
0 0.621582 0.88 0.0400391 0.0380952 0.615234
0 0.819336 0.918095 0.0449219 0.0533333 0.624023
0 0.174805 0.796191 0.0351562 0.0533333 0.642578
0 0.0986328 0.953333 0.0351562 0.0628571 0.648926
0 0.151367 0.905714 0.0332031 0.0514286 0.65625
0 0.67627 0.745714 0.0263672 0.032381 0.669922
0 0.0966797 0.149524 0.0429688 0.0628571 0.669922
0 0.851074 0.769524 0.0517578 0.0647619 0.712402
0 0.669922 0.798095 0.0371094 0.0342857 0.775391
0 0.600098 0.799048 0.0380859 0.032381 0.790039
0 0.751953 0.73619 0.0371094 0.0361905 0.808105
0 0.515137 0.846667 0.0361328 0.0361905 0.8125
0 0.38916 0.745714 0.0341797 0.032381 0.825684
0 0.402832 0.805714 0.0400391 0.0380952 0.834961
0 0.229492 0.76 0.0371094 0.0457143 0.842285
0 0.972656 0.961905 0.0429688 0.0761905 0.848633
0 0.933594 0.968571 0.0390625 0.0628571 0.858398
0 0.144043 0.102857 0.0380859 0.0685714 0.861816
0 0.505859 0.80381 0.0429688 0.0380952 0.86377
0 0.871094 0.899048 0.0410156 0.0571429 0.868164
0 0.467773 0.744762 0.0371094 0.0342857 0.875488
0 0.564453 0.867619 0.046875 0.0666667 0.875488
0 0.296387 0.745714 0.0419922 0.0438095 0.87793
0 0.943359 0.137143 0.046875 0.0609524 0.88623
0 0.963867 0.067619 0.046875 0.0552381 0.886719
0 0.884766 0.838095 0.0390625 0.0533333 0.887207
0 0.98291 0.894286 0.0322266 0.0514286 0.888672
0 0.935059 0.893333 0.0439453 0.072381 0.889648
0 0.495117 0.957143 0.0332031 0.0780952 0.889648
0 0.932129 0.833333 0.0419922 0.0742857 0.917969
