1 0.289551 0.845714 0.104492 0.0838095 0.287598
0 0.849609 0.769524 0.0546875 0.0647619 0.492188
0 0.68457 0.746667 0.0273438 0.0342857 0.513672
0 0.994141 0.95619 0.0117188 0.0647619 0.516602
0 0.0996094 0.921905 0.03125 0.0533333 0.55957
0 0.182617 0.792381 0.0332031 0.0495238 0.597656
0 0.668945 0.87619 0.0410156 0.0380952 0.628906
0 0.164551 0.893333 0.0361328 0.0571429 0.632812
0 0.990723 0.12 0.0185547 0.0571429 0.647949
0 0.097168 0.148571 0.0439453 0.0609524 0.67334
0 0.400391 0.744762 0.0332031 0.0304762 0.80127
0 0.62207 0.88 0.0410156 0.0419048 0.805664
0 0.675293 0.8 0.0380859 0.0380952 0.805664
0 0.415039 0.804762 0.0410156 0.0361905 0.811035
0 0.128906 0.839048 0.03125 0.0552381 0.821777
0 0.0639648 0.938095 0.0341797 0.0666667 0.82373
0 0.109375 0.939048 0.0351562 0.0609524 0.826172
0 0.606934 0.797143 0.0400391 0.04 0.826172
0 0.518066 0.846667 0.0361328 0.0361905 0.827637
0 0.884277 0.910476 0.0419922 0.0609524 0.833008
0 0.235352 0.759048 0.0371094 0.0438095 0.839844
0 0.754883 0.737143 0.0371094 0.0342857 0.842773
0 0.972656 0.961905 0.0429688 0.0761905 0.844238
0 0.144043 0.10381 0.0380859 0.0704762 0.862793
0 0.479004 0.74381 0.0361328 0.0361905 0.868652
0 0.958008 0.0619048 0.046875 0.0590476 0.870117
0 0.926758 0.12381 0.0488281 0.072381 0.873535
0 0.519531 0.802857 0.0429688 0.04 0.875977
0 0.304688 0.746667 0.0410156 0.0419048 0.876953
0 0.885742 0.838095 0.0390625 0.0533333 0.878906
0 0.983398 0.895238 0.0332031 0.0533333 0.884277
0 0.498047 0.948571 0.0351562 0.0761905 0.885742
0 0.571289 0.862857 0.046875 0.0647619 0.889648
0 0.935059 0.893333 0.0439453 0.072381 0.893555
0 0.933105 0.83619 0.0439453 0.072381 0.91748
