1 0.78418 0.810476 0.0644531 0.0628571 0.25708
1 0.254883 0.855238 0.103516 0.0952381 0.361328
0 0.131836 0.92381 0.0351562 0.0571429 0.405029
0 0.785156 0.811429 0.0644531 0.0609524 0.422363
0 0.490234 0.965714 0.03125 0.0685714 0.474121
0 0.56543 0.73619 0.0390625 0.032381 0.477783
0 0.994141 0.957143 0.0117188 0.0666667 0.555664
0 0.621582 0.879048 0.0400391 0.04 0.578613
0 0.818359 0.917143 0.0429688 0.0514286 0.657715
0 0.580566 0.802857 0.0361328 0.032381 0.680176
0 0.657227 0.748571 0.0292969 0.0342857 0.700684
0 0.0966797 0.149524 0.0429688 0.0628571 0.718262
0 0.0449219 0.957143 0.0527344 0.0857143 0.754395
0 0.851562 0.771429 0.0507812 0.0647619 0.776367
0 0.977051 0.0752381 0.0419922 0.047619 0.793945
0 0.378418 0.807619 0.0419922 0.0380952 0.793945
0 0.21875 0.765714 0.0371094 0.0457143 0.79541
0 0.654785 0.798095 0.0380859 0.0380952 0.795898
0 0.842285 0.877143 0.0419922 0.0552381 0.803223
0 0.506348 0.848571 0.0361328 0.0361905 0.812988
0 0.368164 0.746667 0.0332031 0.0304762 0.830078
0 0.972656 0.961905 0.0429688 0.0761905 0.848633
0 0.973633 0.16 0.046875 0.0571429 0.869629
0 0.447266 0.74381 0.0371094 0.0361905 0.870605
0 0.741699 0.735238 0.0361328 0.0380952 0.873047
0 0.478027 0.807619 0.0419922 0.0380952 0.875977
0 0.144043 0.10381 0.0380859 0.0666667 0.881348
0 0.978027 0.890476 0.0361328 0.0552381 0.884277
0 0.904297 0.927619 0.0390625 0.0647619 0.888184
0 0.552734 0.877143 0.0449219 0.0704762 0.896484
0 0.935059 0.893333 0.0439453 0.072381 0.896973
0 0.280762 0.746667 0.0419922 0.0457143 0.899902
0 0.880859 0.834286 0.0390625 0.0533333 0.905762
0 0.929688 0.832381 0.0429688 0.072381 0.906738
