1 0.810547 0.818095 0.0683594 0.0666667 0.284668
0 0.810059 0.81619 0.0693359 0.0704762 0.385986
0 0.637695 0.737143 0.0410156 0.0419048 0.418457
0 0.993164 0.95619 0.0136719 0.0685714 0.47168
0 0.849609 0.770476 0.0546875 0.0704762 0.50293
0 0.466309 0.801905 0.0419922 0.0342857 0.51709
0 0.70752 0.745714 0.0283203 0.0361905 0.560059
0 0.987305 0.221905 0.0234375 0.0438095 0.59375
0 0.214355 0.771429 0.0341797 0.0419048 0.607422
0 0.988281 0.90381 0.0234375 0.0590476 0.636719
0 0.0942383 0.925714 0.0244141 0.0457143 0.636719
0 0.668945 0.87619 0.0410156 0.0380952 0.680176
1 0.971191 0.12 0.0576172 0.0838095 0.726074
0 0.165039 0.802857 0.0332031 0.0552381 0.738281
0 0.695312 0.797143 0.0429688 0.04 0.771973
0 0.442383 0.74381 0.03125 0.0285714 0.79834
0 0.622559 0.880952 0.0400391 0.04 0.799805
0 0.972656 0.961905 0.0429688 0.0761905 0.807617
0 0.632324 0.798095 0.0380859 0.0342857 0.818359
0 0.537109 0.844762 0.0351562 0.032381 0.82373
0 0.935547 0.04 0.046875 0.072381 0.827148
0 0.264648 0.751429 0.0351562 0.04 0.845703
0 0.345703 0.742857 0.0410156 0.0380952 0.849609
0 0.0961914 0.148571 0.0439453 0.0609524 0.852539
0 0.759277 0.737143 0.0361328 0.0380952 0.853027
0 0.865723 0.0342857 0.0439453 0.0685714 0.862305
0 0.0869141 0.900952 0.0371094 0.0647619 0.866699
0 0.144043 0.10381 0.0380859 0.0704762 0.87207
1 0.336426 0.84 0.104492 0.072381 0.875488
0 0.598145 0.848571 0.0458984 0.0590476 0.877441
0 0.157227 0.882857 0.0371094 0.0590476 0.87793
0 0.885742 0.838095 0.0410156 0.0533333 0.881836
0 0.528809 0.744762 0.0361328 0.0342857 0.884766
0 0.5625 0.797143 0.0429688 0.04 0.88916
0 0.937012 0.84381 0.0439453 0.072381 0.89209
0 0.934082 0.893333 0.0439453 0.072381 0.89502
0 0.51123 0.919048 0.0361328 0.0742857 0.912109
