0 0.0698242 0.979048 0.0458984 0.0419048 0.258057
0 0.660156 0.73619 0.0429688 0.0438095 0.26416
0 0.0249023 0.197143 0.0439453 0.0590476 0.27002
0 0.245117 0.764762 0.0332031 0.04 0.270264
0 0.621582 0.880952 0.0400391 0.04 0.321289
0 0.811035 0.82 0.0673828 0.0628571 0.419678
0 0.0483398 0.138095 0.0458984 0.04 0.4646
1 0.92041 0.0752381 0.0810547 0.11619 0.472656
0 0.915527 0.0704762 0.0693359 0.106667 0.515137
0 0.924316 0.0304762 0.0458984 0.0609524 0.528809
0 0.993164 0.16381 0.0136719 0.0495238 0.541992
0 0.989746 0.106667 0.0205078 0.0380952 0.555664
0 0.994141 0.95619 0.0117188 0.0685714 0.579102
0 0.668945 0.877143 0.0410156 0.04 0.605469
0 0.0556641 0.159048 0.0449219 0.04 0.67334
0 0.851562 0.769524 0.0546875 0.0685714 0.684082
0 0.550293 0.796191 0.0419922 0.0342857 0.695312
0 0.293945 0.752381 0.0332031 0.0342857 0.718262
0 0.711914 0.745714 0.0292969 0.0361905 0.733398
0 0.896973 0.108571 0.0419922 0.0685714 0.736816
0 0.733398 0.800952 0.0371094 0.0361905 0.783203
0 0.592285 0.84 0.0341797 0.0342857 0.787598
0 0.317871 0.842857 0.0322266 0.032381 0.816406
0 0.703125 0.838095 0.0429688 0.0380952 0.828613
0 0.614258 0.795238 0.0429688 0.0361905 0.831543
0 0.972656 0.960952 0.0429688 0.0780952 0.83252
0 0.680176 0.796191 0.0400391 0.0380952 0.835449
0 0.53125 0.742857 0.03125 0.0304762 0.839844
0 0.368652 0.744762 0.0341797 0.0342857 0.842285
0 0.760742 0.73619 0.0371094 0.04 0.848633
0 0.0859375 0.913333 0.046875 0.0780952 0.852539
1 0.431641 0.838095 0.107422 0.0647619 0.853516
0 0.276367 0.81619 0.0371094 0.04 0.859863
0 0.958008 0.194286 0.0449219 0.0533333 0.861816
0 0.973145 0.250476 0.0439453 0.047619 0.865723
0 0.126465 0.915238 0.0400391 0.0666667 0.869141
0 0.454102 0.742857 0.0410156 0.0380952 0.872559
0 0.885742 0.838095 0.0390625 0.0533333 0.884277
0 0.607422 0.74381 0.0371094 0.0361905 0.885742
0 0.935059 0.891429 0.0439453 0.0761905 0.89209
0 0.847656 0.072381 0.0449219 0.0838095 0.903809
0 0.182617 0.792381 0.0390625 0.0533333 0.905273
0 0.544434 0.874286 0.0400391 0.0647619 0.906738
0 0.96875 0.888571 0.0429688 0.0780952 0.908203
0 0.13623 0.115238 0.0400391 0.0704762 0.912109
