0 0.112305 0.902857 0.0214844 0.0457143 0.287598
0 0.8125 0.82 0.0644531 0.0628571 0.306152
0 0.9375 0.974286 0.0410156 0.0514286 0.3396
0 0.22168 0.770476 0.0351562 0.0438095 0.384766
0 0.644531 0.73619 0.0429688 0.0438095 0.408691
1 0.811035 0.82 0.0654297 0.0628571 0.439697
0 0.993164 0.95619 0.0136719 0.0685714 0.469727
0 0.932617 0.0371429 0.0449219 0.0704762 0.517578
1 0.970215 0.112381 0.0576172 0.0838095 0.524414
0 0.177734 0.792381 0.03125 0.0457143 0.573242
0 0.989746 0.905714 0.0205078 0.0628571 0.588379
0 0.709473 0.745714 0.0283203 0.0361905 0.592773
0 0.668945 0.87619 0.0410156 0.0380952 0.642578
0 0.702148 0.798095 0.0410156 0.0380952 0.714844
0 0.479492 0.801905 0.0410156 0.0342857 0.751465
0 0.849121 0.771429 0.0517578 0.0685714 0.757324
0 0.621582 0.881905 0.0400391 0.0419048 0.759766
1 0.346191 0.840952 0.112305 0.0704762 0.776855
0 0.638672 0.797143 0.0390625 0.0361905 0.786133
0 0.972656 0.961905 0.0429688 0.0761905 0.814941
0 0.452148 0.742857 0.0332031 0.0304762 0.825195
0 0.54248 0.84381 0.0361328 0.0342857 0.842773
0 0.272949 0.750476 0.0361328 0.0380952 0.855469
0 0.144043 0.102857 0.0380859 0.0685714 0.855469
0 0.357422 0.744762 0.0410156 0.0380952 0.856445
0 0.0957031 0.888571 0.0351562 0.0666667 0.859375
0 0.759277 0.737143 0.0380859 0.0419048 0.86084
0 0.606934 0.84381 0.0439453 0.0495238 0.868164
0 0.17041 0.873333 0.0380859 0.0590476 0.87207
0 0.0961914 0.148571 0.0439453 0.0609524 0.873535
0 0.886719 0.839048 0.0390625 0.0552381 0.875
0 0.513672 0.915238 0.0371094 0.0742857 0.884277
0 0.54248 0.744762 0.0361328 0.0342857 0.884766
0 0.570312 0.798095 0.0429688 0.0380952 0.888672
0 0.934082 0.893333 0.0439453 0.072381 0.904785
0 0.938965 0.847619 0.0439453 0.072381 0.905273
