0 0.719727 0.88381 0.0429688 0.0380952 0.261475
0 0.250488 0.799048 0.0458984 0.032381 0.26416
0 0.241699 0.768571 0.0361328 0.0361905 0.26709
0 0.811035 0.818095 0.0673828 0.0666667 0.341797
0 0.975098 0.168571 0.0439453 0.0552381 0.384277
0 0.711426 0.746667 0.0302734 0.0342857 0.451172
0 0.992188 0.909524 0.015625 0.0704762 0.479736
0 0.993164 0.955238 0.0136719 0.0704762 0.489258
0 0.850098 0.772381 0.0537109 0.0742857 0.50293
0 0.950195 0.20381 0.0449219 0.0533333 0.654297
1 0.959473 0.113333 0.0791016 0.108571 0.705078
0 0.668945 0.877143 0.0410156 0.0361905 0.75293
0 0.246094 0.857143 0.0371094 0.0380952 0.771484
0 0.621582 0.880952 0.0400391 0.04 0.781738
0 0.199707 0.779048 0.0302734 0.0457143 0.782227
0 0.47168 0.74381 0.0332031 0.0285714 0.79541
0 0.505859 0.800952 0.0410156 0.0361905 0.796387
0 0.973633 0.961905 0.0390625 0.0761905 0.803223
0 0.649902 0.799048 0.0400391 0.0361905 0.808105
0 0.194336 0.854286 0.0371094 0.0552381 0.821777
0 0.553711 0.840952 0.0351562 0.032381 0.821777
0 0.714355 0.8 0.0361328 0.0380952 0.825195
1 0.370605 0.841905 0.106445 0.0685714 0.837402
0 0.626953 0.839048 0.0449219 0.04 0.851562
0 0.292969 0.748571 0.0351562 0.0380952 0.866211
0 0.0942383 0.151429 0.0439453 0.0590476 0.866699
0 0.382812 0.742857 0.0410156 0.0380952 0.868164
0 0.114746 0.859048 0.0380859 0.0647619 0.870117
0 0.566406 0.744762 0.0351562 0.0342857 0.871094
0 0.584473 0.797143 0.0419922 0.0361905 0.87207
0 0.144043 0.10381 0.0380859 0.0704762 0.881836
0 0.760742 0.737143 0.0371094 0.0380952 0.885742
0 0.885742 0.838095 0.0390625 0.0533333 0.888184
0 0.934082 0.893333 0.0439453 0.072381 0.902344
0 0.946777 0.855238 0.0439453 0.072381 0.914551
0 0.519043 0.905714 0.0361328 0.0742857 0.92627
