1 0.811523 0.818095 0.0683594 0.0666667 0.254639
0 0.926758 0.0314286 0.046875 0.0628571 0.277588
0 0.914062 0.17619 0.046875 0.0666667 0.298584
0 0.719727 0.882857 0.0429688 0.04 0.316406
1 0.948242 0.1 0.0878906 0.112381 0.357178
0 0.62207 0.88 0.0390625 0.0380952 0.446533
0 0.851074 0.770476 0.0517578 0.0666667 0.454346
0 0.994141 0.957143 0.0117188 0.0742857 0.545898
0 0.0756836 0.135238 0.0419922 0.0495238 0.55957
0 0.709961 0.747619 0.0273438 0.0361905 0.644043
0 0.216797 0.772381 0.0292969 0.04 0.654785
0 0.255371 0.760952 0.0322266 0.0361905 0.724609
0 0.526367 0.797143 0.0410156 0.0361905 0.748535
0 0.668457 0.879048 0.0400391 0.0361905 0.759766
0 0.566895 0.84 0.0341797 0.0342857 0.801758
0 0.272461 0.851429 0.0332031 0.0342857 0.803711
0 0.0859375 0.153333 0.0429688 0.0552381 0.813965
0 0.662109 0.796191 0.0390625 0.0380952 0.824219
0 0.221191 0.83619 0.0380859 0.0495238 0.825195
1 0.394043 0.840952 0.104492 0.0628571 0.833984
0 0.490723 0.742857 0.0322266 0.0304762 0.834473
0 0.72168 0.8 0.0371094 0.0380952 0.839844
0 0.972656 0.962857 0.0429688 0.0742857 0.841309
0 0.651855 0.838095 0.0439453 0.0380952 0.84375
0 0.760742 0.737143 0.0371094 0.0380952 0.845215
0 0.407715 0.742857 0.0419922 0.0380952 0.856445
0 0.316895 0.747619 0.0341797 0.0361905 0.86084
0 0.584961 0.744762 0.0371094 0.0342857 0.865723
0 0.596191 0.797143 0.0419922 0.0361905 0.869141
0 0.885742 0.838095 0.0390625 0.0533333 0.884766
0 0.13623 0.833333 0.0380859 0.0628571 0.889648
0 0.144043 0.10381 0.0380859 0.0666667 0.890625
0 0.525879 0.89619 0.0380859 0.0704762 0.89209
0 0.955566 0.867619 0.0419922 0.0742857 0.899902
0 0.934082 0.894286 0.0419922 0.0742857 0.90918
