0 0.963379 0.245714 0.0419922 0.0495238 0.296875
0 0.10498 0.0761905 0.0302734 0.0571429 0.298828
0 0.987305 0.161905 0.0253906 0.0533333 0.390625
0 0.0766602 0.972381 0.0458984 0.0552381 0.399414
0 0.810547 0.819048 0.0664062 0.0647619 0.440186
0 0.250977 0.762857 0.0390625 0.04 0.540527
0 0.720215 0.88381 0.0439453 0.0419048 0.578613
0 0.994141 0.955238 0.0117188 0.0666667 0.590332
0 0.327148 0.841905 0.0332031 0.0304762 0.637207
0 0.711914 0.745714 0.0292969 0.0361905 0.659668
0 0.0473633 0.159048 0.0439453 0.04 0.678711
0 0.831543 0.0409524 0.0439453 0.0819048 0.708496
0 0.940918 0.184762 0.0439453 0.0533333 0.726074
0 0.304199 0.752381 0.0322266 0.0342857 0.758789
0 0.668457 0.878095 0.0400391 0.0380952 0.763672
0 0.62207 0.880952 0.0410156 0.04 0.780762
0 0.554199 0.796191 0.0419922 0.0380952 0.784668
0 0.735352 0.801905 0.0371094 0.0342857 0.798828
0 0.603027 0.839048 0.0380859 0.0361905 0.814941
0 0.714844 0.84 0.0429688 0.0419048 0.816895
0 0.683105 0.797143 0.0380859 0.0361905 0.82666
1 0.4375 0.838095 0.105469 0.0609524 0.827148
0 0.539551 0.742857 0.0322266 0.0304762 0.827637
0 0.381348 0.744762 0.0341797 0.0342857 0.845703
0 0.972168 0.961905 0.0439453 0.0761905 0.850586
0 0.618652 0.796191 0.0419922 0.0380952 0.853516
0 0.137695 0.900952 0.0410156 0.0647619 0.854004
0 0.289551 0.814286 0.0361328 0.04 0.856445
0 0.463379 0.742857 0.0419922 0.0380952 0.858398
0 0.760254 0.737143 0.0380859 0.0380952 0.859863
0 0.129883 0.122857 0.0390625 0.0666667 0.879395
0 0.608887 0.74381 0.0361328 0.0361905 0.880371
0 0.885742 0.838095 0.0390625 0.0533333 0.884277
0 0.934082 0.891429 0.0439453 0.0761905 0.894531
0 0.100098 0.892381 0.0478516 0.0819048 0.895996
0 0.971191 0.89619 0.0419922 0.0780952 0.904785
0 0.54834 0.871429 0.0400391 0.0628571 0.911133
0 0.192383 0.786667 0.0390625 0.0533333 0.920898
