1 0.812012 0.818095 0.0634766 0.0628571 0.259033
0 0.932617 0.122857 0.0878906 0.104762 0.341309
0 0.855469 0.826667 0.0390625 0.0571429 0.358887
0 0.819336 0.918095 0.0429688 0.0495238 0.438721
0 0.711426 0.744762 0.0302734 0.0342857 0.55957
0 0.918945 0.0295238 0.046875 0.0590476 0.571289
0 0.765625 0.895238 0.046875 0.0609524 0.590332
0 0.995117 0.955238 0.00976562 0.0666667 0.59375
0 0.242188 0.824762 0.0429688 0.0495238 0.643555
0 0.566895 0.796191 0.0400391 0.0342857 0.643555
1 0.933594 0.12381 0.0878906 0.102857 0.725098
0 0.622559 0.880952 0.0400391 0.04 0.738281
0 0.763672 0.737143 0.0351562 0.0380952 0.755859
0 0.741211 0.800952 0.0371094 0.0361905 0.76416
0 0.324707 0.749524 0.0263672 0.032381 0.767578
0 0.720215 0.88381 0.0439453 0.0457143 0.775391
0 0.374023 0.837143 0.0351562 0.032381 0.775391
0 0.668945 0.878095 0.0410156 0.0380952 0.787109
0 0.390625 0.748571 0.03125 0.0342857 0.788086
0 0.716309 0.841905 0.0380859 0.0457143 0.796875
0 0.566895 0.74381 0.0341797 0.032381 0.803223
0 0.966309 0.0952381 0.0458984 0.0609524 0.814941
0 0.0209961 0.16 0.0400391 0.0380952 0.818359
0 0.85791 0.775238 0.0517578 0.0685714 0.822266
0 0.688965 0.794286 0.0380859 0.0380952 0.82373
1 0.47998 0.834286 0.106445 0.0609524 0.831055
0 0.464844 0.74381 0.0351562 0.0361905 0.84375
0 0.972656 0.960952 0.0429688 0.0780952 0.84668
0 0.169434 0.869524 0.0537109 0.0819048 0.848633
0 0.61084 0.742857 0.0380859 0.0342857 0.851562
0 0.978027 0.269524 0.0380859 0.04 0.851562
0 0.628418 0.795238 0.0400391 0.0361905 0.859375
0 0.51416 0.742857 0.0419922 0.0380952 0.859375
0 0.640137 0.838095 0.0380859 0.0380952 0.872559
0 0.389648 0.796191 0.0351562 0.0380952 0.875
0 0.839844 0.878095 0.0449219 0.0571429 0.875488
0 0.0703125 0.179048 0.0410156 0.0571429 0.880859
0 0.890625 0.84 0.0390625 0.0495238 0.884766
0 0.20459 0.797143 0.0498047 0.0666667 0.890137
0 0.27002 0.760952 0.0380859 0.0361905 0.896973
0 0.975098 0.90381 0.0419922 0.0780952 0.900879
0 0.935059 0.892381 0.0439453 0.0742857 0.902832
0 0.856934 0.137143 0.0439453 0.08 0.914551
