1 0.80957 0.81619 0.0722656 0.0704762 0.257812
0 0.651367 0.837143 0.0332031 0.032381 0.271729
0 0.711914 0.745714 0.0292969 0.0361905 0.337891
0 0.769531 0.848571 0.0429688 0.047619 0.381836
0 0.720215 0.882857 0.0458984 0.0438095 0.457031
0 0.182617 0.858095 0.0449219 0.0704762 0.478271
0 0.0258789 0.158095 0.0419922 0.0380952 0.584473
0 0.994629 0.955238 0.0107422 0.0666667 0.595215
0 0.85498 0.774286 0.0517578 0.0704762 0.599609
1 0.967285 0.152381 0.0654297 0.0761905 0.636719
0 0.344238 0.748571 0.0341797 0.0342857 0.646973
0 0.668945 0.878095 0.0410156 0.0380952 0.652344
0 0.979004 0.100952 0.0400391 0.0495238 0.67627
0 0.355957 0.84 0.0341797 0.0342857 0.705078
0 0.685547 0.796191 0.0390625 0.0380952 0.716797
0 0.563477 0.744762 0.0332031 0.0304762 0.718262
0 0.62207 0.880952 0.0410156 0.04 0.718262
0 0.287598 0.754286 0.0283203 0.0342857 0.755859
1 0.460449 0.83619 0.106445 0.0609524 0.761719
0 0.921875 0.219048 0.0449219 0.0609524 0.777832
0 0.566406 0.796191 0.0390625 0.0380952 0.807617
0 0.760742 0.738095 0.0371094 0.04 0.8125
0 0.5 0.742857 0.0429688 0.0380952 0.848633
0 0.428711 0.74381 0.0332031 0.032381 0.849121
0 0.972656 0.960952 0.0429688 0.0780952 0.849609
0 0.335938 0.802857 0.0371094 0.0361905 0.854492
0 0.627441 0.795238 0.0419922 0.0361905 0.855469
0 0.61084 0.74381 0.0380859 0.0361905 0.856934
0 0.885742 0.838095 0.0390625 0.0571429 0.879883
0 0.152344 0.835238 0.046875 0.0780952 0.883789
0 0.231445 0.771429 0.0371094 0.0419048 0.884277
0 0.935059 0.893333 0.0439453 0.072381 0.891602
0 0.878418 0.117143 0.0439453 0.0780952 0.893555
0 0.577637 0.852381 0.0380859 0.047619 0.894531
0 0.11377 0.933333 0.0537109 0.0914286 0.895996
0 0.975098 0.90381 0.0419922 0.0780952 0.90332
