0 0.810547 0.818095 0.0664062 0.0628571 0.395264
0 0.85498 0.773333 0.0517578 0.0647619 0.426025
0 0.074707 0.153333 0.0361328 0.0552381 0.427734
0 0.818848 0.917143 0.0439453 0.0514286 0.438965
0 0.989746 0.275238 0.0205078 0.0361905 0.476074
0 0.711426 0.746667 0.0283203 0.0342857 0.532715
0 0.0664062 0.110476 0.0351562 0.0495238 0.556641
1 0.950195 0.138095 0.0839844 0.0857143 0.562988
0 0.994629 0.954286 0.0107422 0.0647619 0.582031
0 0.6875 0.83619 0.0390625 0.0380952 0.596191
0 0.920898 0.0285714 0.0449219 0.0571429 0.597168
0 0.742188 0.801905 0.0351562 0.0342857 0.603516
1 0.474121 0.83619 0.106445 0.0571429 0.693848
0 0.373047 0.747619 0.0351562 0.032381 0.711914
0 0.668945 0.878095 0.0410156 0.0380952 0.71582
0 0.367676 0.839048 0.0341797 0.032381 0.771484
0 0.310059 0.750476 0.0263672 0.0342857 0.782227
0 0.814941 0.866667 0.0458984 0.0495238 0.793945
0 0.6875 0.797143 0.0390625 0.04 0.818359
0 0.567383 0.742857 0.0332031 0.0304762 0.82666
0 0.969727 0.0942857 0.0449219 0.0552381 0.828125
0 0.511719 0.741905 0.0429688 0.04 0.82959
0 0.621582 0.880952 0.0400391 0.04 0.831055
0 0.761719 0.737143 0.0371094 0.0419048 0.833496
0 0.972656 0.961905 0.0429688 0.0761905 0.840332
0 0.146484 0.890476 0.0546875 0.0857143 0.840332
0 0.255859 0.76381 0.0390625 0.0419048 0.841797
0 0.61084 0.74381 0.0380859 0.0361905 0.848145
0 0.628906 0.796191 0.0429688 0.0380952 0.855469
0 0.0214844 0.159048 0.0410156 0.04 0.858398
0 0.369141 0.8 0.0351562 0.0342857 0.858887
0 0.566406 0.796191 0.0390625 0.0380952 0.868164
0 0.615234 0.840952 0.0371094 0.04 0.868652
0 0.453613 0.742857 0.0341797 0.0342857 0.868652
0 0.0834961 0.170476 0.0400391 0.0628571 0.869141
0 0.184082 0.809524 0.0498047 0.072381 0.872559
0 0.883789 0.837143 0.0488281 0.0590476 0.878418
0 0.839844 0.0419048 0.0410156 0.0838095 0.878418
0 0.881348 0.175238 0.0458984 0.072381 0.881348
0 0.975098 0.90381 0.0439453 0.0780952 0.898438
0 0.935059 0.893333 0.0439453 0.072381 0.900391
