0 0.976562 0.158095 0.0449219 0.0647619 0.279053
0 0.159668 0.875238 0.0419922 0.0742857 0.337891
1 0.811035 0.817143 0.0673828 0.0647619 0.356934
0 0.76709 0.9 0.0400391 0.0514286 0.399414
0 0.899902 0.0514286 0.0732422 0.102857 0.434082
0 0.325195 0.751429 0.0332031 0.032381 0.590332
0 0.994141 0.955238 0.0117188 0.0666667 0.605469
0 0.711426 0.744762 0.0302734 0.0342857 0.648926
0 0.983398 0.102857 0.0332031 0.0457143 0.666504
0 0.34375 0.840952 0.0332031 0.032381 0.678711
0 0.720703 0.88381 0.0449219 0.0457143 0.701172
0 0.852539 0.773333 0.0546875 0.072381 0.703125
0 0.668945 0.877143 0.0410156 0.04 0.732422
0 0.685547 0.796191 0.0390625 0.0380952 0.759277
0 0.740234 0.84381 0.0429688 0.0419048 0.771484
0 0.740723 0.802857 0.0361328 0.0361905 0.782227
0 0.625488 0.838095 0.0361328 0.0380952 0.785156
0 0.40625 0.74381 0.0332031 0.032381 0.797852
0 0.271973 0.755238 0.0283203 0.0361905 0.803223
0 0.561523 0.797143 0.0410156 0.0361905 0.803711
0 0.621582 0.880952 0.0400391 0.04 0.805664
0 0.553711 0.742857 0.0332031 0.0304762 0.813965
0 0.943848 0.234286 0.0439453 0.0571429 0.814941
0 0.85791 0.0495238 0.0458984 0.0876191 0.816406
0 0.313965 0.807619 0.0361328 0.0342857 0.830566
1 0.44873 0.837143 0.106445 0.0590476 0.834961
0 0.972656 0.961905 0.0429688 0.0761905 0.834961
0 0.484863 0.742857 0.0419922 0.0380952 0.838379
0 0.0351562 0.159048 0.0410156 0.04 0.838867
0 0.0932617 0.95619 0.0556641 0.0876191 0.848633
0 0.610352 0.74381 0.0371094 0.0361905 0.861328
0 0.211914 0.777143 0.0390625 0.0457143 0.863281
0 0.760742 0.737143 0.0371094 0.0380952 0.86377
0 0.625 0.795238 0.0429688 0.0361905 0.866699
0 0.907715 0.155238 0.0458984 0.0666667 0.868164
0 0.116211 0.139048 0.0410156 0.0685714 0.878906
0 0.885742 0.838095 0.0390625 0.0571429 0.882324
0 0.127441 0.859048 0.0478516 0.08 0.883789
0 0.560059 0.861905 0.0380859 0.0590476 0.884277
0 0.935059 0.892381 0.0439453 0.0742857 0.892578
0 0.974121 0.902857 0.0419922 0.0761905 0.900879
