0 0.811035 0.817143 0.0673828 0.0647619 0.305664
1 0.958496 0.14381 0.0810547 0.0819048 0.435547
0 0.955078 0.14 0.078125 0.0819048 0.452148
0 0.854492 0.772381 0.0527344 0.0666667 0.47998
0 0.720703 0.88381 0.0429688 0.0419048 0.484619
0 0.994629 0.95619 0.0107422 0.0647619 0.578613
0 0.710938 0.745714 0.0273438 0.032381 0.602051
0 0.090332 0.162857 0.0400391 0.0590476 0.605469
0 0.62207 0.880952 0.0410156 0.04 0.67334
0 0.741699 0.800952 0.0380859 0.0361905 0.700195
0 0.675781 0.83619 0.0390625 0.0342857 0.72168
0 0.79834 0.86 0.0439453 0.047619 0.730469
1 0.467773 0.83619 0.113281 0.0609524 0.75293
0 0.686035 0.797143 0.0400391 0.04 0.767578
0 0.36377 0.84 0.0341797 0.0342857 0.774414
0 0.30127 0.753333 0.0283203 0.0361905 0.78418
0 0.668457 0.877143 0.0400391 0.04 0.794922
0 0.36377 0.748571 0.0341797 0.0342857 0.796387
0 0.567383 0.742857 0.0332031 0.0304762 0.806641
0 0.61084 0.74381 0.0380859 0.0361905 0.835938
0 0.0219727 0.159048 0.0400391 0.04 0.84082
0 0.566895 0.798095 0.0400391 0.0380952 0.841309
0 0.972656 0.962857 0.0429688 0.0742857 0.842285
0 0.446777 0.744762 0.0361328 0.0342857 0.84375
0 0.357422 0.800952 0.0371094 0.0361905 0.844238
0 0.510254 0.741905 0.0419922 0.0361905 0.852539
0 0.972656 0.0961905 0.0449219 0.0514286 0.853516
0 0.895508 0.192381 0.0449219 0.0685714 0.859375
0 0.24707 0.768571 0.0429688 0.047619 0.863281
0 0.602539 0.84381 0.0371094 0.0457143 0.864746
0 0.628906 0.795238 0.0429688 0.0361905 0.867188
0 0.760742 0.738095 0.0371094 0.04 0.87207
0 0.174316 0.81619 0.0478516 0.0704762 0.873047
0 0.975098 0.904762 0.0419922 0.0761905 0.880371
0 0.884277 0.837143 0.0458984 0.0590476 0.888672
0 0.934082 0.893333 0.0439453 0.072381 0.898438
0 0.851074 0.0685714 0.0419922 0.0838095 0.901367
0 0.135742 0.904762 0.0527344 0.0876191 0.922363
