1 0.812012 0.819048 0.0654297 0.0685714 0.258301
0 0.059082 0.111429 0.0439453 0.0514286 0.323975
0 0.0517578 0.0895238 0.0527344 0.0533333 0.323975
0 0.919922 0.0285714 0.046875 0.0571429 0.358643
0 0.813477 0.819048 0.0644531 0.0685714 0.383301
0 0.065918 0.153333 0.0400391 0.0590476 0.486084
0 0.720215 0.882857 0.0439453 0.0438095 0.543457
0 0.710938 0.744762 0.0292969 0.0342857 0.546387
1 0.942871 0.132381 0.0869141 0.0971429 0.554688
0 0.831543 0.027619 0.0341797 0.0552381 0.559082
0 0.994629 0.95619 0.0107422 0.0685714 0.574707
0 0.741211 0.800952 0.0371094 0.0361905 0.627441
0 0.317871 0.749524 0.0283203 0.032381 0.647461
0 0.819824 0.918095 0.0419922 0.0495238 0.692383
0 0.855957 0.773333 0.0517578 0.0685714 0.712402
0 0.985352 0.271429 0.0292969 0.04 0.759766
0 0.381836 0.747619 0.0351562 0.032381 0.76416
0 0.195312 0.801905 0.0488281 0.0647619 0.773438
0 0.762207 0.737143 0.0361328 0.0380952 0.773926
0 0.702148 0.838095 0.0371094 0.0380952 0.777344
1 0.478027 0.83619 0.106445 0.0571429 0.778809
0 0.668945 0.87619 0.0410156 0.0380952 0.79834
0 0.370117 0.838095 0.0351562 0.0342857 0.800293
0 0.567383 0.742857 0.0332031 0.0304762 0.81543
0 0.621582 0.880952 0.0400391 0.04 0.825684
0 0.6875 0.795238 0.0390625 0.0361905 0.827148
0 0.829102 0.872381 0.0449219 0.0533333 0.833984
0 0.972656 0.960952 0.0429688 0.0780952 0.840332
0 0.566895 0.797143 0.0400391 0.0361905 0.84375
0 0.263184 0.761905 0.0380859 0.0380952 0.844727
0 0.0219727 0.16 0.0419922 0.0419048 0.845703
0 0.0771484 0.17619 0.0410156 0.0628571 0.847168
0 0.62793 0.796191 0.0410156 0.0380952 0.847656
0 0.967773 0.0942857 0.0449219 0.0552381 0.848145
0 0.513672 0.742857 0.0429688 0.0380952 0.848633
0 0.458984 0.742857 0.0351562 0.0342857 0.851562
0 0.61084 0.742857 0.0380859 0.0342857 0.852539
0 0.628418 0.839048 0.0380859 0.04 0.861328
0 0.379395 0.799048 0.0361328 0.04 0.863281
0 0.888184 0.838095 0.0400391 0.0571429 0.872559
0 0.867676 0.15619 0.0439453 0.0761905 0.873535
0 0.158203 0.880952 0.0546875 0.0857143 0.87793
0 0.974121 0.90381 0.0439453 0.0780952 0.90332
0 0.935059 0.894286 0.0439453 0.0742857 0.905273
