1 0.811035 0.820952 0.0654297 0.0647619 0.358887
0 0.916504 0.0219048 0.0361328 0.0438095 0.365479
0 0.895508 0.0685714 0.0761719 0.137143 0.406738
0 0.765625 0.894286 0.0429688 0.0514286 0.417969
0 0.78418 0.856191 0.0390625 0.047619 0.438721
0 0.995117 0.953333 0.00976562 0.0666667 0.483643
0 0.421875 0.747619 0.03125 0.032381 0.513184
0 0.710938 0.747619 0.0273438 0.032381 0.529297
0 0.767578 0.738095 0.0351562 0.04 0.575195
1 0.896484 0.0685714 0.078125 0.137143 0.587402
0 0.36377 0.746667 0.0283203 0.0342857 0.654297
0 0.62207 0.88 0.0410156 0.0380952 0.674316
0 0.668457 0.877143 0.0400391 0.0361905 0.689941
0 0.720215 0.884762 0.0439453 0.0438095 0.692383
0 0.386719 0.83619 0.0351562 0.0342857 0.693848
0 0.981445 0.16381 0.0371094 0.0495238 0.739746
0 0.711914 0.841905 0.0371094 0.0380952 0.742676
0 0.0195312 0.16 0.0351562 0.0380952 0.776855
0 0.921875 0.232381 0.0371094 0.0533333 0.779297
0 0.863281 0.780952 0.0546875 0.08 0.791016
0 0.691895 0.794286 0.0380859 0.0342857 0.818848
0 0.958496 0.0876191 0.0458984 0.0571429 0.824707
0 0.972656 0.960952 0.0429688 0.0780952 0.826172
1 0.484375 0.837143 0.105469 0.0628571 0.829102
0 0.566895 0.798095 0.0400391 0.0380952 0.833984
0 0.628418 0.795238 0.0419922 0.0361905 0.834961
0 0.468262 0.74381 0.0341797 0.0361905 0.835938
0 0.567383 0.742857 0.0332031 0.0304762 0.841797
0 0.410156 0.793333 0.0351562 0.0361905 0.844727
0 0.293457 0.813333 0.0400391 0.0380952 0.850098
0 0.236328 0.782857 0.0488281 0.0609524 0.852539
0 0.514648 0.742857 0.0410156 0.0380952 0.855469
0 0.217285 0.84 0.0537109 0.0685714 0.858887
0 0.287109 0.76 0.0371094 0.0380952 0.861328
0 0.970703 0.260952 0.0390625 0.0457143 0.863281
0 0.61084 0.741905 0.0380859 0.0361905 0.869141
0 0.0307617 0.199048 0.0400391 0.0438095 0.870117
0 0.90332 0.835238 0.0390625 0.0438095 0.875
0 0.880371 0.908571 0.0458984 0.0647619 0.887207
0 0.975098 0.905714 0.0439453 0.0819048 0.899902
0 0.935059 0.894286 0.0439453 0.0742857 0.901367
