0 0.742676 0.80381 0.0361328 0.0380952 0.254639
1 0.811523 0.82 0.0644531 0.0628571 0.337158
0 0.765625 0.898095 0.0429688 0.0514286 0.499512
0 0.819336 0.919048 0.0449219 0.0514286 0.522949
0 0.962402 0.0914286 0.0439453 0.0609524 0.532715
0 0.995117 0.955238 0.00976562 0.0704762 0.55957
0 0.989746 0.169524 0.0205078 0.0457143 0.59375
0 0.759766 0.846667 0.0390625 0.047619 0.65625
0 0.987305 0.268571 0.0253906 0.0419048 0.666504
1 0.911621 0.0942857 0.0791016 0.12381 0.68457
0 0.346191 0.746667 0.0302734 0.0342857 0.687012
0 0.668945 0.877143 0.0410156 0.0361905 0.697266
0 0.946289 0.253333 0.0390625 0.0495238 0.718262
0 0.62207 0.88 0.0410156 0.0380952 0.73584
0 0.384766 0.83619 0.0351562 0.0342857 0.75293
0 0.86084 0.778095 0.0517578 0.0704762 0.76709
0 0.199219 0.847619 0.0527344 0.072381 0.79248
0 0.0200195 0.159048 0.0380859 0.04 0.798828
0 0.567383 0.742857 0.0332031 0.0304762 0.812988
0 0.413574 0.748571 0.0322266 0.0342857 0.820312
0 0.227051 0.785714 0.0478516 0.0590476 0.826172
1 0.483887 0.83619 0.106445 0.0609524 0.82666
0 0.76709 0.739048 0.0361328 0.0380952 0.831543
0 0.972656 0.96 0.0429688 0.08 0.838379
0 0.274414 0.814286 0.0429688 0.04 0.844238
0 0.282227 0.759048 0.0371094 0.0361905 0.845215
0 0.611328 0.744762 0.0371094 0.0380952 0.847168
0 0.69043 0.796191 0.0371094 0.0380952 0.851074
0 0.40918 0.793333 0.0351562 0.0361905 0.854004
0 0.468262 0.74381 0.0361328 0.0361905 0.854492
0 0.897461 0.837143 0.0390625 0.0438095 0.856934
0 0.825684 0.0685714 0.0400391 0.0876191 0.856934
0 0.514648 0.742857 0.0410156 0.0380952 0.858398
0 0.62793 0.794286 0.0429688 0.0380952 0.858887
0 0.684082 0.839048 0.0361328 0.0361905 0.864258
0 0.046875 0.192381 0.0390625 0.0495238 0.87207
0 0.567383 0.796191 0.0410156 0.0380952 0.875
0 0.975098 0.90381 0.0419922 0.0780952 0.898438
0 0.935059 0.892381 0.0458984 0.0742857 0.903809
0 0.867188 0.897143 0.0449219 0.0647619 0.909668
