0 0.871582 0.0209524 0.0361328 0.0419048 0.252441
0 0.8125 0.82 0.0644531 0.0666667 0.27124
0 0.916504 0.0209524 0.0322266 0.0419048 0.350342
1 0.812012 0.819048 0.0654297 0.0647619 0.413818
0 0.870117 0.899048 0.0371094 0.0533333 0.420654
0 0.766602 0.9 0.0429688 0.0514286 0.435547
0 0.62207 0.88 0.0410156 0.0380952 0.522461
0 0.710938 0.745714 0.0273438 0.032381 0.604004
0 0.668945 0.87619 0.0410156 0.0380952 0.61084
0 0.720215 0.88381 0.0439453 0.0457143 0.661133
0 0.818848 0.917143 0.0439453 0.0514286 0.668457
0 0.991211 0.115238 0.0175781 0.0361905 0.721191
0 0.741699 0.802857 0.0380859 0.0361905 0.729492
0 0.38623 0.745714 0.0263672 0.032381 0.755859
0 0.871582 0.794286 0.0517578 0.0838095 0.757324
0 0.992188 0.171429 0.015625 0.0457143 0.768555
0 0.828125 0.871429 0.0371094 0.047619 0.78418
0 0.386719 0.83619 0.0351562 0.0342857 0.79541
1 0.484375 0.83619 0.105469 0.0609524 0.810059
0 0.985352 0.267619 0.0292969 0.04 0.82666
0 0.972656 0.961905 0.0429688 0.0761905 0.827148
0 0.692383 0.796191 0.0371094 0.0342857 0.830078
0 0.254395 0.778095 0.0498047 0.0590476 0.830566
0 0.753906 0.849524 0.0390625 0.0457143 0.833008
0 0.567383 0.742857 0.0332031 0.0304762 0.835449
0 0.769043 0.739048 0.0361328 0.0380952 0.838867
0 0.32666 0.807619 0.0419922 0.0380952 0.84668
0 0.468262 0.74381 0.0341797 0.0361905 0.847168
0 0.410156 0.794286 0.0351562 0.0342857 0.847168
0 0.915039 0.946667 0.0488281 0.0761905 0.853516
0 0.61084 0.742857 0.0380859 0.0342857 0.85791
0 0.514648 0.742857 0.0410156 0.0380952 0.858398
0 0.567383 0.798095 0.0410156 0.0380952 0.866211
0 0.261719 0.826667 0.0546875 0.0609524 0.866699
0 0.629883 0.796191 0.0429688 0.0380952 0.873047
0 0.945801 0.0771429 0.0439453 0.0590476 0.87793
0 0.310547 0.757143 0.0371094 0.0361905 0.880859
0 0.934082 0.187619 0.0419922 0.0552381 0.888672
0 0.90332 0.213333 0.0390625 0.0609524 0.891113
0 0.935059 0.893333 0.0439453 0.072381 0.891602
0 0.916504 0.832381 0.0380859 0.0419048 0.89502
0 0.941406 0.13619 0.0449219 0.0590476 0.898438
0 0.856445 0.14381 0.0371094 0.0666667 0.901855
0 0.975098 0.904762 0.0439453 0.08 0.905273
