1 0.742676 0.887619 0.0947266 0.0685714 0.262939
0 0.996094 0.266667 0.0078125 0.0533333 0.263428
0 0.830566 0.0190476 0.0283203 0.0380952 0.384766
0 0.722168 0.745714 0.0283203 0.0361905 0.386475
0 0.898926 0.922857 0.0517578 0.0704762 0.408691
0 0.810547 0.818095 0.0683594 0.0666667 0.421143
0 0.621582 0.88 0.0400391 0.0380952 0.566406
0 0.994629 0.118095 0.0107422 0.0495238 0.594238
0 0.740723 0.800952 0.0380859 0.0361905 0.652832
0 0.386719 0.744762 0.0273438 0.0342857 0.704102
0 0.386719 0.83619 0.0351562 0.0342857 0.742676
0 0.692383 0.796191 0.0371094 0.0342857 0.779297
0 0.816406 0.867619 0.0390625 0.0438095 0.792969
1 0.484375 0.83619 0.105469 0.0609524 0.8125
0 0.584473 0.798095 0.0400391 0.0342857 0.815918
0 0.925781 0.177143 0.0429688 0.0571429 0.822754
0 0.343262 0.753333 0.0380859 0.0361905 0.831543
0 0.468262 0.74381 0.0341797 0.0361905 0.833008
0 0.979492 0.157143 0.0390625 0.0438095 0.833984
0 0.567383 0.742857 0.0332031 0.0304762 0.834473
0 0.410156 0.793333 0.0351562 0.0361905 0.847168
0 0.638672 0.795238 0.0429688 0.0361905 0.848633
0 0.958496 0.0961905 0.0380859 0.0438095 0.851074
0 0.128418 0.904762 0.0400391 0.0647619 0.856445
0 0.514648 0.742857 0.0410156 0.0380952 0.857422
0 0.29541 0.767619 0.0478516 0.0495238 0.862793
0 0.61084 0.741905 0.0380859 0.0361905 0.863281
0 0.282715 0.820952 0.0517578 0.0533333 0.864746
0 0.784668 0.740952 0.0380859 0.0419048 0.869141
0 0.334473 0.807619 0.0400391 0.0380952 0.874023
0 0.902344 0.0361905 0.0429688 0.0685714 0.880371
0 0.885254 0.81619 0.0478516 0.0857143 0.883789
0 0.963379 0.869524 0.0400391 0.0666667 0.898438
0 0.972168 0.948571 0.0439453 0.072381 0.908203
0 0.921387 0.121905 0.0439453 0.0647619 0.912598
0 0.86084 0.144762 0.0458984 0.0838095 0.923828
