0 0.819336 0.917143 0.0449219 0.0514286 0.288574
1 0.743164 0.887619 0.09375 0.0647619 0.320801
0 0.716797 0.746667 0.0292969 0.0342857 0.373535
0 0.995117 0.954286 0.00976562 0.0685714 0.385986
0 0.62207 0.88 0.0410156 0.0380952 0.448486
0 0.812012 0.82 0.0654297 0.0628571 0.530762
0 0.991211 0.162857 0.0175781 0.04 0.552246
0 0.867188 0.027619 0.0371094 0.0552381 0.567871
0 0.668945 0.877143 0.0410156 0.0361905 0.615723
0 0.741211 0.800952 0.0371094 0.0361905 0.661621
0 0.952148 0.19619 0.0449219 0.0533333 0.708496
0 0.386719 0.744762 0.0273438 0.0342857 0.718262
0 0.829102 0.749524 0.0390625 0.0438095 0.724609
1 0.484863 0.83619 0.104492 0.0609524 0.793945
0 0.806641 0.864762 0.0390625 0.0457143 0.793945
0 0.386719 0.83619 0.0351562 0.0342857 0.793945
0 0.692383 0.796191 0.0371094 0.0342857 0.803711
0 0.567871 0.742857 0.0322266 0.0304762 0.816406
0 0.777344 0.74 0.0371094 0.04 0.835449
0 0.343262 0.753333 0.0380859 0.0361905 0.835938
0 0.638672 0.795238 0.0429688 0.0361905 0.841309
0 0.46875 0.744762 0.0351562 0.0342857 0.844238
0 0.410156 0.794286 0.0351562 0.0342857 0.844727
0 0.578613 0.796191 0.0419922 0.0380952 0.851562
0 0.890625 0.910476 0.0390625 0.0609524 0.854492
0 0.96875 0.102857 0.0351562 0.0419048 0.86377
0 0.514648 0.742857 0.0410156 0.0380952 0.86377
0 0.291504 0.769524 0.0478516 0.0533333 0.866211
0 0.61084 0.742857 0.0380859 0.0342857 0.872559
0 0.334961 0.807619 0.0390625 0.0380952 0.881348
0 0.916992 0.052381 0.0449219 0.0628571 0.885254
0 0.934082 0.134286 0.0439453 0.0628571 0.885742
0 0.282715 0.821905 0.0517578 0.0552381 0.893066
0 0.814453 0.0428571 0.0351562 0.0780952 0.896484
0 0.842773 0.0447619 0.0371094 0.0819048 0.901367
0 0.958496 0.930476 0.0458984 0.0742857 0.904297
0 0.889648 0.192381 0.046875 0.072381 0.915527
0 0.882812 0.811429 0.0507812 0.0838095 0.919922
0 0.946289 0.851429 0.0410156 0.0571429 0.921875
