0 0.871094 0.839048 0.0371094 0.0552381 0.259521
0 0.942871 0.972381 0.0458984 0.0552381 0.334229
0 0.915527 0.0209524 0.0322266 0.0419048 0.336914
0 0.621582 0.88 0.0400391 0.0380952 0.471191
0 0.668945 0.87619 0.0410156 0.0380952 0.492432
0 0.766113 0.9 0.0400391 0.0514286 0.516602
0 0.713379 0.745714 0.0283203 0.0361905 0.524902
0 0.769043 0.739048 0.0361328 0.0380952 0.538574
0 0.818848 0.917143 0.0439453 0.0514286 0.550293
0 0.386719 0.74381 0.0273438 0.032381 0.605469
0 0.720215 0.882857 0.0439453 0.0438095 0.606934
0 0.692383 0.797143 0.0371094 0.0361905 0.739746
0 0.771973 0.853333 0.0380859 0.0457143 0.761719
0 0.567383 0.742857 0.0332031 0.0304762 0.804199
0 0.386719 0.83619 0.0351562 0.0342857 0.807617
1 0.484863 0.83619 0.104492 0.0609524 0.810059
0 0.914551 0.106667 0.0439453 0.072381 0.830566
0 0.329102 0.75619 0.0371094 0.0342857 0.832031
0 0.468262 0.74381 0.0341797 0.0361905 0.836914
0 0.333496 0.807619 0.0400391 0.0380952 0.840332
0 0.566895 0.798095 0.0400391 0.0380952 0.842773
0 0.410156 0.793333 0.0351562 0.0361905 0.849121
0 0.634766 0.795238 0.0429688 0.0361905 0.850586
0 0.514648 0.742857 0.0410156 0.0380952 0.853516
0 0.61084 0.742857 0.0380859 0.0342857 0.855957
0 0.852539 0.879048 0.0410156 0.0552381 0.85791
0 0.978027 0.966667 0.0400391 0.0666667 0.858398
0 0.985352 0.113333 0.0292969 0.04 0.86084
0 0.938477 0.0714286 0.0449219 0.0590476 0.870117
0 0.958984 0.254286 0.046875 0.047619 0.87207
0 0.875 0.8 0.0507812 0.0838095 0.877441
0 0.279297 0.822857 0.0527344 0.0571429 0.883789
0 0.862305 0.15619 0.0371094 0.0685714 0.884277
0 0.824219 0.0742857 0.0351562 0.0685714 0.885254
0 0.892578 0.142857 0.0390625 0.0685714 0.887207
0 0.936035 0.89619 0.0439453 0.0742857 0.89209
0 0.269043 0.773333 0.0478516 0.0533333 0.895996
0 0.92334 0.834286 0.0380859 0.0380952 0.896484
0 0.978027 0.909524 0.0419922 0.0780952 0.910156
0 0.976074 0.161905 0.0419922 0.0495238 0.910645
