0 0.714844 0.744762 0.0273438 0.0342857 0.265625
0 0.668945 0.87619 0.0410156 0.0380952 0.354492
0 0.765625 0.895238 0.0429688 0.0533333 0.403809
0 0.720215 0.882857 0.0439453 0.0438095 0.416504
0 0.985352 0.97619 0.0292969 0.047619 0.481445
0 0.944336 0.975238 0.0410156 0.0495238 0.507324
0 0.621582 0.88 0.0400391 0.0419048 0.556152
0 0.740723 0.801905 0.0361328 0.0342857 0.581055
0 0.818848 0.917143 0.0439453 0.0514286 0.592285
0 0.988281 0.212381 0.0234375 0.0438095 0.641602
0 0.386719 0.74381 0.0273438 0.032381 0.64209
0 0.785156 0.858095 0.0390625 0.0438095 0.666016
0 0.38623 0.83619 0.0361328 0.0342857 0.727539
0 0.692383 0.796191 0.0371094 0.0380952 0.783691
1 0.484863 0.83619 0.104492 0.0609524 0.826172
0 0.567383 0.742857 0.0332031 0.0304762 0.827637
0 0.807617 0.0304762 0.0332031 0.0609524 0.831543
0 0.338379 0.754286 0.0380859 0.0380952 0.833008
0 0.770996 0.739048 0.0380859 0.0380952 0.833984
0 0.46875 0.74381 0.0351562 0.0361905 0.837402
0 0.568848 0.797143 0.0400391 0.0361905 0.841797
0 0.980469 0.108571 0.0351562 0.0419048 0.84375
0 0.410156 0.793333 0.0351562 0.0361905 0.847168
0 0.279785 0.772381 0.0478516 0.0514286 0.849609
0 0.514648 0.742857 0.0410156 0.0380952 0.852539
0 0.868164 0.890476 0.0371094 0.0590476 0.85791
0 0.61084 0.742857 0.0380859 0.0342857 0.86084
0 0.931152 0.0647619 0.0458984 0.0609524 0.867676
0 0.334961 0.807619 0.0410156 0.0380952 0.869141
0 0.928711 0.837143 0.0371094 0.0438095 0.870605
0 0.637207 0.795238 0.0419922 0.0361905 0.872559
0 0.983398 0.928571 0.0332031 0.0780952 0.872559
0 0.282715 0.821905 0.0517578 0.0552381 0.882812
0 0.872559 0.105714 0.0400391 0.0742857 0.887695
0 0.95752 0.152381 0.0419922 0.0533333 0.891602
0 0.877441 0.804762 0.0498047 0.0857143 0.894531
0 0.894531 0.0752381 0.0429688 0.0819048 0.904785
0 0.839844 0.113333 0.0371094 0.0742857 0.905273
0 0.940918 0.902857 0.0439453 0.072381 0.90625
0 0.932617 0.237143 0.046875 0.0590476 0.912598
