0 0.720703 0.882857 0.0449219 0.0438095 0.304932
0 0.818848 0.915238 0.0458984 0.0514286 0.351562
0 0.960938 0.969524 0.0351562 0.0609524 0.384521
0 0.811523 0.819048 0.0644531 0.0609524 0.428711
0 0.668945 0.87619 0.0410156 0.0380952 0.437988
0 0.742188 0.800952 0.0351562 0.0361905 0.618164
0 0.386719 0.74381 0.0273438 0.032381 0.631348
0 0.62207 0.88 0.0410156 0.0380952 0.635742
0 0.825684 0.747619 0.0400391 0.0438095 0.711914
0 0.990723 0.952381 0.0185547 0.0838095 0.753906
0 0.967285 0.20381 0.0439453 0.0419048 0.764648
0 0.883789 0.905714 0.0390625 0.0590476 0.772949
0 0.692383 0.795238 0.0371094 0.0361905 0.77832
0 0.386719 0.835238 0.0351562 0.0361905 0.79248
0 0.57373 0.797143 0.0400391 0.0361905 0.806152
0 0.800293 0.861905 0.0380859 0.0438095 0.80957
1 0.484375 0.835238 0.105469 0.0590476 0.82666
0 0.567383 0.742857 0.0332031 0.0304762 0.830078
0 0.342773 0.753333 0.0371094 0.0361905 0.833008
0 0.46875 0.74381 0.0351562 0.0361905 0.834961
0 0.288086 0.770476 0.0488281 0.0514286 0.837402
0 0.410156 0.793333 0.0351562 0.0361905 0.844727
0 0.638672 0.795238 0.0429688 0.0361905 0.84668
0 0.973633 0.104762 0.0371094 0.0457143 0.847656
0 0.774414 0.739048 0.0371094 0.0380952 0.848633
0 0.938965 0.84381 0.0400391 0.0533333 0.856445
0 0.514648 0.741905 0.0410156 0.0361905 0.859375
0 0.922852 0.0580952 0.0449219 0.0628571 0.862305
0 0.334473 0.807619 0.0400391 0.0380952 0.869141
0 0.874512 0.0380952 0.0419922 0.0761905 0.87793
0 0.282715 0.821905 0.0517578 0.0552381 0.879883
0 0.61084 0.741905 0.0380859 0.0361905 0.882812
0 0.952637 0.918095 0.0419922 0.072381 0.885742
0 0.852539 0.0657143 0.0390625 0.0780952 0.891113
0 0.821777 0.0657143 0.0361328 0.0780952 0.90332
0 0.880371 0.810476 0.0517578 0.0857143 0.904785
0 0.940918 0.14 0.0419922 0.0590476 0.911621
0 0.903809 0.210476 0.0478516 0.0704762 0.912598
