0 0.773926 0.74381 0.0361328 0.0361905 0.270264
1 0.819824 0.819048 0.0673828 0.0685714 0.29541
0 0.62207 0.88 0.0410156 0.0380952 0.358398
0 0.42334 0.746667 0.0322266 0.0342857 0.36084
0 0.859375 0.952381 0.0332031 0.0342857 0.39209
0 0.668945 0.87619 0.0410156 0.0380952 0.4021
0 0.989746 0.172381 0.0205078 0.047619 0.445801
0 0.925293 0.800952 0.0439453 0.0704762 0.491211
0 0.692871 0.796191 0.0361328 0.0342857 0.608887
0 0.936523 0.182857 0.0371094 0.0495238 0.678711
0 0.386719 0.74381 0.0273438 0.032381 0.702148
0 0.743164 0.800952 0.0371094 0.032381 0.702148
0 0.587402 0.797143 0.0400391 0.032381 0.726074
0 0.863281 0.0304762 0.0371094 0.0609524 0.748535
0 0.386719 0.835238 0.0351562 0.0361905 0.790039
0 0.567383 0.742857 0.0332031 0.0304762 0.812988
0 0.46875 0.74381 0.0351562 0.0361905 0.819336
0 0.95752 0.0980952 0.0439453 0.0552381 0.821777
0 0.34375 0.753333 0.0371094 0.0361905 0.826172
0 0.901855 0.04 0.0361328 0.0609524 0.836914
0 0.910645 0.106667 0.0439453 0.0647619 0.840332
1 0.486816 0.834286 0.106445 0.0609524 0.84082
0 0.638672 0.795238 0.0429688 0.0361905 0.848633
0 0.514648 0.742857 0.0410156 0.0380952 0.848633
0 0.413086 0.792381 0.0351562 0.0342857 0.850098
0 0.296387 0.767619 0.0478516 0.0495238 0.862305
0 0.61084 0.742857 0.0380859 0.0380952 0.864258
0 0.333984 0.807619 0.0390625 0.0380952 0.880371
0 0.869141 0.888571 0.0390625 0.0514286 0.883301
0 0.282715 0.821905 0.0517578 0.0552381 0.883789
0 0.896973 0.19619 0.0419922 0.0609524 0.88916
0 0.913086 0.857143 0.0488281 0.0838095 0.897461
0 0.84082 0.755238 0.0390625 0.047619 0.899902
