0 0.765137 0.74381 0.0322266 0.0361905 0.290771
0 0.42334 0.746667 0.0322266 0.0304762 0.297119
0 0.818848 0.918095 0.0458984 0.0533333 0.303711
0 0.621582 0.879048 0.0400391 0.04 0.47168
0 0.815918 0.817143 0.0673828 0.072381 0.546875
0 0.692871 0.796191 0.0380859 0.0380952 0.65625
0 0.387207 0.74381 0.0263672 0.032381 0.663086
0 0.587891 0.798095 0.0410156 0.0342857 0.693848
0 0.38623 0.835238 0.0361328 0.0361905 0.719727
0 0.741699 0.800952 0.0380859 0.0361905 0.746094
0 0.567871 0.742857 0.0322266 0.0304762 0.791992
0 0.845703 0.0428571 0.0390625 0.0857143 0.79541
0 0.412109 0.793333 0.0351562 0.0361905 0.813477
0 0.961914 0.2 0.0371094 0.0457143 0.813477
1 0.484375 0.835238 0.105469 0.0628571 0.822266
0 0.343262 0.753333 0.0380859 0.0361905 0.82959
0 0.468262 0.742857 0.0341797 0.0342857 0.836914
0 0.638672 0.795238 0.0429688 0.0361905 0.848633
0 0.514648 0.741905 0.0410156 0.04 0.854492
0 0.823242 0.748571 0.0390625 0.0457143 0.85498
0 0.97168 0.105714 0.0449219 0.0552381 0.86084
0 0.92627 0.22381 0.0439453 0.0590476 0.861816
0 0.61084 0.742857 0.0380859 0.0380952 0.864258
0 0.929199 0.125714 0.0439453 0.0571429 0.864746
0 0.295898 0.767619 0.046875 0.0495238 0.866699
0 0.334473 0.807619 0.0400391 0.0380952 0.873535
0 0.282715 0.822857 0.0517578 0.0533333 0.879395
0 0.911621 0.0542857 0.0380859 0.0590476 0.897461
0 0.876465 0.052381 0.0400391 0.0780952 0.906738
0 0.861328 0.88381 0.0390625 0.0533333 0.912598
0 0.905762 0.844762 0.0517578 0.0857143 0.915527
