0 0.692383 0.73619 0.0410156 0.04 0.273438
0 0.816895 0.82 0.0654297 0.0704762 0.307373
0 0.62207 0.88 0.0410156 0.0380952 0.308594
0 0.86084 0.952381 0.0361328 0.0342857 0.368164
0 0.994629 0.173333 0.0107422 0.0495238 0.401367
0 0.668945 0.87619 0.0410156 0.0380952 0.536133
0 0.837402 0.0295238 0.0341797 0.0590476 0.665039
0 0.950195 0.192381 0.0371094 0.0457143 0.665039
0 0.693848 0.796191 0.0361328 0.0342857 0.697266
0 0.386719 0.835238 0.0351562 0.0361905 0.703613
0 0.742676 0.801905 0.0361328 0.0342857 0.705078
0 0.587402 0.797143 0.0400391 0.032381 0.709961
0 0.386719 0.744762 0.0273438 0.0342857 0.714844
0 0.568359 0.742857 0.0332031 0.0304762 0.794434
0 0.34375 0.753333 0.0371094 0.0361905 0.820312
1 0.485352 0.83619 0.105469 0.0609524 0.82959
0 0.46875 0.74381 0.0351562 0.0361905 0.831543
0 0.63916 0.795238 0.0419922 0.0361905 0.840332
0 0.515137 0.742857 0.0419922 0.0380952 0.854492
0 0.413086 0.793333 0.0351562 0.0361905 0.855957
0 0.296387 0.767619 0.0478516 0.0495238 0.858887
0 0.964355 0.100952 0.0439453 0.0533333 0.859375
0 0.911621 0.210476 0.0419922 0.0590476 0.859375
0 0.61084 0.741905 0.0380859 0.0361905 0.861328
0 0.90625 0.0466667 0.0351562 0.0590476 0.86377
0 0.334473 0.807619 0.0400391 0.0380952 0.876465
0 0.869141 0.0390476 0.0390625 0.0780952 0.880859
0 0.282715 0.822857 0.0517578 0.0533333 0.887207
0 0.865234 0.887619 0.0390625 0.0533333 0.889648
0 0.832031 0.752381 0.0371094 0.0457143 0.896973
0 0.919434 0.118095 0.0458984 0.0609524 0.905273
0 0.909668 0.850476 0.0498047 0.0857143 0.910645
