1 0.811523 0.818095 0.0683594 0.0666667 0.257324
0 0.757324 0.74381 0.0283203 0.0361905 0.29248
0 0.692383 0.794286 0.0390625 0.0342857 0.318359
0 0.938477 0.967619 0.0488281 0.0647619 0.388428
0 0.668945 0.87619 0.0410156 0.0380952 0.452881
0 0.62207 0.88 0.0410156 0.0380952 0.50293
0 0.387695 0.74381 0.0273438 0.032381 0.55957
0 0.587891 0.798095 0.0390625 0.0342857 0.581055
0 0.981445 0.113333 0.0371094 0.0552381 0.582031
0 0.812988 0.0266667 0.0322266 0.0533333 0.594238
0 0.66748 0.737143 0.0400391 0.0457143 0.608887
0 0.386719 0.83619 0.0351562 0.0342857 0.638184
0 0.741699 0.800952 0.0380859 0.0361905 0.688965
0 0.568359 0.742857 0.03125 0.0304762 0.795898
0 0.46875 0.744762 0.0351562 0.0342857 0.8125
1 0.484375 0.834286 0.105469 0.0609524 0.816406
0 0.98584 0.214286 0.0283203 0.047619 0.820312
0 0.34375 0.753333 0.0371094 0.0361905 0.825195
0 0.639648 0.795238 0.0429688 0.0361905 0.830566
0 0.411133 0.793333 0.0351562 0.0361905 0.835449
0 0.80957 0.74381 0.0390625 0.0438095 0.838867
0 0.957031 0.244762 0.0429688 0.0514286 0.841309
0 0.515137 0.742857 0.0419922 0.0380952 0.849609
0 0.61084 0.74381 0.0380859 0.0361905 0.853516
0 0.296387 0.767619 0.0478516 0.0495238 0.86377
0 0.865234 0.0904762 0.0390625 0.0819048 0.875
0 0.852539 0.879048 0.0390625 0.0514286 0.882324
0 0.334473 0.807619 0.0400391 0.0380952 0.882812
0 0.925781 0.0704762 0.0390625 0.0571429 0.883301
0 0.283203 0.821905 0.0507812 0.0552381 0.887695
0 0.944336 0.139048 0.0449219 0.0495238 0.896484
0 0.899414 0.838095 0.0488281 0.0838095 0.912598
0 0.890625 0.0780952 0.0410156 0.0761905 0.91748
