0 0.942871 0.97619 0.0361328 0.047619 0.273438
0 0.668945 0.87619 0.0410156 0.0380952 0.351807
0 0.813965 0.818095 0.0654297 0.0704762 0.368164
0 0.621582 0.88 0.0400391 0.0380952 0.498291
0 0.883789 0.767619 0.0410156 0.0533333 0.552246
0 0.386719 0.74381 0.0273438 0.032381 0.62207
0 0.691406 0.796191 0.0390625 0.0342857 0.675293
0 0.741211 0.800952 0.0390625 0.0361905 0.738281
0 0.587402 0.798095 0.0380859 0.0342857 0.76416
0 0.975098 0.206667 0.0361328 0.0438095 0.79248
1 0.484375 0.834286 0.105469 0.0609524 0.79541
0 0.386719 0.835238 0.0351562 0.0361905 0.805176
0 0.978027 0.108571 0.0419922 0.0495238 0.817871
0 0.941406 0.235238 0.0429688 0.0552381 0.818359
0 0.567383 0.742857 0.0332031 0.0304762 0.819824
0 0.855469 0.067619 0.0390625 0.0857143 0.821777
0 0.412109 0.793333 0.0351562 0.0361905 0.823242
0 0.46875 0.74381 0.0351562 0.0361905 0.827148
0 0.34375 0.753333 0.0371094 0.0361905 0.828613
0 0.63916 0.795238 0.0419922 0.0361905 0.84668
0 0.51416 0.742857 0.0419922 0.0380952 0.854492
0 0.295898 0.767619 0.046875 0.0495238 0.860352
0 0.333984 0.807619 0.0410156 0.0380952 0.864746
0 0.61084 0.741905 0.0380859 0.0361905 0.866211
0 0.282715 0.821905 0.0517578 0.0552381 0.869141
0 0.918457 0.0628571 0.0361328 0.0571429 0.871582
0 0.937012 0.131429 0.0419922 0.0533333 0.872559
0 0.81543 0.746667 0.0390625 0.0457143 0.882324
0 0.883789 0.0647619 0.0410156 0.08 0.895996
0 0.902344 0.841905 0.0488281 0.0838095 0.901367
0 0.856934 0.882857 0.0400391 0.0514286 0.916992
