0 0.810547 0.81619 0.0703125 0.0666667 0.385254
0 0.991211 0.26381 0.015625 0.047619 0.411377
0 0.668945 0.87619 0.0410156 0.0380952 0.505371
0 0.992188 0.117143 0.015625 0.047619 0.555664
0 0.911621 0.938095 0.0458984 0.0704762 0.563477
0 0.819824 0.918095 0.0439453 0.0495238 0.631348
0 0.14209 0.889524 0.0400391 0.0647619 0.634766
0 0.62207 0.879048 0.0410156 0.04 0.634766
0 0.727539 0.744762 0.0292969 0.0342857 0.640625
0 0.585449 0.797143 0.0400391 0.032381 0.65625
0 0.386719 0.744762 0.0273438 0.0342857 0.69043
0 0.386719 0.83619 0.0351562 0.0342857 0.754395
0 0.692871 0.796191 0.0361328 0.0342857 0.779297
0 0.567871 0.742857 0.0322266 0.0304762 0.800781
0 0.740723 0.800952 0.0400391 0.0361905 0.806641
0 0.894531 0.0314286 0.0429688 0.0628571 0.812988
0 0.914062 0.164762 0.0429688 0.0628571 0.813477
1 0.484375 0.834286 0.107422 0.0609524 0.818848
0 0.46875 0.74381 0.0351562 0.0361905 0.820312
0 0.34375 0.753333 0.0371094 0.0361905 0.830566
0 0.823242 0.869524 0.0410156 0.0438095 0.834473
0 0.410156 0.793333 0.0351562 0.0361905 0.84082
0 0.638672 0.795238 0.0429688 0.0361905 0.843262
0 0.974121 0.155238 0.0419922 0.04 0.844238
0 0.885254 0.817143 0.0537109 0.0914286 0.850586
0 0.514648 0.742857 0.0410156 0.0380952 0.851562
0 0.789551 0.741905 0.0380859 0.0438095 0.861816
0 0.296387 0.767619 0.0478516 0.0495238 0.866211
0 0.61084 0.741905 0.0380859 0.0361905 0.867676
0 0.334473 0.807619 0.0400391 0.0380952 0.87793
0 0.953125 0.0933333 0.0371094 0.0457143 0.878906
0 0.282715 0.821905 0.0517578 0.0552381 0.88916
0 0.978027 0.96 0.0419922 0.0761905 0.891113
0 0.849121 0.119048 0.0439453 0.0857143 0.914551
0 0.916504 0.114286 0.0439453 0.0685714 0.91748
0 0.971191 0.881905 0.0419922 0.072381 0.92334
