0 0.668945 0.87619 0.0410156 0.0380952 0.405518
1 0.849121 0.829524 0.0673828 0.0704762 0.423584
0 0.824219 0.751429 0.0292969 0.04 0.511719
0 0.424316 0.748571 0.0341797 0.0342857 0.519043
0 0.387207 0.74381 0.0263672 0.032381 0.668457
0 0.984375 0.104762 0.03125 0.0533333 0.721191
0 0.568359 0.742857 0.0332031 0.0304762 0.771973
0 0.592285 0.797143 0.0419922 0.0361905 0.779297
0 0.612793 0.742857 0.0380859 0.0380952 0.805664
1 0.495605 0.834286 0.104492 0.0609524 0.807129
0 0.695312 0.794286 0.0410156 0.0380952 0.808105
0 0.932129 0.0742857 0.0458984 0.0685714 0.816895
0 0.34375 0.755238 0.0371094 0.0361905 0.818359
0 0.75 0.739048 0.0429688 0.0457143 0.820801
0 0.870605 0.0447619 0.0419922 0.0780952 0.826172
0 0.46875 0.74381 0.0351562 0.0361905 0.836914
0 0.96582 0.160952 0.0449219 0.0552381 0.839355
0 0.752441 0.8 0.0400391 0.0380952 0.839844
0 0.386719 0.83619 0.0351562 0.0342857 0.84375
0 0.973145 0.215238 0.0439453 0.0419048 0.854004
0 0.515137 0.742857 0.0419922 0.0380952 0.858398
0 0.296387 0.767619 0.0478516 0.0495238 0.859863
0 0.421387 0.792381 0.0361328 0.0342857 0.865234
0 0.871582 0.102857 0.0361328 0.0647619 0.87207
0 0.283203 0.821905 0.0507812 0.0552381 0.878906
0 0.644043 0.796191 0.0419922 0.0380952 0.879883
0 0.942871 0.258095 0.0439453 0.0552381 0.880371
0 0.334473 0.807619 0.0400391 0.0380952 0.881836
0 0.829102 0.0780952 0.0390625 0.0838095 0.886719
0 0.892578 0.909524 0.0390625 0.0590476 0.896973
0 0.887695 0.785714 0.0390625 0.0552381 0.908203
0 0.942871 0.904762 0.0498047 0.0876191 0.92334
