0 0.23291 0.824762 0.0458984 0.0457143 0.289062
0 0.831055 0.0228571 0.03125 0.0457143 0.360596
0 0.62207 0.88 0.0410156 0.0380952 0.439697
1 0.886719 0.855238 0.0703125 0.0952381 0.603516
0 0.424316 0.748571 0.0322266 0.0342857 0.605469
0 0.386719 0.744762 0.0273438 0.0342857 0.647949
0 0.886719 0.855238 0.0703125 0.0952381 0.65918
0 0.990723 0.222857 0.0185547 0.0419048 0.664551
0 0.872559 0.769524 0.0302734 0.0419048 0.689453
0 0.702637 0.792381 0.0419922 0.0419048 0.721191
0 0.595703 0.798095 0.0390625 0.0342857 0.79248
0 0.987305 0.161905 0.0253906 0.0380952 0.802734
0 0.980957 0.966667 0.0380859 0.0666667 0.803711
0 0.925781 0.132381 0.046875 0.0704762 0.812012
0 0.567383 0.742857 0.0332031 0.0304762 0.823242
0 0.343262 0.753333 0.0361328 0.0361905 0.82373
0 0.38623 0.835238 0.0361328 0.0361905 0.828613
0 0.774902 0.8 0.0361328 0.0380952 0.831055
0 0.46875 0.74381 0.0351562 0.0361905 0.834961
0 0.790527 0.742857 0.0400391 0.0457143 0.837402
1 0.503906 0.833333 0.109375 0.0628571 0.841797
0 0.423828 0.792381 0.0351562 0.0342857 0.842285
0 0.514648 0.742857 0.0410156 0.0380952 0.854492
0 0.983887 0.270476 0.0322266 0.0419048 0.855469
0 0.283203 0.820952 0.0507812 0.0533333 0.856445
0 0.333984 0.808571 0.0390625 0.0361905 0.857422
0 0.933594 0.967619 0.0390625 0.0647619 0.858398
0 0.921875 0.0638095 0.0449219 0.0704762 0.86084
0 0.296387 0.767619 0.0478516 0.0495238 0.862305
0 0.646973 0.796191 0.0419922 0.0380952 0.868164
0 0.973633 0.0942857 0.046875 0.0552381 0.872559
0 0.906738 0.166667 0.0439453 0.0704762 0.884277
0 0.643555 0.742857 0.0371094 0.0380952 0.90332
0 0.948242 0.859048 0.0390625 0.0685714 0.91748
0 0.878418 0.195238 0.0439453 0.0742857 0.931641
