0 0.668945 0.87619 0.0410156 0.0380952 0.289551
0 0.621582 0.88 0.0400391 0.0380952 0.362793
0 0.899414 0.792381 0.03125 0.0495238 0.480225
0 0.814453 0.747619 0.0390625 0.047619 0.480225
0 0.597656 0.796191 0.0429688 0.0342857 0.53418
0 0.230957 0.824762 0.0419922 0.0495238 0.579102
0 0.386719 0.744762 0.0273438 0.0342857 0.682617
0 0.424316 0.748571 0.0322266 0.0342857 0.703613
0 0.908691 0.873333 0.0693359 0.104762 0.70752
0 0.721191 0.792381 0.0380859 0.0380952 0.70752
0 0.796387 0.802857 0.0400391 0.04 0.802734
0 0.570312 0.742857 0.0332031 0.0304762 0.819824
0 0.342773 0.753333 0.0371094 0.0361905 0.82373
0 0.386719 0.835238 0.0351562 0.0361905 0.830078
0 0.468262 0.74381 0.0341797 0.0361905 0.849609
0 0.427734 0.791429 0.0351562 0.0361905 0.854492
0 0.296387 0.767619 0.0478516 0.0495238 0.856445
0 0.514648 0.742857 0.0410156 0.0380952 0.859375
0 0.649902 0.795238 0.0419922 0.0361905 0.861816
0 0.955566 0.25619 0.0419922 0.0514286 0.863281
1 0.51123 0.833333 0.106445 0.0666667 0.864258
0 0.283203 0.821905 0.0507812 0.0552381 0.869141
0 0.972656 0.211429 0.0429688 0.0495238 0.870605
0 0.97168 0.152381 0.0410156 0.0457143 0.875488
0 0.669434 0.742857 0.0361328 0.0380952 0.875977
0 0.334473 0.807619 0.0400391 0.0380952 0.882324
0 0.877441 0.12381 0.0419922 0.0761905 0.882812
0 0.916504 0.0580952 0.0458984 0.0704762 0.883789
0 0.907227 0.108571 0.0449219 0.08 0.894043
0 0.96875 0.0914286 0.0449219 0.0571429 0.896484
0 0.981445 0.916191 0.0371094 0.072381 0.899414
0 0.849121 0.145714 0.0419922 0.0780952 0.913574
