0 0.621582 0.88 0.0400391 0.0380952 0.328369
0 0.843262 0.825714 0.0654297 0.0704762 0.406982
0 0.668945 0.877143 0.0410156 0.04 0.414795
0 0.883301 0.02 0.0361328 0.04 0.418213
1 0.843262 0.825714 0.0673828 0.0704762 0.420166
0 0.424805 0.748571 0.0332031 0.0342857 0.447266
0 0.588867 0.797143 0.0390625 0.0361905 0.601562
0 0.983398 0.22 0.0332031 0.04 0.681152
0 0.386719 0.744762 0.0273438 0.0342857 0.704102
0 0.988281 0.105714 0.0234375 0.0438095 0.743652
0 0.813965 0.749524 0.0283203 0.0361905 0.764648
0 0.694336 0.795238 0.0410156 0.0361905 0.78418
0 0.567871 0.742857 0.0322266 0.0304762 0.791992
1 0.494141 0.83619 0.105469 0.0609524 0.798828
0 0.741211 0.738095 0.0429688 0.0438095 0.810059
0 0.46875 0.74381 0.0351562 0.0361905 0.814941
0 0.973633 0.164762 0.0449219 0.0514286 0.82373
0 0.34375 0.753333 0.0371094 0.0361905 0.827148
0 0.75 0.8 0.0371094 0.0380952 0.832031
0 0.885254 0.121905 0.0380859 0.0647619 0.84668
0 0.61084 0.742857 0.0380859 0.0380952 0.849121
0 0.878418 0.0628571 0.0419922 0.0761905 0.852051
0 0.386719 0.835238 0.0351562 0.0361905 0.855957
0 0.514648 0.742857 0.0410156 0.0380952 0.856445
0 0.84082 0.105714 0.0371094 0.0780952 0.859375
0 0.282715 0.821905 0.0517578 0.0552381 0.859863
0 0.296387 0.767619 0.0478516 0.0495238 0.862305
0 0.959473 0.264762 0.0419922 0.0457143 0.866699
0 0.885742 0.902857 0.0410156 0.0571429 0.868652
0 0.418945 0.792381 0.0351562 0.0342857 0.868652
0 0.334961 0.808571 0.0390625 0.0361905 0.870117
0 0.642578 0.796191 0.0429688 0.0380952 0.875977
0 0.936035 0.08 0.0458984 0.0647619 0.892578
0 0.875 0.777143 0.0410156 0.0533333 0.897461
0 0.935059 0.890476 0.0498047 0.0895238 0.90918
