1 0.835449 0.82381 0.0673828 0.0704762 0.276367
0 0.229492 0.822857 0.0410156 0.0457143 0.288818
0 0.423828 0.747619 0.0332031 0.032381 0.3396
0 0.803711 0.747619 0.0292969 0.0361905 0.458984
0 0.990234 0.225714 0.0195312 0.0361905 0.553711
0 0.887207 0.0257143 0.0361328 0.0514286 0.599609
0 0.991211 0.110476 0.0175781 0.0457143 0.630371
0 0.386719 0.744762 0.0273438 0.0342857 0.632812
0 0.694824 0.795238 0.0400391 0.0361905 0.666504
0 0.746582 0.799048 0.0380859 0.0361905 0.711914
0 0.588867 0.798095 0.0410156 0.0342857 0.738281
0 0.979004 0.167619 0.0400391 0.0457143 0.784668
0 0.38623 0.834286 0.0361328 0.0380952 0.805176
1 0.492188 0.834286 0.105469 0.0609524 0.816895
0 0.73291 0.738095 0.0458984 0.047619 0.820312
0 0.34375 0.753333 0.0371094 0.0361905 0.82373
0 0.567871 0.742857 0.0322266 0.0304762 0.824219
0 0.46875 0.74381 0.0351562 0.0361905 0.82959
0 0.94043 0.0847619 0.0449219 0.0628571 0.833984
0 0.854004 0.132381 0.0400391 0.0742857 0.849609
0 0.886719 0.0752381 0.0410156 0.0742857 0.852539
0 0.514648 0.742857 0.0410156 0.0380952 0.855469
0 0.976562 0.272381 0.0429688 0.0419048 0.857422
0 0.61084 0.741905 0.0380859 0.0361905 0.862305
0 0.897461 0.141905 0.0371094 0.0590476 0.865723
0 0.296387 0.767619 0.0478516 0.0495238 0.869141
0 0.640625 0.795238 0.0429688 0.0361905 0.870605
0 0.333984 0.807619 0.0390625 0.0380952 0.871094
0 0.416992 0.792381 0.0351562 0.0342857 0.872559
0 0.283203 0.821905 0.0507812 0.0552381 0.876953
0 0.865234 0.770476 0.0390625 0.0514286 0.879883
0 0.880859 0.897143 0.0390625 0.0571429 0.915527
0 0.928223 0.879048 0.0498047 0.0857143 0.923828
