0 0.231934 0.82381 0.0439453 0.047619 0.254639
0 0.943848 0.244762 0.0322266 0.0438095 0.276367
0 0.386719 0.744762 0.0273438 0.0342857 0.726074
0 0.88916 0.0285714 0.0419922 0.0571429 0.733398
0 0.949707 0.208571 0.0419922 0.0514286 0.738281
1 0.541016 0.832381 0.109375 0.0647619 0.748535
0 0.989258 0.104762 0.0214844 0.0419048 0.796387
0 0.636719 0.798095 0.0429688 0.0380952 0.817383
0 0.651367 0.742857 0.0332031 0.0304762 0.820312
0 0.342773 0.754286 0.0371094 0.0342857 0.82373
0 0.831055 0.807619 0.046875 0.0533333 0.830566
0 0.402832 0.834286 0.0341797 0.0380952 0.833008
0 0.452148 0.794286 0.0351562 0.0342857 0.848145
0 0.283203 0.821905 0.0507812 0.0552381 0.855469
0 0.939453 0.072381 0.046875 0.0609524 0.855469
0 0.296387 0.767619 0.0478516 0.0495238 0.856934
0 0.945801 0.144762 0.0517578 0.0647619 0.863281
0 0.726074 0.798095 0.0419922 0.0419048 0.864258
0 0.527832 0.741905 0.0419922 0.04 0.864258
0 0.933594 0.84 0.0429688 0.0685714 0.864746
0 0.894531 0.0828571 0.0390625 0.0666667 0.866211
0 0.468262 0.74381 0.0341797 0.0361905 0.867188
0 0.333984 0.808571 0.0390625 0.0361905 0.875488
0 0.863281 0.0933333 0.0410156 0.0838095 0.87793
0 0.927734 0.893333 0.0390625 0.0647619 0.881836
0 0.830078 0.0828571 0.0390625 0.0819048 0.901367
0 0.808594 0.750476 0.0390625 0.0457143 0.902832
