0 0.989746 0.209524 0.0185547 0.0419048 0.269775
0 0.996094 0.162857 0.0078125 0.04 0.431396
0 0.621582 0.88 0.0400391 0.0419048 0.436279
0 0.88623 0.0285714 0.0439453 0.0571429 0.528809
0 0.924805 0.230476 0.0292969 0.0457143 0.563477
1 0.548828 0.830476 0.105469 0.0609524 0.62207
0 0.387207 0.744762 0.0263672 0.0342857 0.680176
0 0.664062 0.742857 0.0332031 0.0304762 0.700195
0 0.407715 0.833333 0.0341797 0.032381 0.731934
0 0.647461 0.8 0.0429688 0.0380952 0.79248
0 0.98584 0.100952 0.0283203 0.0419048 0.819336
0 0.342773 0.753333 0.0371094 0.0361905 0.821777
0 0.283203 0.821905 0.0507812 0.0552381 0.837402
0 0.536133 0.741905 0.0410156 0.04 0.845703
0 0.843262 0.811429 0.0576172 0.0685714 0.84668
0 0.458496 0.794286 0.0341797 0.0342857 0.852051
0 0.937012 0.138095 0.0517578 0.0666667 0.857422
0 0.739746 0.798095 0.0419922 0.0419048 0.85791
0 0.935059 0.197143 0.0439453 0.0552381 0.858398
0 0.468262 0.74381 0.0341797 0.0361905 0.863281
0 0.945801 0.852381 0.0439453 0.0704762 0.867676
0 0.296387 0.767619 0.0478516 0.0495238 0.867676
0 0.887695 0.0733333 0.0410156 0.0628571 0.871582
0 0.852539 0.0704762 0.0390625 0.0876191 0.872559
0 0.334961 0.807619 0.0390625 0.0380952 0.874512
0 0.827148 0.755238 0.0390625 0.0438095 0.875
0 0.942383 0.913333 0.0390625 0.0704762 0.883789
0 0.936523 0.0685714 0.046875 0.0609524 0.884277
0 0.819336 0.052381 0.0371094 0.0819048 0.90625
