0 0.994629 0.108571 0.0107422 0.0457143 0.387207
0 0.993652 0.174286 0.0126953 0.0552381 0.53418
0 0.230469 0.824762 0.0410156 0.0457143 0.616211
0 0.424316 0.748571 0.0341797 0.0342857 0.645508
0 0.926758 0.821905 0.03125 0.0552381 0.708496
0 0.386719 0.744762 0.0273438 0.0342857 0.710449
0 0.601562 0.795238 0.0429688 0.0361905 0.757324
0 0.743164 0.790476 0.0410156 0.0419048 0.777344
0 0.845703 0.76381 0.046875 0.0533333 0.799316
0 0.580566 0.742857 0.0322266 0.0304762 0.800781
0 0.432617 0.792381 0.0371094 0.0342857 0.808105
0 0.342773 0.753333 0.0371094 0.0361905 0.825195
0 0.936035 0.909524 0.0693359 0.112381 0.831543
0 0.386719 0.835238 0.0351562 0.0361905 0.833496
1 0.515137 0.833333 0.110352 0.0628571 0.848145
0 0.698242 0.741905 0.0371094 0.04 0.848145
0 0.82959 0.815238 0.0380859 0.0457143 0.853027
0 0.468262 0.742857 0.0341797 0.0342857 0.855469
0 0.295898 0.767619 0.0488281 0.0495238 0.858887
0 0.514648 0.742857 0.0410156 0.0380952 0.86084
0 0.963379 0.0895238 0.0458984 0.0571429 0.86377
0 0.282715 0.821905 0.0517578 0.0552381 0.868164
0 0.888184 0.0819048 0.0458984 0.0838095 0.869141
0 0.334473 0.808571 0.0400391 0.0361905 0.87207
0 0.657715 0.796191 0.0439453 0.0380952 0.872559
0 0.921875 0.233333 0.0429688 0.0628571 0.878906
0 0.850586 0.0714286 0.0390625 0.0780952 0.881348
0 0.947266 0.139048 0.0390625 0.0495238 0.889648
0 0.90918 0.047619 0.046875 0.072381 0.895996
0 0.941406 0.19619 0.0429688 0.0571429 0.900879
0 0.826172 0.0914286 0.0390625 0.0838095 0.900879
