0 0.233398 0.82381 0.0449219 0.047619 0.314941
0 0.668945 0.87619 0.0410156 0.0380952 0.421875
0 0.424805 0.746667 0.0332031 0.0304762 0.528809
0 0.993164 0.108571 0.0136719 0.0419048 0.530762
0 0.621582 0.879048 0.0400391 0.04 0.532227
0 0.956055 0.862857 0.0332031 0.0571429 0.571289
0 0.600586 0.742857 0.0332031 0.0304762 0.657715
0 0.833008 0.0285714 0.0332031 0.0571429 0.692383
0 0.386719 0.744762 0.0273438 0.0342857 0.73877
0 0.607422 0.794286 0.0410156 0.0380952 0.803711
0 0.964844 0.948571 0.0664062 0.102857 0.811035
0 0.770508 0.791429 0.0371094 0.04 0.812988
0 0.342773 0.753333 0.0371094 0.0361905 0.828613
0 0.438965 0.794286 0.0341797 0.0342857 0.833984
0 0.981445 0.166667 0.0371094 0.047619 0.835938
0 0.956055 0.0828571 0.0449219 0.0552381 0.835938
0 0.390625 0.834286 0.0351562 0.0380952 0.836914
0 0.283203 0.821905 0.0507812 0.0552381 0.840332
0 0.46875 0.742857 0.0351562 0.0342857 0.844238
0 0.880371 0.786667 0.0419922 0.0571429 0.854004
0 0.901367 0.04 0.0449219 0.0761905 0.854492
0 0.927734 0.12 0.0390625 0.0533333 0.858398
0 0.514648 0.741905 0.0410156 0.04 0.860352
0 0.807617 0.0371429 0.0351562 0.0742857 0.861816
0 0.296387 0.767619 0.0478516 0.0495238 0.86377
0 0.672852 0.796191 0.0429688 0.0380952 0.865723
0 0.888184 0.197143 0.0439453 0.0704762 0.867676
0 0.864746 0.835238 0.0400391 0.0552381 0.870117
0 0.731445 0.74 0.0371094 0.04 0.870605
1 0.521973 0.835238 0.106445 0.0666667 0.873535
0 0.912109 0.169524 0.046875 0.0685714 0.873535
0 0.333984 0.807619 0.0390625 0.0380952 0.883789
0 0.872559 0.0514286 0.0419922 0.08 0.88623
