0 0.996094 0.117143 0.0078125 0.0590476 0.296875
0 0.845215 0.0209524 0.0341797 0.0419048 0.34668
0 0.668945 0.87619 0.0410156 0.0380952 0.380371
0 0.494141 0.971429 0.0273438 0.0533333 0.4646
0 0.442383 0.746667 0.0332031 0.0304762 0.51123
0 0.992188 0.21619 0.015625 0.047619 0.561035
0 0.387207 0.744762 0.0263672 0.0342857 0.625977
0 0.899902 0.0952381 0.0458984 0.0761905 0.744141
0 0.949707 0.134286 0.0361328 0.0438095 0.786133
1 0.610352 0.828571 0.107422 0.0647619 0.791992
0 0.86084 0.1 0.0419922 0.0819048 0.79248
0 0.938477 0.178095 0.0371094 0.047619 0.803711
0 0.750977 0.804762 0.0429688 0.047619 0.819824
0 0.76416 0.739048 0.0341797 0.0304762 0.820801
0 0.62793 0.740952 0.0410156 0.0380952 0.828613
0 0.454102 0.830476 0.0351562 0.0342857 0.833008
0 0.298828 0.767619 0.046875 0.0495238 0.850586
0 0.91748 0.0504762 0.0439453 0.0666667 0.857422
0 0.959961 0.0819048 0.0390625 0.0533333 0.859375
0 0.964355 0.955238 0.0419922 0.0780952 0.860352
0 0.353516 0.805714 0.0429688 0.0380952 0.865723
0 0.51709 0.794286 0.0361328 0.0342857 0.869629
0 0.51416 0.742857 0.0341797 0.0342857 0.869629
0 0.34668 0.753333 0.0371094 0.0361905 0.869629
0 0.848633 0.824762 0.046875 0.0571429 0.876465
0 0.910645 0.814286 0.0419922 0.0666667 0.881836
0 0.283203 0.821905 0.0507812 0.0552381 0.887207
0 0.91748 0.22381 0.0419922 0.0590476 0.892578
