0 0.231445 0.82381 0.0410156 0.047619 0.274658
0 0.668945 0.877143 0.0410156 0.04 0.304932
0 0.832031 0.0980952 0.0253906 0.0552381 0.323975
0 0.900879 0.139048 0.0263672 0.0457143 0.550781
0 0.435059 0.746667 0.0341797 0.0304762 0.616211
0 0.850586 0.027619 0.0371094 0.0552381 0.654297
0 0.386719 0.744762 0.0273438 0.0342857 0.654297
1 0.599121 0.829524 0.108398 0.0666667 0.666504
0 0.90332 0.0980952 0.046875 0.0704762 0.82373
0 0.613281 0.740952 0.0429688 0.0380952 0.842285
0 0.748535 0.738095 0.0341797 0.032381 0.844727
0 0.737793 0.804762 0.0439453 0.0514286 0.852051
0 0.963379 0.0847619 0.0400391 0.0552381 0.855469
0 0.34668 0.753333 0.0371094 0.0361905 0.858398
0 0.948242 0.926667 0.0410156 0.0780952 0.859863
0 0.446289 0.832381 0.0351562 0.0342857 0.86084
0 0.866211 0.110476 0.0390625 0.08 0.861816
0 0.348633 0.807619 0.0429688 0.0380952 0.864258
0 0.95459 0.139048 0.0361328 0.0457143 0.865723
0 0.506348 0.795238 0.0361328 0.0361905 0.868652
0 0.297363 0.767619 0.0478516 0.0495238 0.869141
0 0.835938 0.817143 0.0429688 0.0495238 0.870605
0 0.919434 0.052381 0.0439453 0.0666667 0.87793
0 0.95166 0.189524 0.0380859 0.047619 0.878418
0 0.283203 0.821905 0.0507812 0.0552381 0.881348
0 0.502441 0.74381 0.0341797 0.032381 0.889648
0 0.939941 0.24 0.0419922 0.0533333 0.907715
0 0.90625 0.810476 0.0410156 0.0628571 0.915527
