0 0.983887 0.919048 0.0322266 0.0819048 0.338623
0 0.857422 0.151429 0.03125 0.0628571 0.34668
0 0.668945 0.87619 0.0410156 0.0380952 0.481445
0 0.880859 0.0247619 0.0390625 0.0495238 0.54248
0 0.22998 0.82381 0.0400391 0.047619 0.571289
0 0.704102 0.8 0.046875 0.0457143 0.638184
0 0.386719 0.744762 0.0273438 0.0342857 0.680176
0 0.621582 0.880952 0.0400391 0.04 0.692871
1 0.581055 0.829524 0.107422 0.0590476 0.724609
0 0.863281 0.0390476 0.0371094 0.0666667 0.751465
0 0.966309 0.145714 0.0341797 0.04 0.808594
0 0.431152 0.832381 0.0380859 0.0342857 0.811035
0 0.71875 0.740952 0.0351562 0.0342857 0.813965
0 0.880859 0.137143 0.0390625 0.072381 0.830078
0 0.916992 0.882857 0.0390625 0.0666667 0.836426
0 0.910645 0.109524 0.0498047 0.0780952 0.844238
0 0.344238 0.753333 0.0380859 0.0361905 0.844238
0 0.803711 0.806667 0.0449219 0.0438095 0.847656
0 0.98291 0.258095 0.0341797 0.04 0.850586
0 0.34082 0.806667 0.0410156 0.04 0.850586
0 0.490234 0.795238 0.0351562 0.0361905 0.858887
0 0.584961 0.741905 0.0410156 0.04 0.865234
0 0.980957 0.205714 0.0361328 0.0380952 0.865723
0 0.483887 0.74381 0.0341797 0.032381 0.866699
0 0.971191 0.0895238 0.0400391 0.0533333 0.868164
0 0.924805 0.0590476 0.0449219 0.0647619 0.875977
0 0.296387 0.767619 0.0478516 0.0495238 0.87793
0 0.88916 0.793333 0.0400391 0.0590476 0.883789
0 0.283203 0.821905 0.0507812 0.0552381 0.89209
