0 0.877441 0.0904762 0.0283203 0.0552381 0.366455
0 0.229492 0.822857 0.0410156 0.0457143 0.509277
0 0.993652 0.168571 0.0126953 0.047619 0.509766
0 0.989746 0.112381 0.0205078 0.0533333 0.607422
0 0.883301 0.067619 0.0439453 0.0857143 0.652832
0 0.386719 0.745714 0.0273438 0.032381 0.676758
0 0.485352 0.828571 0.0351562 0.0342857 0.782715
0 0.95166 0.0733333 0.0400391 0.0552381 0.79248
0 0.933594 0.119048 0.0351562 0.0514286 0.799316
0 0.827637 0.746667 0.0341797 0.0342857 0.800293
0 0.686523 0.740952 0.0410156 0.0419048 0.806641
0 0.792969 0.806667 0.0546875 0.0552381 0.833984
0 0.559082 0.794286 0.0361328 0.0342857 0.845703
0 0.301758 0.767619 0.046875 0.0495238 0.847656
0 0.957031 0.19619 0.0429688 0.0533333 0.850586
0 0.347168 0.753333 0.0361328 0.0361905 0.85498
0 0.571289 0.742857 0.0351562 0.0342857 0.85791
0 0.518555 0.911429 0.0410156 0.0819048 0.860352
0 0.905273 0.145714 0.0371094 0.0552381 0.86084
0 0.385254 0.804762 0.0400391 0.0361905 0.86377
0 0.846191 0.0647619 0.0380859 0.08 0.86377
0 0.291992 0.819048 0.0507812 0.0533333 0.873535
0 0.914062 0.818095 0.0410156 0.0666667 0.880371
0 0.90918 0.0409524 0.0449219 0.0704762 0.883789
0 0.883789 0.851429 0.0488281 0.0647619 0.89209
0 0.855469 0.146667 0.0410156 0.0761905 0.896484
