0 0.991211 0.118095 0.0136719 0.0533333 0.386963
0 0.656738 0.741905 0.0419922 0.0438095 0.508789
1 0.634277 0.844762 0.110352 0.0857143 0.586914
0 0.387207 0.744762 0.0263672 0.0342857 0.613281
0 0.462891 0.746667 0.0351562 0.0304762 0.675293
0 0.916016 0.16 0.0390625 0.0571429 0.766113
0 0.470215 0.829524 0.0341797 0.0361905 0.77002
0 0.95459 0.0771429 0.0400391 0.0552381 0.776855
0 0.299805 0.767619 0.046875 0.0495238 0.802246
0 0.368164 0.807619 0.0410156 0.0380952 0.811035
0 0.977051 0.206667 0.0419922 0.047619 0.828613
0 0.940918 0.126667 0.0361328 0.047619 0.828613
0 0.776367 0.804762 0.0410156 0.047619 0.833496
0 0.347168 0.754286 0.0361328 0.0380952 0.851074
0 0.537598 0.794286 0.0361328 0.0342857 0.864746
0 0.796387 0.74 0.0341797 0.032381 0.869141
0 0.914062 0.047619 0.0449219 0.072381 0.872559
0 0.543457 0.742857 0.0341797 0.0342857 0.878906
0 0.285156 0.821905 0.0507812 0.0552381 0.880859
0 0.914062 0.817143 0.0410156 0.0647619 0.884277
0 0.851562 0.08 0.0390625 0.08 0.887695
0 0.871094 0.840952 0.0449219 0.0590476 0.889648
0 0.503418 0.949524 0.0361328 0.0857143 0.890625
0 0.878906 0.185714 0.0429688 0.0704762 0.906738
