0 0.879395 0.0228571 0.0361328 0.0457143 0.399658
0 0.231934 0.82381 0.0439453 0.047619 0.431396
0 0.668945 0.87619 0.0410156 0.0380952 0.458252
0 0.386719 0.744762 0.0273438 0.0342857 0.638184
1 0.588867 0.837143 0.109375 0.0780952 0.67334
0 0.856934 0.0314286 0.0380859 0.0628571 0.745605
0 0.722168 0.802857 0.0419922 0.047619 0.81543
0 0.966309 0.198095 0.0361328 0.0380952 0.818359
0 0.439453 0.831429 0.0351562 0.0361905 0.819824
0 0.733887 0.739048 0.0341797 0.0304762 0.831055
0 0.344727 0.807619 0.0410156 0.0380952 0.834961
0 0.598633 0.740952 0.0410156 0.0380952 0.836426
0 0.921875 0.0542857 0.0449219 0.0666667 0.840332
0 0.959473 0.141905 0.0361328 0.0438095 0.843262
0 0.907715 0.102857 0.0478516 0.08 0.855469
0 0.345703 0.753333 0.0371094 0.0361905 0.856445
0 0.872559 0.12381 0.0419922 0.08 0.85791
0 0.497559 0.795238 0.0361328 0.0361905 0.861816
0 0.966309 0.0866667 0.0400391 0.0514286 0.866699
0 0.933594 0.90381 0.0429688 0.0704762 0.869629
0 0.492188 0.742857 0.0351562 0.0304762 0.875
0 0.296875 0.767619 0.046875 0.0495238 0.876953
0 0.283203 0.821905 0.0507812 0.0552381 0.883789
0 0.899902 0.802857 0.0400391 0.0628571 0.888672
0 0.963379 0.251429 0.0400391 0.0457143 0.891113
0 0.819824 0.810476 0.0439453 0.047619 0.898438
