0 0.622559 0.88 0.0400391 0.0380952 0.296143
0 0.803711 0.0209524 0.0292969 0.0419048 0.31665
0 0.995117 0.213333 0.0078125 0.0380952 0.326904
0 0.230957 0.82381 0.0419922 0.047619 0.365967
0 0.890625 0.198095 0.0332031 0.0533333 0.384766
0 0.826172 0.047619 0.0234375 0.0533333 0.466553
0 0.668945 0.87619 0.0410156 0.0380952 0.518066
0 0.882812 0.0238095 0.0410156 0.047619 0.552246
0 0.386719 0.744762 0.0273438 0.0342857 0.67041
0 0.835938 0.0352381 0.0390625 0.0704762 0.67627
0 0.691406 0.742857 0.03125 0.0304762 0.708984
0 0.673828 0.800952 0.0390625 0.0361905 0.779297
0 0.971191 0.890476 0.0400391 0.0742857 0.785156
0 0.419922 0.832381 0.0390625 0.0342857 0.793945
0 0.98291 0.15619 0.0322266 0.0380952 0.818359
0 0.902832 0.169524 0.0419922 0.0647619 0.820312
0 0.343262 0.755238 0.0380859 0.0361905 0.825195
0 0.875977 0.0571429 0.0390625 0.0647619 0.834961
0 0.880371 0.84 0.0498047 0.072381 0.836426
0 0.974121 0.964762 0.0400391 0.0704762 0.840332
0 0.922363 0.12381 0.0517578 0.072381 0.840332
0 0.473145 0.795238 0.0361328 0.0361905 0.847168
0 0.336914 0.808571 0.0390625 0.0361905 0.851562
0 0.558105 0.742857 0.0419922 0.0380952 0.852539
0 0.979492 0.0952381 0.0390625 0.0495238 0.855469
0 0.283203 0.821905 0.0507812 0.0552381 0.863281
0 0.861328 0.772381 0.0390625 0.0514286 0.864258
0 0.472656 0.74381 0.0351562 0.032381 0.868164
0 0.771484 0.798095 0.0429688 0.0419048 0.870605
0 0.296387 0.767619 0.0478516 0.0495238 0.871094
0 0.931152 0.0647619 0.0458984 0.0609524 0.891602
