0 0.668945 0.87619 0.0410156 0.0380952 0.28833
0 0.981934 0.113333 0.0341797 0.0628571 0.308594
0 0.863281 0.0628571 0.0234375 0.0533333 0.530762
0 0.418457 0.742857 0.0283203 0.0304762 0.634766
0 0.891113 0.027619 0.0439453 0.0552381 0.666504
0 0.82959 0.81619 0.0439453 0.0514286 0.751953
0 0.51416 0.825714 0.0341797 0.032381 0.79248
0 0.433594 0.801905 0.0410156 0.0342857 0.797363
0 0.939941 0.0647619 0.0400391 0.0571429 0.811035
0 0.62207 0.795238 0.0351562 0.032381 0.82373
0 0.642578 0.742857 0.0351562 0.0380952 0.828613
0 0.835449 0.0371429 0.0361328 0.0742857 0.834961
0 0.229492 0.82381 0.0410156 0.0514286 0.84082
0 0.351074 0.752381 0.0380859 0.0380952 0.848145
0 0.759766 0.74 0.0410156 0.04 0.85498
0 0.970703 0.155238 0.0390625 0.0438095 0.858887
0 0.301758 0.765714 0.046875 0.0457143 0.859375
0 0.328125 0.815238 0.0507812 0.0533333 0.862793
0 0.927246 0.175238 0.0458984 0.0609524 0.866699
0 0.875 0.772381 0.0351562 0.047619 0.868652
0 0.886719 0.122857 0.0371094 0.0628571 0.869141
0 0.90625 0.0904762 0.0351562 0.0590476 0.875
0 0.941406 0.23619 0.0429688 0.0533333 0.882324
0 0.914062 0.817143 0.0410156 0.0647619 0.891113
0 0.886719 0.854286 0.046875 0.0666667 0.891602
0 0.561523 0.846667 0.0449219 0.0704762 0.90332
0 0.830566 0.092381 0.0400391 0.0857143 0.907715
