0 0.181641 0.0514286 0.0625 0.102857 0.344482
0 0.985352 0.111429 0.0292969 0.0590476 0.370605
0 0.404785 0.74381 0.0283203 0.032381 0.680664
0 0.824707 0.815238 0.0498047 0.0533333 0.708496
0 0.509766 0.825714 0.0351562 0.032381 0.784668
0 0.976562 0.158095 0.0371094 0.0457143 0.791016
0 0.838379 0.0409524 0.0361328 0.0819048 0.793945
0 0.895996 0.0304762 0.0439453 0.0609524 0.821777
0 0.608398 0.793333 0.0371094 0.0361905 0.825195
0 0.871582 0.767619 0.0341797 0.0457143 0.827637
0 0.425293 0.801905 0.0400391 0.0380952 0.82959
0 0.955566 0.24381 0.0400391 0.0457143 0.830078
0 0.942871 0.067619 0.0400391 0.0552381 0.835938
0 0.911621 0.0971429 0.0361328 0.0571429 0.845703
0 0.348633 0.752381 0.0371094 0.0380952 0.847168
0 0.62793 0.741905 0.0351562 0.0361905 0.853027
0 0.229004 0.82381 0.0400391 0.0514286 0.858887
0 0.301758 0.765714 0.046875 0.0457143 0.858887
0 0.553223 0.857143 0.0439453 0.0761905 0.864258
0 0.745605 0.74 0.0400391 0.04 0.869629
0 0.914062 0.81619 0.0429688 0.0666667 0.875488
0 0.88916 0.126667 0.0380859 0.0628571 0.876953
0 0.932129 0.179048 0.0458984 0.0609524 0.876953
0 0.886719 0.854286 0.046875 0.0666667 0.884277
0 0.319336 0.817143 0.0527344 0.0533333 0.884277
0 0.833008 0.0990476 0.0410156 0.0838095 0.916992
