0 0.245605 0.818095 0.0498047 0.0552381 0.364014
0 0.608887 0.74381 0.0322266 0.0285714 0.460938
0 0.523438 0.74 0.0273438 0.032381 0.47583
0 0.668945 0.87619 0.0410156 0.0380952 0.483643
0 0.62207 0.879048 0.0410156 0.04 0.591797
1 0.973633 0.101905 0.0527344 0.0780952 0.621582
0 0.54248 0.822857 0.0341797 0.0342857 0.750488
0 0.827148 0.815238 0.0546875 0.0571429 0.771484
0 0.708984 0.740952 0.0351562 0.0342857 0.834473
0 0.685547 0.795238 0.0351562 0.0361905 0.855957
0 0.884277 0.0590476 0.0380859 0.0647619 0.862793
0 0.327148 0.767619 0.0449219 0.0419048 0.86377
0 0.479492 0.8 0.0410156 0.0380952 0.867676
0 0.912598 0.16 0.0419922 0.0647619 0.875
0 0.939453 0.131429 0.0390625 0.0533333 0.877441
0 0.604492 0.815238 0.0429688 0.0533333 0.87793
0 0.87207 0.0990476 0.0371094 0.0685714 0.881348
0 0.87793 0.774286 0.0371094 0.0514286 0.881836
0 0.395996 0.749524 0.0380859 0.0361905 0.882324
0 0.812988 0.74 0.0419922 0.0438095 0.884766
0 0.882812 0.18381 0.0429688 0.0704762 0.888184
0 0.914062 0.817143 0.0410156 0.0647619 0.88916
0 0.958984 0.249524 0.0390625 0.0495238 0.891602
0 0.374023 0.813333 0.0507812 0.0495238 0.894043
0 0.887695 0.854286 0.046875 0.0666667 0.894043
0 0.979004 0.191429 0.0380859 0.047619 0.899414
0 0.822266 0.067619 0.0390625 0.0857143 0.912109
0 0.918945 0.0447619 0.0410156 0.0590476 0.913574
