0 0.192871 0.0361905 0.0478516 0.072381 0.257324
0 0.989746 0.168571 0.0185547 0.0438095 0.369141
1 0.668945 0.824762 0.101562 0.0647619 0.388184
0 0.989258 0.115238 0.0214844 0.0590476 0.406982
0 0.987305 0.260952 0.0253906 0.0457143 0.567383
0 0.87793 0.0580952 0.0449219 0.0857143 0.595703
0 0.229004 0.822857 0.0400391 0.0495238 0.666504
0 0.386719 0.745714 0.0253906 0.032381 0.695312
0 0.804688 0.810476 0.0507812 0.0514286 0.75293
0 0.492676 0.825714 0.0341797 0.032381 0.783691
0 0.928223 0.11619 0.0361328 0.0533333 0.808105
0 0.39502 0.804762 0.0400391 0.0361905 0.819336
0 0.301758 0.767619 0.046875 0.0495238 0.824219
0 0.570312 0.794286 0.0351562 0.0342857 0.836426
0 0.585449 0.741905 0.0341797 0.032381 0.836426
0 0.949219 0.072381 0.0410156 0.0571429 0.847168
0 0.841309 0.751429 0.0361328 0.0438095 0.847656
0 0.347656 0.753333 0.0371094 0.0361905 0.849121
0 0.84375 0.0580952 0.0351562 0.0819048 0.850586
0 0.700684 0.74 0.0419922 0.04 0.855957
0 0.900391 0.141905 0.0390625 0.0590476 0.858887
0 0.297852 0.82 0.0507812 0.0514286 0.870117
0 0.905762 0.0380952 0.0419922 0.072381 0.882812
0 0.914062 0.817143 0.0429688 0.0647619 0.885254
0 0.526855 0.89619 0.0400391 0.0780952 0.885254
0 0.948242 0.190476 0.0449219 0.0533333 0.88916
0 0.885742 0.853333 0.046875 0.0685714 0.900391
0 0.847168 0.129524 0.0419922 0.08 0.910645
