0 0.986328 0.119048 0.0273438 0.0704762 0.413086
1 0.681641 0.826667 0.101562 0.0685714 0.581055
0 0.872559 0.0466667 0.0419922 0.0819048 0.612793
0 0.98584 0.174286 0.0283203 0.0628571 0.634766
0 0.813477 0.814286 0.0449219 0.047619 0.647461
0 0.980469 0.25619 0.0390625 0.047619 0.668457
0 0.19043 0.0419048 0.0546875 0.0838095 0.712402
0 0.599121 0.742857 0.0361328 0.0342857 0.719727
0 0.498047 0.825714 0.0332031 0.032381 0.77832
0 0.388672 0.74381 0.0273438 0.032381 0.779297
0 0.92334 0.111429 0.0361328 0.0552381 0.782715
0 0.22998 0.82381 0.0400391 0.047619 0.786133
0 0.947754 0.0704762 0.0419922 0.0571429 0.807617
0 0.716309 0.74 0.0400391 0.04 0.810059
0 0.581543 0.794286 0.0361328 0.0342857 0.822754
0 0.405273 0.802857 0.0410156 0.0361905 0.834961
0 0.841309 0.0533333 0.0361328 0.08 0.840332
0 0.895996 0.137143 0.0380859 0.0609524 0.841797
0 0.302246 0.768571 0.0478516 0.0514286 0.84668
0 0.348145 0.753333 0.0361328 0.0361905 0.85791
0 0.854004 0.757143 0.0361328 0.0438095 0.865234
0 0.941895 0.187619 0.0439453 0.0552381 0.866699
0 0.902344 0.0352381 0.0429688 0.0704762 0.873535
0 0.304688 0.819048 0.0507812 0.0533333 0.885254
0 0.886719 0.854286 0.046875 0.0666667 0.888184
0 0.914062 0.817143 0.0429688 0.0647619 0.894531
0 0.535156 0.882857 0.0429688 0.0780952 0.894531
0 0.839844 0.11619 0.0429688 0.0838095 0.904297
