0 0.572754 0.74381 0.0322266 0.0285714 0.295654
1 0.979492 0.112381 0.0410156 0.072381 0.519043
0 0.62207 0.88 0.0410156 0.0419048 0.541016
0 0.831543 0.0304762 0.0341797 0.0609524 0.557617
0 0.993164 0.20381 0.0136719 0.0380952 0.597656
0 0.989746 0.267619 0.0205078 0.047619 0.770996
0 0.522949 0.824762 0.0361328 0.0342857 0.822266
0 0.648926 0.794286 0.0341797 0.0342857 0.832031
0 0.958496 0.146667 0.0380859 0.0495238 0.834961
0 0.83252 0.818095 0.0439453 0.0552381 0.836914
0 0.232422 0.822857 0.0390625 0.0457143 0.842773
0 0.930664 0.0571429 0.0410156 0.0571429 0.849609
0 0.897949 0.0761905 0.0341797 0.0571429 0.853027
0 0.670898 0.74381 0.0351562 0.04 0.853516
0 0.87793 0.774286 0.0371094 0.0514286 0.855957
0 0.456543 0.741905 0.0302734 0.032381 0.855957
0 0.362305 0.750476 0.0390625 0.0380952 0.86084
0 0.785156 0.74 0.0410156 0.04 0.863281
0 0.306641 0.766667 0.046875 0.0438095 0.87207
0 0.915527 0.219048 0.0439453 0.0571429 0.87207
0 0.882812 0.11619 0.0351562 0.0647619 0.874512
0 0.453613 0.801905 0.0419922 0.0380952 0.878418
0 0.920898 0.168571 0.0449219 0.0628571 0.879395
0 0.579102 0.832381 0.0429688 0.0647619 0.887695
0 0.346191 0.815238 0.0517578 0.0533333 0.88916
0 0.914062 0.817143 0.0410156 0.0647619 0.889648
0 0.887695 0.854286 0.046875 0.0666667 0.894043
0 0.825684 0.08 0.0400391 0.0838095 0.914551
