0 0.62793 0.740952 0.0292969 0.0342857 0.289062
0 0.62207 0.879048 0.0410156 0.04 0.344482
0 0.595703 0.819048 0.0351562 0.0304762 0.569336
1 0.959961 0.0857143 0.0800781 0.0914286 0.584961
0 0.889648 0.0228571 0.0371094 0.0457143 0.675293
0 0.650879 0.790476 0.0419922 0.0533333 0.730469
0 0.831055 0.817143 0.0449219 0.0571429 0.784668
0 0.986328 0.167619 0.0273438 0.0419048 0.808594
0 0.760254 0.795238 0.0361328 0.0361905 0.832031
0 0.31543 0.808571 0.0449219 0.04 0.833984
0 0.534668 0.800952 0.0400391 0.0361905 0.839355
0 0.828125 0.744762 0.0410156 0.0419048 0.850586
0 0.519531 0.748571 0.0371094 0.0342857 0.852051
0 0.977539 0.211429 0.0390625 0.0419048 0.855469
0 0.439941 0.811429 0.0498047 0.0495238 0.871094
0 0.87793 0.773333 0.0371094 0.0533333 0.872559
0 0.76709 0.74 0.0361328 0.0361905 0.874512
0 0.428711 0.762857 0.046875 0.0438095 0.87793
0 0.914062 0.817143 0.0410156 0.0647619 0.887695
0 0.887695 0.190476 0.0410156 0.0647619 0.89209
0 0.853027 0.0580952 0.0361328 0.0704762 0.893066
0 0.886719 0.855238 0.046875 0.0647619 0.89502
0 0.941406 0.153333 0.0371094 0.0552381 0.899902
0 0.887207 0.125714 0.0439453 0.08 0.902832
0 0.904297 0.0904762 0.0390625 0.0628571 0.908203
0 0.846191 0.12 0.0419922 0.08 0.918457
0 0.815918 0.047619 0.0361328 0.0838095 0.942871
