0 0.54541 0.741905 0.0283203 0.0285714 0.260742
0 0.62207 0.88 0.0410156 0.0380952 0.480469
1 0.971191 0.1 0.0576172 0.0780952 0.699707
0 0.830078 0.817143 0.046875 0.0533333 0.700195
0 0.550293 0.822857 0.0341797 0.0304762 0.767578
0 0.259766 0.815238 0.0410156 0.0457143 0.816406
0 0.697266 0.794286 0.0351562 0.0342857 0.820801
0 0.487793 0.801905 0.0400391 0.0342857 0.835938
0 0.336426 0.768571 0.0458984 0.0438095 0.836426
0 0.72168 0.740952 0.0351562 0.0342857 0.842773
0 0.819824 0.742857 0.0439453 0.0419048 0.862793
0 0.411133 0.746667 0.0371094 0.0380952 0.86377
0 0.878418 0.774286 0.0361328 0.0514286 0.864258
0 0.612793 0.808571 0.0439453 0.0552381 0.865723
0 0.972656 0.18381 0.0371094 0.047619 0.868652
0 0.869629 0.0933333 0.0380859 0.0685714 0.881836
0 0.879395 0.0495238 0.0361328 0.0647619 0.885742
0 0.384277 0.812381 0.0498047 0.047619 0.88916
0 0.914062 0.817143 0.0410156 0.0647619 0.889648
0 0.907715 0.155238 0.0439453 0.0704762 0.889648
0 0.887695 0.855238 0.0449219 0.0647619 0.891113
0 0.821289 0.0638095 0.0390625 0.0857143 0.899902
0 0.93457 0.125714 0.0390625 0.0571429 0.902832
0 0.946289 0.242857 0.0390625 0.047619 0.90332
0 0.872559 0.169524 0.0439453 0.072381 0.908203
0 0.915527 0.0428571 0.0400391 0.0590476 0.90918
