1 0.94043 0.0638095 0.111328 0.127619 0.39502
0 0.0883789 0.966667 0.0341797 0.0590476 0.468506
0 0.129883 0.120952 0.0410156 0.0666667 0.47998
0 0.668945 0.878095 0.0410156 0.0380952 0.493652
0 0.14502 0.0371429 0.0439453 0.0742857 0.634766
0 0.62207 0.88 0.0410156 0.0380952 0.73584
0 0.980469 0.209524 0.0371094 0.0419048 0.73877
0 0.839844 0.0304762 0.0351562 0.0609524 0.784668
0 0.404785 0.80381 0.0380859 0.0380952 0.797852
0 0.83252 0.817143 0.0419922 0.0533333 0.819336
0 0.649414 0.818095 0.0332031 0.032381 0.823242
0 0.568359 0.800952 0.0410156 0.0361905 0.82373
0 0.544922 0.75619 0.046875 0.0419048 0.838379
0 0.789062 0.8 0.0390625 0.0457143 0.838867
0 0.697266 0.764762 0.0429688 0.0514286 0.840332
0 0.779785 0.739048 0.0361328 0.0380952 0.84375
0 0.828125 0.744762 0.0410156 0.0419048 0.845215
0 0.937012 0.241905 0.0361328 0.0419048 0.845703
0 0.600098 0.751429 0.0380859 0.0361905 0.85498
0 0.8125 0.0352381 0.0351562 0.0704762 0.858398
0 0.914062 0.166667 0.0410156 0.0628571 0.868164
0 0.51123 0.808571 0.0498047 0.047619 0.871582
0 0.954102 0.147619 0.0527344 0.0628571 0.876953
0 0.904785 0.1 0.0361328 0.0628571 0.876953
0 0.87793 0.774286 0.0371094 0.0514286 0.884277
0 0.914062 0.817143 0.0429688 0.0647619 0.893555
0 0.886719 0.855238 0.046875 0.0647619 0.897461
0 0.87793 0.179048 0.0390625 0.0685714 0.897949
0 0.866699 0.0904762 0.0419922 0.0819048 0.899414
0 0.84375 0.112381 0.0390625 0.08 0.899902
