0 0.120605 0.032381 0.0302734 0.0495238 0.277832
0 0.668945 0.87619 0.0410156 0.0380952 0.329102
0 0.413574 0.802857 0.0400391 0.0361905 0.482178
0 0.120605 0.130476 0.0419922 0.0628571 0.562988
0 0.62207 0.88 0.0410156 0.0419048 0.57959
0 0.975098 0.206667 0.0419922 0.0438095 0.724609
0 0.788574 0.8 0.0419922 0.0457143 0.787598
0 0.839355 0.0285714 0.0341797 0.0571429 0.791504
0 0.659668 0.817143 0.0341797 0.0342857 0.791992
0 0.570801 0.800952 0.0400391 0.0361905 0.811523
0 0.780273 0.74 0.0351562 0.04 0.820801
0 0.833496 0.818095 0.0419922 0.0552381 0.826172
0 0.829102 0.744762 0.0410156 0.0419048 0.833984
0 0.697266 0.764762 0.0429688 0.0514286 0.838379
0 0.133789 0.0485714 0.0429688 0.0704762 0.856445
0 0.8125 0.0352381 0.0351562 0.0704762 0.858398
0 0.54834 0.75619 0.0478516 0.0419048 0.859863
0 0.511719 0.808571 0.0507812 0.047619 0.860352
0 0.603516 0.751429 0.0371094 0.0361905 0.862305
0 0.950684 0.14381 0.0517578 0.0628571 0.869141
0 0.87793 0.774286 0.0371094 0.0514286 0.869629
0 0.933105 0.239048 0.0341797 0.0438095 0.870605
0 0.910645 0.16381 0.0419922 0.0647619 0.887695
0 0.886719 0.855238 0.046875 0.0647619 0.89502
0 0.87793 0.179048 0.0390625 0.0647619 0.897949
0 0.866699 0.0895238 0.0419922 0.0838095 0.899902
0 0.914062 0.817143 0.0410156 0.0647619 0.902344
0 0.842773 0.113333 0.0390625 0.0819048 0.902344
0 0.902344 0.0933333 0.0371094 0.0647619 0.902832
