0 0.950195 0.892381 0.0292969 0.0552381 0.30542
0 0.668945 0.87619 0.0410156 0.0380952 0.50293
0 0.989258 0.272381 0.0214844 0.0533333 0.682129
0 0.63623 0.741905 0.0302734 0.0361905 0.683594
0 0.723145 0.74 0.0380859 0.04 0.689453
1 0.948242 0.0733333 0.103516 0.12 0.726074
0 0.621582 0.88 0.0400391 0.0419048 0.791504
0 0.366211 0.805714 0.0390625 0.0419048 0.803711
0 0.841309 0.0304762 0.0341797 0.0609524 0.818848
0 0.616699 0.818095 0.0341797 0.032381 0.820801
0 0.972656 0.158095 0.0507812 0.0609524 0.82373
0 0.787598 0.8 0.0400391 0.0457143 0.824219
0 0.676758 0.773333 0.0429688 0.0571429 0.835938
0 0.83252 0.819048 0.0419922 0.0533333 0.840332
0 0.874512 0.0409524 0.0361328 0.0666667 0.840332
0 0.583984 0.750476 0.0371094 0.0342857 0.847656
0 0.563477 0.8 0.0410156 0.0380952 0.851074
0 0.828125 0.744762 0.0410156 0.0419048 0.852539
0 0.780273 0.739048 0.0371094 0.0380952 0.856934
0 0.516113 0.758095 0.0478516 0.0457143 0.861816
0 0.87793 0.774286 0.0371094 0.0514286 0.868164
0 0.490723 0.809524 0.0517578 0.0457143 0.870117
0 0.9375 0.188571 0.0410156 0.0571429 0.872559
0 0.870605 0.0961905 0.0439453 0.0819048 0.881348
0 0.813965 0.0390476 0.0361328 0.0780952 0.881836
0 0.920898 0.125714 0.0371094 0.0609524 0.884766
0 0.914062 0.818095 0.0429688 0.0666667 0.889648
0 0.886719 0.855238 0.046875 0.0647619 0.89502
0 0.84375 0.113333 0.0410156 0.0819048 0.896484
0 0.87793 0.178095 0.0390625 0.0666667 0.901367
