0 0.668945 0.87619 0.0410156 0.0380952 0.5
0 0.635254 0.740952 0.0302734 0.0342857 0.729004
0 0.71875 0.740952 0.0332031 0.0342857 0.729492
0 0.621582 0.88 0.0400391 0.0419048 0.733887
1 0.950195 0.0742857 0.0996094 0.118095 0.749023
0 0.354492 0.804762 0.0429688 0.04 0.793457
0 0.974609 0.161905 0.046875 0.0533333 0.808594
0 0.614258 0.818095 0.0332031 0.032381 0.809082
0 0.83252 0.818095 0.0439453 0.0552381 0.839355
0 0.787109 0.8 0.0410156 0.0457143 0.845215
0 0.578613 0.750476 0.0361328 0.0342857 0.853027
0 0.506836 0.757143 0.046875 0.0438095 0.854004
0 0.943359 0.193333 0.0390625 0.0514286 0.854492
0 0.828125 0.744762 0.0410156 0.0419048 0.855469
0 0.671875 0.779048 0.0429688 0.0571429 0.856445
0 0.87793 0.774286 0.0371094 0.0514286 0.859863
0 0.561035 0.800952 0.0400391 0.0361905 0.862793
0 0.873535 0.100952 0.0419922 0.08 0.867676
0 0.780273 0.739048 0.0351562 0.0380952 0.868652
0 0.483398 0.809524 0.0507812 0.0457143 0.870117
0 0.843262 0.0333333 0.0341797 0.0666667 0.874512
0 0.924805 0.131429 0.0371094 0.0609524 0.883789
0 0.84375 0.113333 0.0410156 0.0780952 0.895996
0 0.814941 0.04 0.0361328 0.08 0.895996
0 0.886719 0.854286 0.046875 0.0628571 0.896484
0 0.914062 0.817143 0.0410156 0.0647619 0.900879
0 0.87793 0.18 0.0390625 0.0666667 0.900879
0 0.879883 0.047619 0.0371094 0.0685714 0.911621
