0 0.668457 0.875238 0.0400391 0.04 0.298096
0 0.0957031 0.152381 0.0449219 0.0609524 0.398193
0 0.731934 0.739048 0.0380859 0.0419048 0.40332
0 0.67627 0.817143 0.0361328 0.0342857 0.480225
0 0.621582 0.879048 0.0400391 0.04 0.540039
0 0.109375 0.0761905 0.0429688 0.0685714 0.556152
0 0.428711 0.8 0.0410156 0.0380952 0.679199
0 0.780273 0.739048 0.0351562 0.0380952 0.77832
0 0.788086 0.800952 0.0410156 0.0438095 0.78418
0 0.83252 0.818095 0.0419922 0.0552381 0.797852
0 0.829102 0.744762 0.0410156 0.0419048 0.820312
0 0.839844 0.0285714 0.0332031 0.0571429 0.838379
0 0.577148 0.800952 0.0410156 0.0361905 0.841797
0 0.697266 0.764762 0.0429688 0.0514286 0.847168
0 0.51416 0.807619 0.0517578 0.0495238 0.85498
0 0.930176 0.237143 0.0361328 0.047619 0.862305
0 0.608887 0.751429 0.0380859 0.0361905 0.863281
0 0.87793 0.774286 0.0371094 0.0514286 0.865234
0 0.8125 0.0352381 0.0351562 0.0704762 0.866699
0 0.905273 0.158095 0.0410156 0.0685714 0.869629
0 0.961426 0.201905 0.0419922 0.0457143 0.87207
0 0.914062 0.817143 0.0410156 0.0647619 0.886719
0 0.886719 0.855238 0.046875 0.0647619 0.894043
0 0.89209 0.0761905 0.0341797 0.0647619 0.895996
0 0.866699 0.0895238 0.0419922 0.0838095 0.896973
0 0.84375 0.112381 0.0390625 0.08 0.90332
0 0.87793 0.178095 0.0390625 0.0666667 0.90332
0 0.554688 0.757143 0.046875 0.0438095 0.906738
0 0.944336 0.140952 0.0546875 0.0685714 0.908203
