0 0.986816 0.11619 0.0263672 0.0380952 0.307617
0 0.728027 0.73619 0.0478516 0.047619 0.348389
0 0.668945 0.87619 0.0410156 0.0380952 0.541016
0 0.720703 0.815238 0.0351562 0.0380952 0.552734
0 0.247559 0.820952 0.0361328 0.0457143 0.595703
0 0.621582 0.88 0.0400391 0.0419048 0.713379
0 0.810547 0.0314286 0.0332031 0.0628571 0.74707
0 0.840332 0.0285714 0.0341797 0.0571429 0.76416
0 0.0947266 0.886667 0.0332031 0.0590476 0.790039
0 0.624512 0.800952 0.0419922 0.0361905 0.79541
0 0.787598 0.799048 0.0419922 0.047619 0.808594
0 0.833496 0.817143 0.0419922 0.0533333 0.820312
0 0.829102 0.744762 0.0410156 0.0419048 0.848633
0 0.780762 0.739048 0.0361328 0.0380952 0.849121
0 0.477539 0.801905 0.0390625 0.0342857 0.852539
0 0.561035 0.757143 0.0478516 0.0438095 0.855469
0 0.959961 0.150476 0.0390625 0.0457143 0.859375
0 0.549805 0.808571 0.0488281 0.0438095 0.862305
0 0.697754 0.764762 0.0419922 0.0514286 0.864258
0 0.611328 0.750476 0.0390625 0.0380952 0.864258
0 0.986816 0.213333 0.0263672 0.0419048 0.867676
0 0.977051 0.261905 0.0419922 0.0438095 0.870117
0 0.901367 0.149524 0.0410156 0.0666667 0.87793
0 0.931152 0.238095 0.0341797 0.0457143 0.881836
0 0.87793 0.773333 0.0371094 0.0533333 0.887207
0 0.133301 0.9 0.0361328 0.0590476 0.889648
0 0.906738 0.0961905 0.0517578 0.0819048 0.891602
0 0.947754 0.193333 0.0439453 0.0514286 0.892578
0 0.887695 0.855238 0.046875 0.0647619 0.898926
0 0.867188 0.0895238 0.0429688 0.0838095 0.899414
0 0.84375 0.114286 0.0410156 0.08 0.902344
0 0.878906 0.179048 0.0390625 0.0685714 0.90332
0 0.914062 0.818095 0.0410156 0.0666667 0.907715
