0 0.0644531 0.171429 0.0429688 0.0533333 0.337891
0 0.149414 0.884762 0.0351562 0.0552381 0.399658
0 0.0800781 0.1 0.0410156 0.0590476 0.462646
0 0.621582 0.879048 0.0400391 0.04 0.485107
0 0.73291 0.74 0.0361328 0.04 0.519043
0 0.696289 0.818095 0.0390625 0.04 0.563477
0 0.668945 0.87619 0.0410156 0.0380952 0.592773
0 0.988281 0.267619 0.0234375 0.0438095 0.608398
0 0.991699 0.165714 0.0166016 0.0457143 0.666504
0 0.828125 0.745714 0.0429688 0.047619 0.815918
0 0.953613 0.198095 0.0439453 0.0533333 0.822754
0 0.441406 0.8 0.0390625 0.0380952 0.825684
0 0.787598 0.799048 0.0419922 0.047619 0.829102
0 0.178223 0.0371429 0.0419922 0.0742857 0.830566
0 0.586914 0.8 0.0410156 0.0342857 0.831543
0 0.780273 0.739048 0.0371094 0.0380952 0.838379
0 0.697266 0.76381 0.0429688 0.0495238 0.839355
0 0.931152 0.237143 0.0361328 0.047619 0.847168
0 0.839844 0.0295238 0.0332031 0.0590476 0.848145
0 0.813477 0.0352381 0.0332031 0.0704762 0.849609
0 0.9375 0.133333 0.0507812 0.0685714 0.850586
0 0.83252 0.819048 0.0439453 0.0533333 0.854004
0 0.517578 0.808571 0.0507812 0.047619 0.857422
0 0.87793 0.774286 0.0371094 0.0514286 0.858887
0 0.61084 0.750476 0.0380859 0.0380952 0.873535
0 0.560059 0.757143 0.0478516 0.04 0.879883
0 0.914062 0.817143 0.0410156 0.0647619 0.884277
0 0.902344 0.151429 0.0429688 0.0704762 0.888672
0 0.877441 0.0495238 0.0361328 0.0647619 0.892578
0 0.87793 0.178095 0.0410156 0.0666667 0.894043
0 0.866699 0.0876191 0.0419922 0.0838095 0.895996
0 0.886719 0.855238 0.046875 0.0647619 0.898438
0 0.842773 0.113333 0.0410156 0.0819048 0.90332
