0 0.986816 0.119048 0.0263672 0.04 0.285889
0 0.62207 0.879048 0.0410156 0.04 0.396729
0 0.732422 0.739048 0.0371094 0.0419048 0.408936
0 0.668945 0.87619 0.0410156 0.0380952 0.429199
0 0.19043 0.847619 0.0371094 0.0533333 0.567383
0 0.713867 0.818095 0.0332031 0.04 0.567871
0 0.0791016 0.970476 0.0371094 0.0590476 0.683594
0 0.103516 0.888571 0.0390625 0.0666667 0.773926
0 0.840332 0.0295238 0.0341797 0.0590476 0.780762
0 0.990234 0.218095 0.0195312 0.0438095 0.791504
0 0.984375 0.164762 0.03125 0.0438095 0.815918
0 0.780762 0.739048 0.0361328 0.0380952 0.820312
0 0.788574 0.799048 0.0419922 0.047619 0.821777
0 0.979492 0.26381 0.0390625 0.0438095 0.822754
0 0.458008 0.800952 0.0390625 0.0361905 0.82959
0 0.833496 0.82 0.0419922 0.0552381 0.836426
0 0.828125 0.744762 0.0410156 0.0419048 0.838379
0 0.603516 0.800952 0.0429688 0.0361905 0.844238
0 0.527832 0.809524 0.0498047 0.0495238 0.84668
0 0.878906 0.774286 0.0351562 0.0514286 0.86084
0 0.8125 0.0352381 0.0351562 0.0704762 0.864746
0 0.61084 0.751429 0.0380859 0.0361905 0.864746
0 0.931152 0.238095 0.0341797 0.0457143 0.865234
0 0.561035 0.75619 0.0478516 0.0419048 0.867188
0 0.697266 0.76381 0.0429688 0.0533333 0.874023
0 0.925781 0.120952 0.0507812 0.0742857 0.884277
0 0.947754 0.194286 0.0439453 0.0533333 0.884766
0 0.886719 0.855238 0.046875 0.0647619 0.891602
0 0.867188 0.0895238 0.0410156 0.0838095 0.898926
0 0.914062 0.817143 0.0410156 0.0647619 0.899902
0 0.84375 0.114286 0.0390625 0.08 0.899902
0 0.878906 0.178095 0.0390625 0.0666667 0.904297
0 0.901855 0.150476 0.0419922 0.072381 0.911133
