0 0.621582 0.88 0.0400391 0.0380952 0.320557
0 0.986816 0.119048 0.0263672 0.0438095 0.359619
0 0.729004 0.738095 0.0439453 0.0438095 0.429932
0 0.718262 0.817143 0.0341797 0.0380952 0.708984
0 0.462891 0.801905 0.0390625 0.0380952 0.797852
0 0.839844 0.027619 0.0332031 0.0552381 0.80127
0 0.83252 0.818095 0.0419922 0.0552381 0.801758
0 0.122559 0.86381 0.0380859 0.0666667 0.811035
0 0.788086 0.8 0.0410156 0.0457143 0.813477
0 0.0922852 0.954286 0.0361328 0.0647619 0.815918
0 0.829102 0.744762 0.0410156 0.0419048 0.821777
0 0.878418 0.775238 0.0361328 0.0495238 0.823242
0 0.98877 0.215238 0.0224609 0.0419048 0.826172
0 0.780762 0.739048 0.0361328 0.0380952 0.838867
0 0.980469 0.161905 0.0371094 0.0457143 0.843262
0 0.8125 0.0352381 0.0351562 0.0704762 0.849121
0 0.205566 0.839048 0.0341797 0.047619 0.849121
0 0.608398 0.8 0.0410156 0.0380952 0.852539
0 0.978027 0.262857 0.0400391 0.0457143 0.855469
0 0.946777 0.194286 0.0439453 0.0533333 0.866699
0 0.61084 0.750476 0.0380859 0.0380952 0.87207
0 0.560547 0.75619 0.046875 0.0419048 0.872559
0 0.931152 0.238095 0.0341797 0.0457143 0.875977
0 0.697266 0.764762 0.0429688 0.0514286 0.876465
0 0.914062 0.817143 0.0410156 0.0647619 0.885254
0 0.531738 0.809524 0.0498047 0.0457143 0.890137
0 0.87793 0.178095 0.0390625 0.0666667 0.893066
0 0.887695 0.855238 0.046875 0.0647619 0.893066
0 0.921875 0.115238 0.0527344 0.0742857 0.89502
0 0.901855 0.149524 0.0419922 0.0704762 0.896484
0 0.842773 0.113333 0.0410156 0.0819048 0.902344
0 0.866699 0.0895238 0.0419922 0.0838095 0.904785
