0 0.046875 0.952381 0.0507812 0.0761905 0.262695
0 0.144043 0.838095 0.0341797 0.0647619 0.355469
0 0.621582 0.88 0.0400391 0.0380952 0.590332
0 0.728027 0.738095 0.0458984 0.047619 0.592285
0 0.719727 0.815238 0.0351562 0.0380952 0.606934
0 0.104492 0.937143 0.0390625 0.0685714 0.676758
0 0.839844 0.027619 0.0332031 0.0552381 0.776855
0 0.788086 0.8 0.0410156 0.0457143 0.814941
0 0.219238 0.828571 0.0341797 0.0457143 0.818359
0 0.812012 0.0342857 0.0341797 0.0685714 0.82959
0 0.779785 0.739048 0.0361328 0.0380952 0.834961
0 0.612793 0.8 0.0400391 0.0380952 0.835938
0 0.974121 0.157143 0.0400391 0.047619 0.838379
0 0.468262 0.801905 0.0380859 0.0380952 0.840332
0 0.828125 0.745714 0.0429688 0.0438095 0.842285
0 0.987305 0.214286 0.0253906 0.04 0.847656
0 0.83252 0.818095 0.0419922 0.0552381 0.852539
0 0.61084 0.750476 0.0380859 0.0380952 0.862793
0 0.946777 0.194286 0.0439453 0.0533333 0.865723
0 0.916016 0.108571 0.0546875 0.08 0.867188
0 0.87793 0.773333 0.0371094 0.0533333 0.871582
0 0.537109 0.807619 0.0488281 0.0457143 0.874023
0 0.697266 0.764762 0.0429688 0.0514286 0.875
0 0.560547 0.757143 0.046875 0.0438095 0.875488
0 0.930176 0.238095 0.0341797 0.0457143 0.875488
0 0.901367 0.150476 0.0410156 0.0685714 0.883789
0 0.87793 0.178095 0.0410156 0.0666667 0.888184
0 0.976562 0.261905 0.0429688 0.0438095 0.890625
0 0.886719 0.854286 0.0488281 0.0666667 0.894043
0 0.866699 0.0895238 0.0419922 0.0838095 0.895508
0 0.914062 0.818095 0.0429688 0.0628571 0.898438
0 0.842773 0.113333 0.0410156 0.0819048 0.899902
