0 0.70166 0.819048 0.0341797 0.0380952 0.34668
0 0.0385742 0.157143 0.0419922 0.047619 0.373535
0 0.732422 0.74 0.0371094 0.04 0.422363
0 0.621582 0.879048 0.0400391 0.04 0.489014
0 0.0498047 0.18 0.0449219 0.047619 0.507324
0 0.996094 0.217143 0.0078125 0.0457143 0.520508
0 0.0527344 0.0847619 0.0507812 0.0514286 0.556152
0 0.668945 0.87619 0.0410156 0.0380952 0.571777
0 0.155762 0.0266667 0.0322266 0.0533333 0.61084
0 0.989258 0.165714 0.0214844 0.0380952 0.695312
0 0.0620117 0.112381 0.0439453 0.0533333 0.724609
0 0.984375 0.266667 0.0292969 0.0419048 0.758301
0 0.839844 0.0295238 0.0351562 0.0590476 0.786133
0 0.446777 0.8 0.0400391 0.0380952 0.797852
0 0.697266 0.76381 0.0429688 0.0495238 0.808594
0 0.828125 0.744762 0.0429688 0.0495238 0.822754
0 0.95166 0.195238 0.0439453 0.0514286 0.828613
0 0.788086 0.799048 0.0410156 0.047619 0.832031
0 0.930176 0.238095 0.0361328 0.0457143 0.834473
0 0.780762 0.739048 0.0361328 0.0380952 0.837402
0 0.833496 0.82 0.0419922 0.0514286 0.841797
0 0.592773 0.8 0.0410156 0.0380952 0.849609
0 0.560547 0.757143 0.046875 0.04 0.849609
0 0.869629 0.0333333 0.0322266 0.0666667 0.853516
0 0.610352 0.751429 0.0371094 0.0361905 0.858887
0 0.878906 0.774286 0.0351562 0.0514286 0.866211
0 0.52002 0.808571 0.0498047 0.047619 0.867188
0 0.812988 0.0352381 0.0341797 0.0704762 0.867676
0 0.934082 0.129524 0.0517578 0.072381 0.876953
0 0.867188 0.0895238 0.0429688 0.0838095 0.882324
0 0.914062 0.817143 0.0410156 0.0647619 0.886719
0 0.886719 0.855238 0.046875 0.0647619 0.896484
0 0.842773 0.113333 0.0410156 0.0819048 0.902832
0 0.87793 0.178095 0.0390625 0.0666667 0.902832
0 0.901855 0.150476 0.0419922 0.072381 0.909668
0 0.170898 0.0466667 0.0410156 0.0742857 0.912598
