0 0.835938 0.0247619 0.0371094 0.0495238 0.253662
0 0.668945 0.87619 0.0410156 0.0380952 0.285156
0 0.621582 0.879048 0.0400391 0.04 0.367432
1 0.932129 0.0533333 0.0830078 0.106667 0.414307
0 0.841309 0.815238 0.0517578 0.0533333 0.460693
0 0.721191 0.818095 0.0341797 0.0361905 0.480469
0 0.981934 0.112381 0.0361328 0.0419048 0.637695
0 0.0864258 0.90381 0.0419922 0.0819048 0.669922
0 0.115234 0.966667 0.0449219 0.0666667 0.75293
0 0.991211 0.168571 0.0175781 0.04 0.755371
0 0.879883 0.0514286 0.046875 0.0876191 0.797852
0 0.789062 0.798095 0.0390625 0.0457143 0.808105
0 0.656738 0.80381 0.0400391 0.0380952 0.825195
0 0.34375 0.809524 0.0351562 0.0342857 0.847168
0 0.259766 0.757143 0.0351562 0.04 0.847168
0 0.828125 0.744762 0.0410156 0.0419048 0.847656
0 0.780273 0.739048 0.0351562 0.0380952 0.848145
0 0.61084 0.751429 0.0380859 0.04 0.848145
0 0.947754 0.194286 0.0439453 0.0495238 0.853027
0 0.697754 0.76381 0.0419922 0.0495238 0.854004
0 0.5625 0.760952 0.046875 0.0514286 0.854004
0 0.986816 0.213333 0.0263672 0.0419048 0.856445
0 0.505859 0.800952 0.0410156 0.0361905 0.859863
0 0.366699 0.751429 0.0380859 0.0361905 0.86084
0 0.928711 0.120952 0.0390625 0.0590476 0.868164
0 0.248047 0.82381 0.0371094 0.047619 0.875977
0 0.898926 0.865714 0.0439453 0.0666667 0.87793
0 0.977051 0.261905 0.0419922 0.0438095 0.883789
0 0.900879 0.150476 0.0400391 0.0685714 0.889648
0 0.878906 0.774286 0.0371094 0.0514286 0.890137
0 0.930176 0.238095 0.0361328 0.0457143 0.890137
0 0.594238 0.808571 0.0498047 0.0438095 0.891113
0 0.863281 0.0828571 0.0429688 0.0819048 0.894531
0 0.158691 0.873333 0.0400391 0.0666667 0.894531
0 0.943359 0.853333 0.0390625 0.0685714 0.895996
0 0.842773 0.112381 0.0410156 0.08 0.896484
0 0.87793 0.178095 0.0390625 0.0666667 0.90332
