0 0.726074 0.735238 0.0498047 0.0495238 0.3396
0 0.174805 0.77619 0.0351562 0.0514286 0.364502
0 0.668945 0.877143 0.0410156 0.04 0.373779
0 0.710449 0.800952 0.0400391 0.0361905 0.394043
0 0.720703 0.819048 0.0351562 0.0342857 0.462891
1 0.932129 0.0552381 0.0869141 0.110476 0.540039
0 0.838379 0.0285714 0.0341797 0.0571429 0.636719
0 0.98584 0.115238 0.0283203 0.04 0.664551
0 0.836426 0.818095 0.0419922 0.0514286 0.755859
0 0.788086 0.799048 0.0410156 0.047619 0.820801
0 0.19873 0.84381 0.0380859 0.0533333 0.82666
0 0.183594 0.797143 0.0371094 0.0552381 0.834473
0 0.494141 0.800952 0.0390625 0.0361905 0.835938
0 0.697266 0.76381 0.0429688 0.0495238 0.837402
0 0.780273 0.739048 0.0351562 0.0380952 0.841797
0 0.561035 0.757143 0.0478516 0.0438095 0.84668
0 0.828125 0.744762 0.0410156 0.0419048 0.849609
0 0.646484 0.80381 0.0410156 0.0380952 0.852539
0 0.575684 0.808571 0.0498047 0.0438095 0.853516
0 0.986328 0.213333 0.0273438 0.0419048 0.855469
0 0.939453 0.133333 0.0390625 0.0533333 0.86084
0 0.294922 0.749524 0.0371094 0.04 0.86084
0 0.61084 0.750476 0.0380859 0.0380952 0.862305
0 0.946777 0.194286 0.0439453 0.0533333 0.864258
0 0.301758 0.811429 0.0371094 0.0380952 0.866699
0 0.976562 0.261905 0.0429688 0.0438095 0.871094
0 0.930176 0.238095 0.0361328 0.0457143 0.875977
0 0.88916 0.0695238 0.0478516 0.0857143 0.876953
0 0.866699 0.0876191 0.0419922 0.0838095 0.882812
0 0.87793 0.178095 0.0390625 0.0666667 0.883789
0 0.87793 0.775238 0.0371094 0.0533333 0.885742
0 0.900879 0.151429 0.0419922 0.0704762 0.885742
0 0.887695 0.855238 0.046875 0.0647619 0.891602
0 0.842773 0.113333 0.0410156 0.0819048 0.898438
0 0.115723 0.919048 0.0400391 0.0704762 0.900391
0 0.918945 0.820952 0.0390625 0.0647619 0.91748
