0 0.668945 0.87619 0.0410156 0.0380952 0.258789
0 0.383301 0.911429 0.0224609 0.0285714 0.330811
0 0.727539 0.737143 0.046875 0.0457143 0.348389
0 0.149902 0.795238 0.0361328 0.0552381 0.35376
1 0.931152 0.0552381 0.0908203 0.110476 0.383789
0 0.991211 0.187619 0.0175781 0.0361905 0.418457
0 0.168945 0.841905 0.0371094 0.0533333 0.448975
0 0.0673828 0.113333 0.0410156 0.047619 0.480225
0 0.621582 0.88 0.0400391 0.0380952 0.504395
0 0.720703 0.81619 0.0351562 0.04 0.546875
0 0.0771484 0.13619 0.0449219 0.0552381 0.616211
0 0.98584 0.115238 0.0263672 0.04 0.619629
0 0.490234 0.801905 0.0390625 0.0342857 0.652832
0 0.839844 0.0285714 0.0351562 0.0571429 0.708496
0 0.269043 0.755238 0.0361328 0.04 0.794434
0 0.160156 0.815238 0.0351562 0.0533333 0.797852
0 0.180664 0.858095 0.0410156 0.0628571 0.814941
0 0.986816 0.213333 0.0263672 0.0419048 0.819336
0 0.788086 0.799048 0.0410156 0.047619 0.82959
0 0.828125 0.744762 0.0410156 0.0419048 0.833984
0 0.779785 0.739048 0.0361328 0.0380952 0.839355
0 0.834473 0.817143 0.0419922 0.0533333 0.840332
0 0.641602 0.801905 0.0410156 0.0380952 0.841309
0 0.561035 0.757143 0.0478516 0.0438095 0.847168
0 0.289062 0.813333 0.0351562 0.0380952 0.853516
0 0.945312 0.137143 0.0410156 0.0533333 0.85791
0 0.946777 0.194286 0.0439453 0.0533333 0.864258
0 0.61084 0.750476 0.0380859 0.0380952 0.864746
0 0.931152 0.238095 0.0341797 0.0457143 0.865723
0 0.976562 0.261905 0.0429688 0.0438095 0.866699
0 0.100586 0.938095 0.0390625 0.0704762 0.869141
0 0.697266 0.76381 0.0429688 0.0495238 0.869629
0 0.901367 0.149524 0.0410156 0.0704762 0.880371
0 0.87793 0.774286 0.0371094 0.0552381 0.883301
0 0.894043 0.0761905 0.0498047 0.0876191 0.884766
0 0.568848 0.808571 0.0498047 0.0438095 0.885742
0 0.87793 0.178095 0.0410156 0.0666667 0.886719
0 0.867188 0.0895238 0.0429688 0.0838095 0.892578
0 0.885742 0.854286 0.0488281 0.0666667 0.896973
0 0.842773 0.113333 0.0410156 0.0819048 0.900879
0 0.915039 0.818095 0.0410156 0.0666667 0.917969
