1 0.929199 0.0561905 0.0986328 0.112381 0.259277
0 0.0800781 0.106667 0.0390625 0.0495238 0.266846
0 0.729004 0.738095 0.0439453 0.0438095 0.313721
0 0.668945 0.877143 0.0410156 0.04 0.342529
0 0.621582 0.88 0.0400391 0.0419048 0.541992
0 0.720703 0.815238 0.0351562 0.0380952 0.594238
0 0.243164 0.766667 0.0410156 0.0514286 0.616211
0 0.165527 0.868571 0.0361328 0.0609524 0.666504
0 0.635254 0.801905 0.0400391 0.0380952 0.682617
0 0.98584 0.115238 0.0263672 0.04 0.697266
0 0.839844 0.0285714 0.0332031 0.0571429 0.702148
0 0.137695 0.83619 0.0332031 0.0571429 0.709961
0 0.0922852 0.129524 0.0439453 0.0609524 0.780762
0 0.274902 0.814286 0.0341797 0.0361905 0.798828
0 0.787598 0.799048 0.0419922 0.047619 0.811523
0 0.486328 0.801905 0.0390625 0.0342857 0.825684
0 0.779785 0.739048 0.0361328 0.0380952 0.828613
0 0.897949 0.0828571 0.0498047 0.0895238 0.834473
0 0.833496 0.819048 0.0419922 0.0533333 0.836914
0 0.0864258 0.961905 0.0400391 0.072381 0.839355
0 0.828125 0.744762 0.0429688 0.0419048 0.843262
0 0.560547 0.758095 0.046875 0.0419048 0.853516
0 0.5625 0.808571 0.0488281 0.0438095 0.85498
0 0.949219 0.141905 0.0390625 0.0514286 0.862793
0 0.946777 0.194286 0.0439453 0.0533333 0.864258
0 0.986328 0.213333 0.0273438 0.0419048 0.865723
0 0.697266 0.76381 0.0410156 0.0495238 0.866211
0 0.930176 0.238095 0.0341797 0.0457143 0.866699
0 0.61084 0.749524 0.0380859 0.0361905 0.871094
0 0.976562 0.261905 0.0429688 0.04 0.875488
0 0.900879 0.149524 0.0419922 0.0704762 0.878906
0 0.87793 0.774286 0.0371094 0.0514286 0.88623
0 0.866699 0.0904762 0.0419922 0.0857143 0.893066
0 0.885742 0.854286 0.0488281 0.0628571 0.89502
0 0.87793 0.179048 0.0410156 0.0685714 0.901367
0 0.914062 0.817143 0.0410156 0.0647619 0.902832
0 0.842773 0.113333 0.0410156 0.0819048 0.904297
