0 0.722168 0.82 0.0341797 0.0361905 0.282715
0 0.046875 0.955238 0.0527344 0.0857143 0.418213
0 0.668945 0.87619 0.0410156 0.0380952 0.473389
0 0.621582 0.879048 0.0400391 0.04 0.477295
0 0.996094 0.169524 0.0078125 0.0457143 0.500977
0 0.984863 0.114286 0.0283203 0.0419048 0.519531
1 0.932617 0.0542857 0.0859375 0.108571 0.543945
0 0.837402 0.027619 0.0361328 0.0552381 0.55957
0 0.836426 0.818095 0.0419922 0.0514286 0.731934
0 0.697754 0.76381 0.0419922 0.0533333 0.733398
0 0.788086 0.799048 0.0410156 0.047619 0.775391
0 0.561523 0.757143 0.046875 0.04 0.799805
0 0.780273 0.739048 0.0351562 0.0380952 0.800293
0 0.319824 0.749524 0.0380859 0.0361905 0.810059
0 0.499023 0.800952 0.0390625 0.0361905 0.836914
0 0.209961 0.777143 0.0351562 0.0457143 0.837402
0 0.649902 0.802857 0.0419922 0.04 0.841797
0 0.828125 0.744762 0.0410156 0.0419048 0.849609
0 0.61084 0.750476 0.0380859 0.0380952 0.851074
0 0.885742 0.0638095 0.0488281 0.0895238 0.854492
0 0.317871 0.810476 0.0361328 0.032381 0.860352
0 0.931152 0.239048 0.0341797 0.047619 0.86084
0 0.986816 0.213333 0.0263672 0.0419048 0.861816
0 0.947754 0.194286 0.0439453 0.0533333 0.863281
0 0.936523 0.128571 0.0410156 0.0590476 0.87207
0 0.977051 0.261905 0.0419922 0.0438095 0.874512
0 0.865723 0.0857143 0.0419922 0.0838095 0.874512
0 0.900879 0.149524 0.0419922 0.0704762 0.881836
0 0.889648 0.856191 0.046875 0.0628571 0.882812
0 0.878906 0.774286 0.0371094 0.0514286 0.887207
0 0.87793 0.178095 0.0390625 0.0666667 0.889648
0 0.129883 0.901905 0.0390625 0.0666667 0.89209
0 0.58252 0.807619 0.0498047 0.0419048 0.893066
0 0.217285 0.834286 0.0361328 0.0495238 0.896484
0 0.84375 0.113333 0.0410156 0.0819048 0.902344
0 0.924805 0.829524 0.0410156 0.0628571 0.904785
