0 0.986328 0.114286 0.0273438 0.0419048 0.330811
0 0.80957 0.0247619 0.03125 0.0495238 0.371582
0 0.621582 0.88 0.0400391 0.0419048 0.417236
0 0.728027 0.737143 0.0458984 0.0457143 0.418457
0 0.0703125 0.974286 0.0410156 0.0514286 0.516602
0 0.720703 0.815238 0.0351562 0.0380952 0.563965
0 0.21875 0.777143 0.0371094 0.0533333 0.666504
0 0.84082 0.0285714 0.0332031 0.0571429 0.719727
0 0.629883 0.800952 0.0410156 0.0361905 0.792969
0 0.115723 0.859048 0.0322266 0.0571429 0.805176
0 0.480957 0.800952 0.0380859 0.0361905 0.815918
0 0.788086 0.798095 0.0410156 0.0457143 0.817383
0 0.780762 0.739048 0.0361328 0.0380952 0.82373
0 0.26123 0.815238 0.0361328 0.0419048 0.833984
0 0.829102 0.744762 0.0410156 0.0419048 0.835938
0 0.83252 0.819048 0.0419922 0.0533333 0.838379
0 0.560547 0.757143 0.0488281 0.0438095 0.850586
0 0.697754 0.76381 0.0419922 0.0495238 0.854004
0 0.61084 0.750476 0.0380859 0.0380952 0.86377
0 0.955078 0.144762 0.0390625 0.0533333 0.86377
0 0.986328 0.213333 0.0273438 0.0419048 0.866699
0 0.148438 0.884762 0.0371094 0.0628571 0.874512
0 0.931152 0.238095 0.0341797 0.0457143 0.874512
0 0.976562 0.260952 0.0429688 0.0419048 0.878418
0 0.87793 0.774286 0.0371094 0.0514286 0.879883
0 0.901367 0.0904762 0.0488281 0.0819048 0.881348
0 0.901367 0.150476 0.0410156 0.0685714 0.883789
0 0.947754 0.194286 0.0439453 0.0533333 0.88623
0 0.87793 0.177143 0.0410156 0.0685714 0.887695
0 0.556152 0.809524 0.0498047 0.0419048 0.889648
0 0.914062 0.817143 0.0410156 0.0647619 0.892578
0 0.886719 0.854286 0.046875 0.0666667 0.896973
0 0.866699 0.0895238 0.0419922 0.0838095 0.901367
0 0.842773 0.113333 0.0410156 0.0819048 0.902832
