1 0.932129 0.0533333 0.0849609 0.106667 0.35791
0 0.668945 0.87619 0.0410156 0.0380952 0.42041
0 0.721191 0.813333 0.0361328 0.0419048 0.435547
0 0.727051 0.737143 0.0458984 0.0457143 0.456787
0 0.979492 0.111429 0.0371094 0.047619 0.458252
0 0.621582 0.879048 0.0400391 0.04 0.587402
0 0.858398 0.828571 0.046875 0.0571429 0.713379
0 0.780762 0.741905 0.0380859 0.0438095 0.76709
0 0.786133 0.8 0.0449219 0.0495238 0.774414
0 0.875977 0.0447619 0.046875 0.0857143 0.819336
0 0.829102 0.744762 0.0410156 0.0419048 0.831543
0 0.122559 0.847619 0.0400391 0.0685714 0.831543
0 0.310547 0.752381 0.0332031 0.0342857 0.834961
0 0.986816 0.167619 0.0263672 0.0380952 0.839355
0 0.514648 0.798095 0.0390625 0.0380952 0.840332
0 0.61084 0.750476 0.0380859 0.0380952 0.842285
0 0.1875 0.849524 0.0390625 0.0609524 0.843262
0 0.561035 0.76 0.0478516 0.0495238 0.850586
0 0.410645 0.750476 0.0380859 0.0342857 0.853516
0 0.369629 0.810476 0.0341797 0.032381 0.864258
0 0.697266 0.76381 0.0429688 0.0495238 0.865234
0 0.977051 0.261905 0.0419922 0.0438095 0.865723
0 0.920898 0.113333 0.0410156 0.0590476 0.867188
0 0.661621 0.801905 0.0419922 0.0419048 0.868652
0 0.899902 0.147619 0.0400391 0.0666667 0.869141
0 0.931152 0.238095 0.0341797 0.0457143 0.870117
0 0.986816 0.212381 0.0263672 0.04 0.872559
0 0.281738 0.815238 0.0341797 0.0380952 0.875977
0 0.947754 0.194286 0.0439453 0.0533333 0.878418
0 0.602539 0.807619 0.0507812 0.0457143 0.882812
0 0.886719 0.782857 0.0371094 0.0495238 0.883301
0 0.838379 0.101905 0.0400391 0.0819048 0.90625
0 0.86084 0.0771429 0.0419922 0.0819048 0.907715
0 0.87793 0.178095 0.0390625 0.0666667 0.911133
0 0.146973 0.932381 0.0439453 0.0704762 0.915527
0 0.966797 0.893333 0.0390625 0.072381 0.91748
0 0.916992 0.881905 0.0449219 0.0685714 0.928711
