0 0.0688477 0.0847619 0.0380859 0.04 0.276367
0 0.866211 0.0695238 0.0234375 0.0438095 0.310547
0 0.919434 0.08 0.0322266 0.0495238 0.348389
0 0.0761719 0.975238 0.0410156 0.0495238 0.358887
0 0.66748 0.80381 0.0419922 0.0380952 0.431885
0 0.621582 0.879048 0.0400391 0.04 0.451172
0 0.73877 0.74 0.0341797 0.04 0.470459
0 0.668945 0.87619 0.0410156 0.0380952 0.508301
0 0.721191 0.81619 0.0361328 0.04 0.513184
0 0.805664 0.0257143 0.03125 0.0514286 0.654297
0 0.0800781 0.906667 0.0390625 0.0685714 0.676758
0 0.176758 0.80381 0.0371094 0.0571429 0.729004
0 0.834961 0.0257143 0.0292969 0.0514286 0.763184
0 0.14502 0.904762 0.0419922 0.072381 0.765625
0 0.499023 0.748571 0.0371094 0.0342857 0.79541
0 0.535645 0.801905 0.0380859 0.0342857 0.819336
0 0.834961 0.817143 0.0371094 0.0495238 0.820312
0 0.61084 0.751429 0.0380859 0.0361905 0.82373
0 0.697266 0.76381 0.0429688 0.0533333 0.834961
0 0.957031 0.153333 0.0429688 0.0514286 0.834961
0 0.782227 0.739048 0.0351562 0.0380952 0.847168
0 0.870605 0.76 0.0419922 0.0495238 0.849609
0 0.899414 0.208571 0.0371094 0.0552381 0.851562
0 0.939453 0.9 0.0390625 0.0666667 0.852539
0 0.60791 0.808571 0.0498047 0.047619 0.853027
0 0.268066 0.751429 0.0361328 0.04 0.857422
0 0.971191 0.26 0.0419922 0.0438095 0.85791
0 0.427734 0.747619 0.0332031 0.032381 0.862305
0 0.561035 0.75619 0.0478516 0.0419048 0.865723
0 0.986328 0.212381 0.0273438 0.04 0.867676
0 0.445312 0.810476 0.0351562 0.032381 0.87207
0 0.0800781 0.108571 0.0410156 0.0495238 0.873535
0 0.270996 0.869524 0.0400391 0.04 0.875
0 0.372559 0.811429 0.0341797 0.0380952 0.876953
0 0.910156 0.0971429 0.0390625 0.0647619 0.878418
0 0.849609 0.133333 0.0390625 0.072381 0.879395
0 0.292969 0.805714 0.0371094 0.0419048 0.880371
0 0.968262 0.88381 0.0341797 0.0609524 0.886719
0 0.938965 0.189524 0.0439453 0.0590476 0.88916
0 0.885254 0.126667 0.0400391 0.0742857 0.89502
0 0.121582 0.0457143 0.0380859 0.0647619 0.905762
