0 0.203125 0.773333 0.0390625 0.0533333 0.259033
0 0.729492 0.739048 0.0449219 0.0457143 0.325684
0 0.72168 0.817143 0.0371094 0.0419048 0.377197
0 0.097168 0.962857 0.0419922 0.0742857 0.397461
0 0.668945 0.87619 0.0410156 0.0380952 0.546387
0 0.62207 0.879048 0.0410156 0.04 0.547852
0 0.869141 0.0371429 0.046875 0.0742857 0.608887
0 0.210449 0.887619 0.0439453 0.0609524 0.69873
0 0.526367 0.799048 0.0410156 0.032381 0.716309
0 0.913086 0.100952 0.0410156 0.0647619 0.77832
0 0.112793 0.869524 0.0361328 0.0628571 0.784668
0 0.802734 0.80381 0.0390625 0.0457143 0.785156
0 0.897949 0.849524 0.0498047 0.072381 0.788086
0 0.664062 0.802857 0.0429688 0.0438095 0.806641
0 0.607422 0.808571 0.0507812 0.047619 0.821777
0 0.611328 0.752381 0.0390625 0.0380952 0.822754
0 0.986328 0.213333 0.0273438 0.0419048 0.831543
0 0.780273 0.74 0.0351562 0.04 0.833008
0 0.247559 0.81619 0.0400391 0.0514286 0.835938
0 0.475586 0.750476 0.0371094 0.0342857 0.838867
0 0.337402 0.812381 0.0341797 0.0361905 0.840332
0 0.141602 0.0266667 0.0371094 0.0533333 0.850586
0 0.838379 0.747619 0.0419922 0.0438095 0.853516
0 0.414551 0.812381 0.0341797 0.032381 0.85498
0 0.96875 0.16 0.0410156 0.0419048 0.856934
0 0.388672 0.747619 0.0332031 0.032381 0.858398
0 0.697754 0.764762 0.0419922 0.0514286 0.859863
0 0.946777 0.194286 0.0439453 0.0533333 0.86084
0 0.561035 0.757143 0.0478516 0.04 0.865723
0 0.918457 0.228571 0.0361328 0.0495238 0.868652
0 0.976562 0.262857 0.0429688 0.0419048 0.872559
0 0.929199 0.824762 0.0361328 0.0571429 0.87793
0 0.894531 0.140952 0.0410156 0.0685714 0.891113
0 0.121582 0.0828571 0.0439453 0.0666667 0.895508
0 0.870117 0.167619 0.0390625 0.0685714 0.895996
0 0.818848 0.0542857 0.0380859 0.0819048 0.915039
0 0.850098 0.0533333 0.0419922 0.0838095 0.919922
0 0.967285 0.95619 0.0458984 0.0761905 0.923828
