0 0.131836 0.84 0.0390625 0.0761905 0.279541
0 0.0981445 0.072381 0.0380859 0.0571429 0.433838
0 0.734375 0.740952 0.0351562 0.0380952 0.453125
0 0.62207 0.88 0.0410156 0.0380952 0.477539
0 0.721191 0.815238 0.0361328 0.0419048 0.503418
0 0.668945 0.87619 0.0410156 0.0380952 0.552246
0 0.876953 0.0857143 0.0234375 0.0419048 0.594727
0 0.229492 0.878095 0.0410156 0.0495238 0.685547
0 0.112305 0.945714 0.0429688 0.0819048 0.693848
0 0.911621 0.1 0.0400391 0.0666667 0.787598
0 0.109375 0.0933333 0.0429688 0.0609524 0.79248
0 0.666016 0.802857 0.0429688 0.04 0.796875
0 0.962891 0.158095 0.0390625 0.0419048 0.805176
0 0.608398 0.808571 0.0507812 0.0514286 0.817871
0 0.61084 0.751429 0.0380859 0.0361905 0.822754
0 0.48584 0.748571 0.0380859 0.0342857 0.833984
0 0.697266 0.764762 0.0429688 0.0514286 0.836914
0 0.8125 0.807619 0.0390625 0.0457143 0.841797
0 0.529297 0.801905 0.0410156 0.0342857 0.843262
0 0.986328 0.213333 0.0273438 0.0419048 0.84668
0 0.780273 0.739048 0.0351562 0.0380952 0.847168
0 0.912109 0.864762 0.0390625 0.0609524 0.852539
0 0.979492 0.969524 0.0410156 0.0609524 0.852539
0 0.945801 0.194286 0.0439453 0.0533333 0.858398
0 0.40332 0.747619 0.0332031 0.032381 0.864258
0 0.425781 0.811429 0.0332031 0.0342857 0.868164
0 0.561035 0.757143 0.0478516 0.04 0.868164
0 0.350098 0.811429 0.0341797 0.0342857 0.870605
0 0.913574 0.22381 0.0361328 0.0514286 0.873047
0 0.813965 0.0409524 0.0380859 0.0819048 0.877441
0 0.847656 0.750476 0.0429688 0.0457143 0.878418
0 0.225098 0.76381 0.0380859 0.0495238 0.880859
0 0.134766 0.0314286 0.0390625 0.0628571 0.886719
0 0.26416 0.811429 0.0380859 0.0457143 0.887695
0 0.89209 0.137143 0.0400391 0.072381 0.888672
0 0.941895 0.84381 0.0341797 0.0609524 0.890137
0 0.864258 0.159048 0.0390625 0.0704762 0.891113
0 0.976562 0.262857 0.0429688 0.0419048 0.893555
0 0.844727 0.0428571 0.0410156 0.0857143 0.904785
