0 0.979492 0.112381 0.0390625 0.0495238 0.304932
0 0.0532227 0.0895238 0.0498047 0.0419048 0.377197
0 0.665527 0.80381 0.0361328 0.0342857 0.395752
0 0.720703 0.815238 0.0351562 0.0380952 0.497803
0 0.160156 0.884762 0.0390625 0.0704762 0.577148
0 0.62207 0.879048 0.0410156 0.04 0.591797
0 0.668945 0.878095 0.0410156 0.0380952 0.599121
0 0.199707 0.790476 0.0380859 0.0533333 0.618164
0 0.503906 0.747619 0.0371094 0.0361905 0.786133
0 0.538574 0.800952 0.0380859 0.032381 0.79248
0 0.785156 0.739048 0.0351562 0.0380952 0.794434
0 0.0634766 0.110476 0.0410156 0.0419048 0.823242
0 0.61084 0.751429 0.0380859 0.0361905 0.827148
0 0.964844 0.258095 0.0429688 0.047619 0.831543
0 0.0917969 0.96381 0.0390625 0.0685714 0.833984
0 0.437012 0.745714 0.0322266 0.032381 0.834961
0 0.697754 0.76381 0.0419922 0.0533333 0.836914
0 0.845703 0.824762 0.0390625 0.0571429 0.838379
0 0.954102 0.151429 0.0410156 0.0514286 0.84668
0 0.0986328 0.877143 0.0371094 0.0628571 0.850586
0 0.453125 0.809524 0.0351562 0.0342857 0.855469
0 0.60791 0.807619 0.0498047 0.0495238 0.856445
0 0.288574 0.750476 0.0361328 0.0380952 0.856445
0 0.305664 0.80381 0.0371094 0.0419048 0.857422
0 0.953125 0.918095 0.0429688 0.0761905 0.85791
0 0.89209 0.199048 0.0361328 0.0552381 0.858398
0 0.985352 0.212381 0.0292969 0.0438095 0.860352
0 0.560547 0.757143 0.046875 0.04 0.862793
0 0.293457 0.867619 0.0380859 0.0361905 0.865723
0 0.881836 0.766667 0.0449219 0.0552381 0.867676
0 0.115234 0.0552381 0.0390625 0.0647619 0.874512
0 0.382324 0.810476 0.0341797 0.0361905 0.880371
0 0.907715 0.0942857 0.0400391 0.0666667 0.883789
0 0.933105 0.184762 0.0439453 0.0571429 0.884277
0 0.979004 0.902857 0.0361328 0.0647619 0.885742
0 0.880371 0.119048 0.0400391 0.0742857 0.89502
0 0.841309 0.119048 0.0380859 0.0742857 0.927734
