0 0.0917969 0.9 0.0371094 0.0666667 0.395752
0 0.73291 0.741905 0.0380859 0.04 0.406982
0 0.994141 0.959048 0.0117188 0.0666667 0.483643
0 0.135254 0.072381 0.0439453 0.0685714 0.509277
0 0.668945 0.877143 0.0410156 0.04 0.57373
0 0.882812 0.84 0.0527344 0.0647619 0.685547
0 0.72168 0.818095 0.0371094 0.04 0.6875
0 0.979492 0.112381 0.0390625 0.0419048 0.724609
0 0.181641 0.788571 0.0390625 0.0609524 0.744141
0 0.621582 0.879048 0.0400391 0.04 0.768066
0 0.833496 0.745714 0.0439453 0.047619 0.768555
0 0.871094 0.04 0.046875 0.08 0.797852
0 0.522461 0.799048 0.0410156 0.04 0.806152
0 0.914062 0.101905 0.0390625 0.0628571 0.807617
0 0.925293 0.232381 0.0361328 0.0495238 0.814941
0 0.664062 0.802857 0.0429688 0.04 0.817383
0 0.611328 0.751429 0.0390625 0.04 0.82373
0 0.195312 0.893333 0.0449219 0.0609524 0.835938
0 0.462402 0.750476 0.0380859 0.0342857 0.838379
0 0.780762 0.74 0.0361328 0.04 0.840332
0 0.797852 0.802857 0.0390625 0.0438095 0.841797
0 0.37207 0.748571 0.0332031 0.0342857 0.847168
0 0.946777 0.194286 0.0439453 0.0533333 0.848633
0 0.986328 0.213333 0.0273438 0.0419048 0.853516
0 0.916504 0.809524 0.0361328 0.0571429 0.855469
0 0.697754 0.764762 0.0419922 0.0514286 0.85791
0 0.560547 0.757143 0.046875 0.04 0.859375
0 0.974609 0.161905 0.0390625 0.0419048 0.861328
0 0.607422 0.806667 0.0507812 0.047619 0.861816
0 0.325195 0.812381 0.0332031 0.0361905 0.862305
0 0.403809 0.811429 0.0341797 0.0342857 0.866211
0 0.977051 0.262857 0.0419922 0.0419048 0.87793
0 0.875 0.174286 0.0390625 0.0666667 0.884277
0 0.895508 0.140952 0.0410156 0.0685714 0.886719
0 0.854004 0.0638095 0.0419922 0.0857143 0.904297
0 0.954102 0.934286 0.0449219 0.0780952 0.911133
0 0.823242 0.067619 0.0410156 0.0857143 0.912598
0 0.23291 0.822857 0.0380859 0.0533333 0.921875
