0 0.665527 0.777143 0.0322266 0.0304762 0.352051
0 0.724121 0.81619 0.0322266 0.04 0.4375
0 0.668945 0.87619 0.0410156 0.0380952 0.463379
0 0.173828 0.0285714 0.0351562 0.0571429 0.469971
0 0.980469 0.96381 0.0390625 0.072381 0.696777
0 0.66748 0.804762 0.0380859 0.0361905 0.722656
0 0.621582 0.879048 0.0400391 0.04 0.736816
0 0.194824 0.857143 0.0380859 0.0571429 0.738281
0 0.952148 0.150476 0.0410156 0.0571429 0.744141
0 0.507812 0.747619 0.0390625 0.0361905 0.74707
0 0.745605 0.74 0.0322266 0.0361905 0.764648
0 0.98291 0.210476 0.0341797 0.0438095 0.774902
0 0.949219 0.251429 0.0429688 0.0533333 0.783691
0 0.543945 0.801905 0.0390625 0.0342857 0.790039
0 0.917969 0.172381 0.0429688 0.0628571 0.793945
0 0.135254 0.82381 0.0419922 0.0742857 0.800293
0 0.186523 0.0409524 0.0351562 0.0704762 0.823242
0 0.87207 0.840952 0.0371094 0.0552381 0.828613
0 0.0991211 0.0714286 0.0361328 0.0590476 0.838379
0 0.243164 0.772381 0.0371094 0.0438095 0.845703
0 0.120605 0.925714 0.0400391 0.0685714 0.84668
0 0.34082 0.864762 0.0410156 0.0380952 0.84668
0 0.611328 0.750476 0.0390625 0.0380952 0.84668
0 0.450195 0.744762 0.0332031 0.0342857 0.853027
0 0.0292969 0.115238 0.0390625 0.04 0.853027
0 0.560547 0.75619 0.046875 0.0419048 0.861816
0 0.90918 0.786667 0.0449219 0.0647619 0.869141
0 0.898438 0.08 0.0390625 0.0685714 0.870605
0 0.46875 0.810476 0.0351562 0.032381 0.870605
0 0.875 0.17619 0.0351562 0.0590476 0.871094
0 0.60791 0.808571 0.0517578 0.0514286 0.87207
0 0.796875 0.739048 0.0371094 0.0380952 0.872559
0 0.700684 0.762857 0.0419922 0.0514286 0.874512
0 0.327148 0.749524 0.0351562 0.0361905 0.876953
0 0.398926 0.810476 0.0341797 0.0361905 0.885254
0 0.868164 0.0952381 0.0390625 0.072381 0.894531
0 0.330078 0.8 0.0371094 0.0380952 0.897461
0 0.828125 0.0866667 0.0351562 0.0780952 0.908203
