1 0.931641 0.0514286 0.078125 0.102857 0.279297
0 0.720215 0.881905 0.0439453 0.0457143 0.327637
0 0.0966797 0.0828571 0.0390625 0.0590476 0.375488
0 0.990234 0.908571 0.0195312 0.0761905 0.456543
0 0.990723 0.225714 0.0185547 0.04 0.530762
0 0.861328 0.0238095 0.03125 0.047619 0.54834
0 0.801758 0.741905 0.0332031 0.0361905 0.625488
0 0.507812 0.748571 0.0351562 0.0342857 0.638184
0 0.0620117 0.148571 0.0341797 0.0380952 0.656738
0 0.0703125 0.172381 0.0351562 0.04 0.668945
0 0.668945 0.87619 0.0410156 0.0380952 0.690918
0 0.556641 0.801905 0.0390625 0.0342857 0.729004
0 0.250488 0.747619 0.0400391 0.0438095 0.733398
0 0.686035 0.80381 0.0419922 0.0380952 0.763672
0 0.621582 0.879048 0.0400391 0.04 0.764648
0 0.404297 0.745714 0.0371094 0.0361905 0.798828
0 0.338867 0.75619 0.0371094 0.0380952 0.832031
0 0.297363 0.817143 0.0380859 0.0419048 0.833984
0 0.561523 0.757143 0.046875 0.04 0.845215
0 0.611328 0.750476 0.0390625 0.0380952 0.852539
0 0.873535 0.771429 0.0361328 0.0495238 0.858398
0 0.899414 0.209524 0.0449219 0.0685714 0.859375
0 0.465332 0.74381 0.0322266 0.032381 0.859863
0 0.615723 0.807619 0.0517578 0.0495238 0.860352
0 0.498047 0.809524 0.0351562 0.0342857 0.86084
0 0.431152 0.809524 0.0341797 0.0342857 0.86377
0 0.479004 0.86 0.0400391 0.0361905 0.867676
0 0.0205078 0.12 0.0351562 0.0380952 0.869141
0 0.831543 0.0933333 0.0361328 0.072381 0.869629
0 0.210449 0.840952 0.0380859 0.0552381 0.874023
0 0.378906 0.8 0.0371094 0.0380952 0.880371
0 0.924805 0.122857 0.0410156 0.0590476 0.88623
0 0.73584 0.748571 0.0419922 0.0495238 0.89502
0 0.862793 0.0914286 0.0419922 0.08 0.896484
0 0.94873 0.190476 0.0419922 0.0533333 0.897949
0 0.180664 0.0428571 0.0371094 0.0742857 0.900879
0 0.0869141 0.907619 0.0429688 0.0742857 0.908203
0 0.147949 0.900952 0.0400391 0.0647619 0.909668
0 0.947754 0.929524 0.0361328 0.0609524 0.916016
