0 0.744629 0.82 0.0341797 0.04 0.287598
0 0.980469 0.11619 0.0390625 0.0533333 0.339355
1 0.93457 0.0542857 0.078125 0.108571 0.365234
0 0.676758 0.775238 0.0292969 0.0266667 0.383057
0 0.133789 0.113333 0.0371094 0.0628571 0.474365
0 0.668945 0.87619 0.0410156 0.0380952 0.529785
0 0.621582 0.879048 0.0400391 0.04 0.57959
0 0.128906 0.052381 0.0390625 0.0666667 0.676758
0 0.672852 0.805714 0.0410156 0.0342857 0.767578
0 0.550781 0.801905 0.0390625 0.0342857 0.775391
0 0.195801 0.774286 0.0419922 0.0552381 0.785156
0 0.710449 0.758095 0.0419922 0.0533333 0.814941
0 0.374023 0.746667 0.0371094 0.0380952 0.819336
0 0.94043 0.141905 0.0410156 0.0552381 0.82666
0 0.880859 0.052381 0.0390625 0.0742857 0.827637
0 0.508301 0.748571 0.0361328 0.0342857 0.82959
0 0.298828 0.76 0.0371094 0.0342857 0.841797
0 0.61084 0.751429 0.0380859 0.0361905 0.842285
0 0.165039 0.875238 0.0410156 0.0666667 0.843262
0 0.462891 0.744762 0.0332031 0.0342857 0.851562
0 0.561523 0.75619 0.046875 0.0419048 0.855469
0 0.419434 0.809524 0.0341797 0.0342857 0.856445
0 0.95166 0.834286 0.0458984 0.0761905 0.856934
0 0.246582 0.831429 0.0419922 0.0552381 0.858398
0 0.0664062 0.0961905 0.0351562 0.0438095 0.858887
0 0.969238 0.202857 0.0419922 0.047619 0.861328
0 0.92334 0.234286 0.0439453 0.0571429 0.86377
0 0.486328 0.809524 0.0351562 0.0342857 0.865723
0 0.359375 0.8 0.0390625 0.0380952 0.870117
0 0.413086 0.861905 0.0410156 0.0361905 0.871094
0 0.851074 0.13619 0.0361328 0.0666667 0.872559
0 0.608398 0.807619 0.0507812 0.0495238 0.879883
0 0.810059 0.0361905 0.0341797 0.072381 0.881348
0 0.10791 0.953333 0.0419922 0.0704762 0.885742
0 0.88916 0.137143 0.0439453 0.08 0.89502
0 0.831055 0.748571 0.0371094 0.0457143 0.895508
0 0.908691 0.880952 0.0380859 0.0590476 0.913086
0 0.845703 0.0504762 0.0390625 0.0780952 0.914551
