0 0.759766 0.739048 0.0332031 0.0380952 0.273438
0 0.00732422 0.114286 0.0146484 0.0419048 0.366455
0 0.668945 0.87619 0.0410156 0.0380952 0.424561
0 0.621582 0.879048 0.0400391 0.04 0.477783
0 0.67041 0.805714 0.0400391 0.0342857 0.632812
0 0.150391 0.890476 0.0390625 0.0666667 0.700195
0 0.142578 0.0704762 0.0371094 0.0609524 0.722656
0 0.282227 0.762857 0.0351562 0.0361905 0.782715
0 0.09375 0.968571 0.0390625 0.0628571 0.783691
0 0.137207 0.04 0.0380859 0.0685714 0.798828
0 0.154297 0.0933333 0.0371094 0.0647619 0.803711
0 0.507324 0.746667 0.0380859 0.0380952 0.807617
0 0.706543 0.76 0.0419922 0.0533333 0.814941
0 0.36084 0.747619 0.0361328 0.0361905 0.827148
0 0.975586 0.206667 0.0410156 0.0438095 0.828613
0 0.61084 0.751429 0.0380859 0.0361905 0.828613
0 0.230957 0.837143 0.0361328 0.0514286 0.829102
0 0.946777 0.144762 0.0400391 0.0533333 0.838867
0 0.548828 0.801905 0.0390625 0.0342857 0.842285
0 0.886719 0.0628571 0.0390625 0.072381 0.84668
0 0.413086 0.809524 0.0332031 0.0342857 0.855469
0 0.561523 0.75619 0.046875 0.0419048 0.855957
0 0.480469 0.809524 0.0351562 0.0342857 0.857422
0 0.390137 0.862857 0.0400391 0.0380952 0.861816
0 0.608398 0.808571 0.0507812 0.047619 0.861816
0 0.817871 0.74381 0.0361328 0.0438095 0.861816
0 0.933105 0.24 0.0439453 0.0571429 0.864746
0 0.897461 0.867619 0.0371094 0.0552381 0.868164
0 0.350586 0.800952 0.0371094 0.0361905 0.870117
0 0.458984 0.744762 0.0351562 0.0342857 0.872559
0 0.936523 0.815238 0.0449219 0.0685714 0.878418
0 0.0786133 0.0914286 0.0380859 0.0533333 0.888184
0 0.858398 0.150476 0.0371094 0.0647619 0.894043
0 0.853516 0.0657143 0.0390625 0.0780952 0.896484
0 0.899414 0.151429 0.0449219 0.0742857 0.913574
0 0.816406 0.052381 0.0351562 0.0780952 0.935547
