0 0.805176 0.027619 0.0322266 0.0552381 0.476318
0 0.043457 0.0838095 0.0380859 0.0380952 0.552246
0 0.112793 0.13619 0.0380859 0.0628571 0.567383
0 0.668945 0.87619 0.0410156 0.0380952 0.580566
0 0.507812 0.747619 0.0371094 0.0361905 0.652832
0 0.779785 0.74 0.0322266 0.032381 0.727539
0 0.717285 0.755238 0.0400391 0.0514286 0.741211
0 0.62207 0.879048 0.0410156 0.04 0.741211
0 0.164551 0.840952 0.0380859 0.0590476 0.753418
0 0.675781 0.804762 0.0429688 0.04 0.767578
0 0.046875 0.959048 0.0488281 0.0819048 0.779297
0 0.935059 0.135238 0.0400391 0.0571429 0.791992
0 0.119141 0.0609524 0.0410156 0.0685714 0.803711
0 0.553223 0.801905 0.0400391 0.0342857 0.810059
0 0.875 0.04 0.0351562 0.0685714 0.811035
0 0.844727 0.755238 0.0371094 0.047619 0.814941
0 0.214844 0.762857 0.0410156 0.047619 0.827637
0 0.490234 0.809524 0.0351562 0.0342857 0.833008
0 0.0551758 0.104762 0.0419922 0.0495238 0.835449
0 0.314453 0.759048 0.0351562 0.0361905 0.841797
0 0.265625 0.824762 0.0390625 0.0495238 0.845215
0 0.61084 0.750476 0.0380859 0.0380952 0.845215
0 0.179688 0.86381 0.0390625 0.0628571 0.850098
0 0.385742 0.746667 0.0371094 0.0380952 0.850586
0 0.560547 0.75619 0.046875 0.0419048 0.864258
0 0.84375 0.121905 0.0351562 0.0685714 0.864746
0 0.435547 0.862857 0.0390625 0.0380952 0.865723
0 0.464355 0.74381 0.0322266 0.032381 0.866211
0 0.423828 0.809524 0.0332031 0.0342857 0.87207
0 0.962402 0.2 0.0419922 0.0495238 0.874023
0 0.610352 0.807619 0.0507812 0.0495238 0.876465
0 0.839844 0.0361905 0.0371094 0.072381 0.878418
0 0.915527 0.225714 0.0458984 0.0628571 0.880371
0 0.367676 0.8 0.0361328 0.0380952 0.887207
0 0.879395 0.121905 0.0439453 0.0838095 0.88916
0 0.921875 0.894286 0.0371094 0.0590476 0.89502
0 0.120117 0.93619 0.0410156 0.0704762 0.902344
0 0.968262 0.858095 0.0439453 0.0742857 0.904785
