0 0.996094 0.164762 0.0078125 0.0438095 0.280762
0 0.0361328 0.975238 0.0410156 0.0495238 0.308594
0 0.930664 0.0504762 0.078125 0.100952 0.322021
0 0.0595703 0.0771429 0.0371094 0.04 0.337891
1 0.930664 0.0504762 0.078125 0.100952 0.372559
0 0.699219 0.799048 0.0429688 0.04 0.445312
0 0.0219727 0.187619 0.0380859 0.04 0.519043
0 0.83252 0.751429 0.0341797 0.04 0.540527
0 0.62207 0.879048 0.0410156 0.04 0.620605
0 0.668945 0.87619 0.0410156 0.0380952 0.63916
0 0.0678711 0.100952 0.0380859 0.0457143 0.70752
0 0.508789 0.748571 0.0371094 0.0342857 0.773926
0 0.5625 0.757143 0.046875 0.04 0.797363
0 0.55957 0.801905 0.0390625 0.0342857 0.797852
0 0.323242 0.814286 0.0390625 0.04 0.803711
0 0.98291 0.221905 0.0341797 0.0438095 0.809082
0 0.626465 0.807619 0.0517578 0.0533333 0.817871
0 0.357422 0.753333 0.0351562 0.0361905 0.819336
0 0.612305 0.750476 0.0371094 0.0380952 0.826172
0 0.419434 0.746667 0.0361328 0.0342857 0.828613
0 0.50293 0.809524 0.0351562 0.0342857 0.845215
0 0.148438 0.0352381 0.0429688 0.0704762 0.851562
0 0.282227 0.745714 0.0390625 0.04 0.853027
0 0.518555 0.857143 0.0410156 0.0380952 0.860352
0 0.17627 0.873333 0.0419922 0.0666667 0.862305
0 0.974609 0.969524 0.0390625 0.0609524 0.862793
0 0.437988 0.809524 0.0341797 0.0342857 0.865234
0 0.465332 0.744762 0.0322266 0.0342857 0.866211
0 0.100098 0.94381 0.0419922 0.0780952 0.869141
0 0.385742 0.8 0.0371094 0.0380952 0.873047
0 0.883789 0.190476 0.0449219 0.072381 0.875488
0 0.23877 0.825714 0.0380859 0.0514286 0.878418
0 0.849121 0.0628571 0.0400391 0.0838095 0.880371
0 0.901367 0.795238 0.0390625 0.0590476 0.881836
0 0.822754 0.0695238 0.0341797 0.0742857 0.884277
0 0.933105 0.177143 0.0419922 0.0609524 0.888184
0 0.912598 0.108571 0.0400391 0.0647619 0.894043
0 0.125488 0.856191 0.0419922 0.0704762 0.894531
0 0.152832 0.0885714 0.0400391 0.0704762 0.900391
